local TAS_LIBRARY = {}

function TAS_LIBRARY.getTAS(mapName)
    local tasData = nil
        if mapName == "lobby_test_v2" then
        tasData = {
            {type="keyframe",time=0.003123,cframe=CFrame.new(-10.927388,-144.444977,47.340069,0.806500,0.000000,-0.591234,-0.000000,1.000000,-0.000000,0.591234,0.000000,0.806500),velocity=Vector3.new(0.000000, 0.001248, -0.000000),slideActive=false,wallhopFlick=false},
            {type="keyframe",time=0.007442,cframe=CFrame.new(-10.927388,-144.444977,47.340069,0.806500,0.000000,-0.591234,-0.000000,1.000000,-0.000000,0.591234,0.000000,0.806500),velocity=Vector3.new(0.000000, 0.001248, -0.000000),slideActive=false,wallhopFlick=false},
            {type="keyframe",time=0.011874,cframe=CFrame.new(-10.927388,-144.444977,47.340069,0.806500,0.000000,-0.591234,-0.000000,1.000000,-0.000000,0.591234,0.000000,0.806500),velocity=Vector3.new(0.000000, 0.001248, -0.000000),slideActive=false,wallhopFlick=false},
            {type="keyframe",time=0.016573,cframe=CFrame.new(-10.927388,-144.444977,47.340069,0.806500,0.000000,-0.591234,-0.000000,1.000000,-0.000000,0.591234,0.000000,0.806500),velocity=Vector3.new(0.000000, 0.001248, -0.000000),slideActive=false,wallhopFlick=false},
            {type="keyframe",time=0.020783,cframe=CFrame.new(-10.927388,-144.444977,47.340069,0.806500,0.000000,-0.591234,-0.000000,1.000000,-0.000000,0.591234,0.000000,0.806500),velocity=Vector3.new(0.000000, 0.001248, -0.000000),slideActive=false,wallhopFlick=false},
            {type="keyframe",time=0.025510,cframe=CFrame.new(-10.927388,-144.444977,47.340069,0.806500,0.000000,-0.591234,-0.000000,1.000000,-0.000000,0.591234,0.000000,0.806500),velocity=Vector3.new(0.000000, 0.001248, -0.000000),slideActive=false,wallhopFlick=false},
            {type="keyframe",time=0.029415,cframe=CFrame.new(-10.927388,-144.444977,47.340069,0.806500,0.000000,-0.591234,-0.000000,1.000000,-0.000000,0.591234,0.000000,0.806500),velocity=Vector3.new(0.000000, 0.001248, -0.000000),slideActive=false,wallhopFlick=false},
            {type="keyframe",time=0.034454,cframe=CFrame.new(-10.927388,-144.444977,47.340069,0.806500,0.000000,-0.591234,-0.000000,1.000000,-0.000000,0.591234,0.000000,0.806500),velocity=Vector3.new(0.000000, 0.001248, -0.000000),slideActive=false,wallhopFlick=false},
            {type="keyframe",time=0.037887,cframe=CFrame.new(-10.927388,-144.444977,47.340069,0.806500,0.000000,-0.591234,-0.000000,1.000000,-0.000000,0.591234,0.000000,0.806500),velocity=Vector3.new(0.000000, 0.001248, -0.000000),slideActive=false,wallhopFlick=false},
            {type="keyframe",time=0.041785,cframe=CFrame.new(-10.927388,-144.444977,47.340069,0.806500,0.000000,-0.591234,-0.000000,1.000000,-0.000000,0.591234,0.000000,0.806500),velocity=Vector3.new(0.000000, 0.001248, -0.000000),slideActive=false,wallhopFlick=false},
            {type="keyframe",time=0.046838,cframe=CFrame.new(-10.927388,-144.444977,47.340069,0.806500,0.000000,-0.591234,-0.000000,1.000000,-0.000000,0.591234,0.000000,0.806500),velocity=Vector3.new(0.000000, 0.001248, -0.000000),slideActive=false,wallhopFlick=false},
            {type="keyframe",time=0.050444,cframe=CFrame.new(-10.927388,-144.444977,47.340069,0.806500,0.000000,-0.591234,-0.000000,1.000000,-0.000000,0.591234,0.000000,0.806500),velocity=Vector3.new(0.000000, 0.001248, -0.000000),slideActive=false,wallhopFlick=false},
            {type="keyframe",time=0.054398,cframe=CFrame.new(-10.927388,-144.444977,47.340069,0.806500,0.000000,-0.591234,-0.000000,1.000000,-0.000000,0.591234,0.000000,0.806500),velocity=Vector3.new(0.000000, 0.001248, -0.000000),slideActive=false,wallhopFlick=false},
            {type="keyframe",time=0.058644,cframe=CFrame.new(-10.927388,-144.444977,47.340069,0.806500,0.000000,-0.591234,-0.000000,1.000000,-0.000000,0.591234,0.000000,0.806500),velocity=Vector3.new(0.000000, 0.001248, -0.000000),slideActive=false,wallhopFlick=false},
            {type="keyframe",time=0.064236,cframe=CFrame.new(-10.927388,-144.444977,47.340069,0.806500,0.000000,-0.591234,-0.000000,1.000000,-0.000000,0.591234,0.000000,0.806500),velocity=Vector3.new(0.000000, 0.001248, -0.000000),slideActive=false,wallhopFlick=false},
            {type="keyframe",time=0.068830,cframe=CFrame.new(-10.927388,-144.444977,47.340069,0.806500,-0.000000,-0.591234,0.000000,1.000000,0.000000,0.591234,-0.000000,0.806500),velocity=Vector3.new(0.000000, 0.001248, -0.000000),slideActive=false,wallhopFlick=false},
            {type="keyframe",time=0.072867,cframe=CFrame.new(-10.927388,-144.444977,47.340069,0.806500,-0.000000,-0.591234,0.000000,1.000000,0.000000,0.591234,-0.000000,0.806500),velocity=Vector3.new(0.000000, 0.001248, -0.000000),slideActive=false,wallhopFlick=false},
            {type="keyframe",time=0.078079,cframe=CFrame.new(-10.927388,-144.444977,47.340069,0.806500,-0.000000,-0.591234,0.000000,1.000000,0.000000,0.591234,-0.000000,0.806500),velocity=Vector3.new(0.000000, 0.001248, -0.000000),slideActive=false,wallhopFlick=false},
            {type="keyframe",time=0.083412,cframe=CFrame.new(-10.927388,-144.444977,47.340069,0.806500,-0.000000,-0.591234,0.000000,1.000000,0.000000,0.591234,-0.000000,0.806500),velocity=Vector3.new(0.000000, 0.001248, -0.000000),slideActive=false,wallhopFlick=false},
            {type="keyframe",time=0.088198,cframe=CFrame.new(-10.927388,-144.444977,47.340069,0.806500,-0.000000,-0.591234,0.000000,1.000000,0.000000,0.591234,-0.000000,0.806500),velocity=Vector3.new(0.000000, 0.001248, -0.000000),slideActive=false,wallhopFlick=false},
            {type="keyframe",time=0.093114,cframe=CFrame.new(-10.927388,-144.444977,47.340069,0.806500,-0.000000,-0.591234,0.000000,1.000000,0.000000,0.591234,-0.000000,0.806500),velocity=Vector3.new(0.000000, 0.001248, -0.000000),slideActive=false,wallhopFlick=false},
            {type="keyframe",time=0.097764,cframe=CFrame.new(-10.927388,-144.444977,47.340069,0.806500,-0.000000,-0.591234,0.000000,1.000000,0.000000,0.591234,-0.000000,0.806500),velocity=Vector3.new(0.000000, 0.001248, -0.000000),slideActive=false,wallhopFlick=false},
            {type="keyframe",time=0.101430,cframe=CFrame.new(-10.927388,-144.444977,47.340069,0.806500,-0.000000,-0.591234,0.000000,1.000000,0.000000,0.591234,-0.000000,0.806500),velocity=Vector3.new(0.000000, 0.001248, -0.000000),slideActive=false,wallhopFlick=false},
            {type="keyframe",time=0.106114,cframe=CFrame.new(-10.927388,-144.444977,47.340069,0.806500,-0.000000,-0.591234,0.000000,1.000000,0.000000,0.591234,-0.000000,0.806500),velocity=Vector3.new(0.000000, 0.001248, -0.000000),slideActive=false,wallhopFlick=false},
            {type="keyframe",time=0.110701,cframe=CFrame.new(-10.927388,-144.444977,47.340069,0.806500,-0.000000,-0.591234,0.000000,1.000000,0.000000,0.591234,-0.000000,0.806500),velocity=Vector3.new(0.000000, 0.001248, -0.000000),slideActive=false,wallhopFlick=false},
            {type="keyframe",time=0.115310,cframe=CFrame.new(-10.927388,-144.444977,47.340069,0.806500,-0.000000,-0.591234,0.000000,1.000000,0.000000,0.591234,-0.000000,0.806500),velocity=Vector3.new(0.000000, 0.001248, -0.000000),slideActive=false,wallhopFlick=false},
            {type="keyframe",time=0.119483,cframe=CFrame.new(-10.927388,-144.444977,47.340069,0.806500,-0.000000,-0.591234,0.000000,1.000000,0.000000,0.591234,-0.000000,0.806500),velocity=Vector3.new(0.000000, 0.001248, -0.000000),slideActive=false,wallhopFlick=false},
            {type="keyframe",time=0.124050,cframe=CFrame.new(-10.927388,-144.444977,47.340069,0.806500,-0.000000,-0.591234,0.000000,1.000000,0.000000,0.591234,-0.000000,0.806500),velocity=Vector3.new(0.000000, 0.001248, -0.000000),slideActive=false,wallhopFlick=false},
            {type="keyframe",time=0.128478,cframe=CFrame.new(-10.927388,-144.444977,47.340069,0.806500,-0.000000,-0.591234,0.000000,1.000000,0.000000,0.591234,-0.000000,0.806500),velocity=Vector3.new(0.000000, 0.001248, -0.000000),slideActive=false,wallhopFlick=false},
            {type="keyframe",time=0.132289,cframe=CFrame.new(-10.927388,-144.444977,47.340069,0.806500,-0.000000,-0.591234,0.000000,1.000000,0.000000,0.591234,-0.000000,0.806500),velocity=Vector3.new(0.000000, 0.001248, -0.000000),slideActive=false,wallhopFlick=false},
            {type="keyframe",time=0.136851,cframe=CFrame.new(-10.927388,-144.444977,47.340069,0.806500,-0.000000,-0.591234,0.000000,1.000000,0.000000,0.591234,-0.000000,0.806500),velocity=Vector3.new(0.000000, 0.001248, -0.000000),slideActive=false,wallhopFlick=false},
            {type="keyframe",time=0.141133,cframe=CFrame.new(-10.927388,-144.444977,47.340069,0.806500,-0.000000,-0.591234,0.000000,1.000000,0.000000,0.591234,-0.000000,0.806500),velocity=Vector3.new(0.000000, 0.001248, -0.000000),slideActive=false,wallhopFlick=false},
            {type="keyframe",time=0.145870,cframe=CFrame.new(-10.927388,-144.444977,47.340069,0.806500,-0.000000,-0.591234,0.000000,1.000000,0.000000,0.591234,-0.000000,0.806500),velocity=Vector3.new(0.000000, 0.001248, -0.000000),slideActive=false,wallhopFlick=false},
            {type="keyframe",time=0.151835,cframe=CFrame.new(-10.927388,-144.444977,47.340069,0.806500,-0.000000,-0.591234,0.000000,1.000000,0.000000,0.591234,-0.000000,0.806500),velocity=Vector3.new(0.000000, 0.001248, -0.000000),slideActive=false,wallhopFlick=false},
            {type="keyframe",time=0.157619,cframe=CFrame.new(-10.927388,-144.444977,47.340069,0.806500,-0.000000,-0.591234,0.000000,1.000000,0.000000,0.591234,-0.000000,0.806500),velocity=Vector3.new(0.000000, 0.001248, -0.000000),slideActive=false,wallhopFlick=false},
            {type="keyframe",time=0.162678,cframe=CFrame.new(-10.927388,-144.444977,47.340069,0.806500,-0.000000,-0.591234,0.000000,1.000000,0.000000,0.591234,-0.000000,0.806500),velocity=Vector3.new(0.000000, 0.001248, -0.000000),slideActive=false,wallhopFlick=false},
            {type="keyframe",time=0.166944,cframe=CFrame.new(-10.927388,-144.444977,47.340069,0.806500,-0.000000,-0.591234,0.000000,1.000000,0.000000,0.591234,-0.000000,0.806500),velocity=Vector3.new(0.000000, 0.001248, -0.000000),slideActive=false,wallhopFlick=false},
            {type="keyframe",time=0.171432,cframe=CFrame.new(-10.927388,-144.444977,47.340069,0.806500,-0.000000,-0.591234,0.000000,1.000000,0.000000,0.591234,-0.000000,0.806500),velocity=Vector3.new(0.000000, 0.001248, -0.000000),slideActive=false,wallhopFlick=false},
            {type="keyframe",time=0.175678,cframe=CFrame.new(-10.927388,-144.444977,47.340069,0.806500,-0.000000,-0.591234,0.000000,1.000000,0.000000,0.591234,-0.000000,0.806500),velocity=Vector3.new(0.000000, 0.001248, -0.000000),slideActive=false,wallhopFlick=false},
            {type="keyframe",time=0.181631,cframe=CFrame.new(-10.927388,-144.444977,47.340069,0.806500,-0.000000,-0.591234,0.000000,1.000000,0.000000,0.591234,-0.000000,0.806500),velocity=Vector3.new(0.000000, 0.001248, -0.000000),slideActive=false,wallhopFlick=false},
            {type="keyframe",time=0.190234,cframe=CFrame.new(-10.927388,-144.444977,47.340069,0.806500,0.000000,-0.591234,-0.000000,1.000000,-0.000000,0.591234,0.000000,0.806500),velocity=Vector3.new(0.000000, 0.001248, -0.000000),slideActive=false,wallhopFlick=false},
            {type="keyframe",time=0.194686,cframe=CFrame.new(-10.927388,-144.444977,47.340069,0.806500,0.000000,-0.591234,-0.000000,1.000000,-0.000000,0.591234,0.000000,0.806500),velocity=Vector3.new(0.000000, 0.001248, -0.000000),slideActive=false,wallhopFlick=false},
            {type="keyframe",time=0.199920,cframe=CFrame.new(-10.927388,-144.444977,47.340069,0.806500,0.000000,-0.591234,-0.000000,1.000000,-0.000000,0.591234,0.000000,0.806500),velocity=Vector3.new(0.000000, 0.001248, -0.000000),slideActive=false,wallhopFlick=false},
            {type="keyframe",time=0.204994,cframe=CFrame.new(-10.927388,-144.444977,47.340069,0.806500,0.000000,-0.591234,-0.000000,1.000000,-0.000000,0.591234,0.000000,0.806500),velocity=Vector3.new(0.000000, 0.001248, -0.000000),slideActive=false,wallhopFlick=false},
            {type="keyframe",time=0.212229,cframe=CFrame.new(-10.927388,-144.444977,47.340069,0.806500,0.000000,-0.591234,-0.000000,1.000000,-0.000000,0.591234,0.000000,0.806500),velocity=Vector3.new(0.000000, 0.001248, -0.000000),slideActive=false,wallhopFlick=false},
            {type="keyframe",time=0.216459,cframe=CFrame.new(-10.927388,-144.444977,47.340069,0.806500,0.000000,-0.591234,-0.000000,1.000000,-0.000000,0.591234,0.000000,0.806500),velocity=Vector3.new(0.000000, 0.001248, -0.000000),slideActive=false,wallhopFlick=false},
            {type="keyframe",time=0.220711,cframe=CFrame.new(-10.927388,-144.444977,47.340069,0.806500,0.000000,-0.591234,-0.000000,1.000000,-0.000000,0.591234,0.000000,0.806500),velocity=Vector3.new(0.000000, 0.001248, -0.000000),slideActive=false,wallhopFlick=false},
            {type="keyframe",time=0.225376,cframe=CFrame.new(-10.927388,-144.444977,47.340069,0.806500,0.000000,-0.591234,-0.000000,1.000000,-0.000000,0.591234,0.000000,0.806500),velocity=Vector3.new(0.000000, 0.001248, -0.000000),slideActive=false,wallhopFlick=false},
            {type="keyframe",time=0.229950,cframe=CFrame.new(-10.927388,-144.444977,47.340069,0.806500,0.000000,-0.591234,-0.000000,1.000000,-0.000000,0.591234,0.000000,0.806500),velocity=Vector3.new(0.000000, 0.001248, -0.000000),slideActive=false,wallhopFlick=false},
            {type="keyframe",time=0.233525,cframe=CFrame.new(-10.927388,-144.444977,47.340069,0.806500,0.000000,-0.591234,-0.000000,1.000000,-0.000000,0.591234,0.000000,0.806500),velocity=Vector3.new(0.000000, 0.001248, -0.000000),slideActive=false,wallhopFlick=false},
            {type="keyframe",time=0.237609,cframe=CFrame.new(-10.927388,-144.444977,47.340069,0.806500,0.000000,-0.591234,-0.000000,1.000000,-0.000000,0.591234,0.000000,0.806500),velocity=Vector3.new(0.000000, 0.001248, -0.000000),slideActive=false,wallhopFlick=false},
            {type="keyframe",time=0.242560,cframe=CFrame.new(-10.927388,-144.444977,47.340069,0.806500,0.000000,-0.591234,-0.000000,1.000000,-0.000000,0.591234,0.000000,0.806500),velocity=Vector3.new(0.000000, 0.001248, -0.000000),slideActive=false,wallhopFlick=false},
            {type="input",time=0.243696,key="W",state=true},
            {type="keyframe",time=0.247265,cframe=CFrame.new(-10.927388,-144.444977,47.340069,0.806500,0.000000,-0.591234,-0.000000,1.000000,-0.000000,0.591234,0.000000,0.806500),velocity=Vector3.new(0.000000, 0.001248, -0.000000),slideActive=false,wallhopFlick=false},
            {type="keyframe",time=0.255178,cframe=CFrame.new(-10.924829,-144.444977,47.298302,0.820965,0.000000,-0.570979,-0.000000,1.000000,-0.000000,0.570979,0.000000,0.820965),velocity=Vector3.new(0.409491, 0.001248, -6.682791),slideActive=false,wallhopFlick=false},
            {type="keyframe",time=0.259752,cframe=CFrame.new(-10.922117,-144.444977,47.256546,0.831268,0.000000,-0.555871,-0.000000,1.000000,-0.000000,0.555871,0.000000,0.831268),velocity=Vector3.new(0.650693, 0.001248, -10.021753),slideActive=false,wallhopFlick=false},
            {type="keyframe",time=0.266312,cframe=CFrame.new(-10.918401,-144.444977,47.200878,0.842111,0.000000,-0.539304,-0.000000,1.000000,-0.000000,0.539304,0.000000,0.842111),velocity=Vector3.new(0.891895, 0.001248, -13.360715),slideActive=false,wallhopFlick=false},
            {type="keyframe",time=0.273570,cframe=CFrame.new(-10.907948,-144.444977,47.053272,0.863660,0.000000,-0.504075,-0.000000,1.000000,-0.000000,0.504075,0.000000,0.863660),velocity=Vector3.new(1.339004, 0.001248, -18.728844),slideActive=false,wallhopFlick=false},
            {type="keyframe",time=0.277501,cframe=CFrame.new(-10.896162,-144.444977,46.889660,0.883493,0.000000,-0.468444,-0.000000,1.000000,-0.000000,0.468444,0.000000,0.883493),velocity=Vector3.new(1.426271, 0.001248, -19.776602),slideActive=false,wallhopFlick=false},
            {type="keyframe",time=0.281601,cframe=CFrame.new(-10.890182,-144.444977,46.806812,0.892506,0.000000,-0.451036,-0.000000,1.000000,-0.000000,0.451036,0.000000,0.892506),velocity=Vector3.new(1.435196, 0.001248, -19.883759),slideActive=false,wallhopFlick=false},
            {type="keyframe",time=0.285865,cframe=CFrame.new(-10.884000,-144.444977,46.723808,0.900906,0.000000,-0.434015,-0.000000,1.000000,0.000000,0.434015,0.000000,0.900906),velocity=Vector3.new(1.483798, 0.001248, -19.920591),slideActive=false,wallhopFlick=false},
            {type="keyframe",time=0.289900,cframe=CFrame.new(-10.877742,-144.444977,46.640747,0.908720,0.000000,-0.417406,-0.000000,1.000000,0.000000,0.417406,-0.000000,0.908720),velocity=Vector3.new(1.502023, 0.001248, -19.934404),slideActive=false,wallhopFlick=false},
            {type="keyframe",time=0.294617,cframe=CFrame.new(-10.871455,-144.444977,46.557667,0.915980,0.000000,-0.401225,0.000000,1.000000,0.000000,0.401225,-0.000000,0.915980),velocity=Vector3.new(1.508858, 0.001248, -19.939585),slideActive=false,wallhopFlick=false},
            {type="keyframe",time=0.299822,cframe=CFrame.new(-10.865158,-144.444977,46.474579,0.922717,-0.000000,-0.385478,0.000000,1.000000,0.000000,0.385478,-0.000000,0.922717),velocity=Vector3.new(1.511421, 0.001248, -19.941526),slideActive=false,wallhopFlick=false},
            {type="keyframe",time=0.303865,cframe=CFrame.new(-10.858856,-144.444977,46.391487,0.928965,-0.000000,-0.370169,0.000000,1.000000,0.000000,0.370169,-0.000000,0.928965),velocity=Vector3.new(1.512382, 0.001248, -19.942255),slideActive=false,wallhopFlick=false},
            {type="keyframe",time=0.308097,cframe=CFrame.new(-10.852553,-144.444977,46.308392,0.934754,-0.000000,-0.355295,0.000000,1.000000,0.000000,0.355295,-0.000000,0.934754),velocity=Vector3.new(1.512742, 0.001248, -19.942528),slideActive=false,wallhopFlick=false},
            {type="keyframe",time=0.313468,cframe=CFrame.new(-10.846250,-144.444977,46.225296,0.940116,-0.000000,-0.340856,0.000000,1.000000,0.000000,0.340856,-0.000000,0.940116),velocity=Vector3.new(1.512877, 0.001248, -19.942631),slideActive=false,wallhopFlick=false},
            {type="keyframe",time=0.317293,cframe=CFrame.new(-10.839946,-144.444977,46.142200,0.945078,-0.000000,-0.326844,0.000000,1.000000,0.000000,0.326844,-0.000000,0.945078),velocity=Vector3.new(1.512928, 0.001248, -19.942669),slideActive=false,wallhopFlick=false},
            {type="keyframe",time=0.322621,cframe=CFrame.new(-10.833642,-144.444977,46.059105,0.949669,-0.000000,-0.313255,0.000000,1.000000,0.000000,0.313255,-0.000000,0.949669),velocity=Vector3.new(1.512947, 0.001248, -19.942684),slideActive=false,wallhopFlick=false},
            {type="keyframe",time=0.326212,cframe=CFrame.new(-10.827338,-144.444977,45.976009,0.953914,-0.000000,-0.300081,0.000000,1.000000,0.000000,0.300081,-0.000000,0.953914),velocity=Vector3.new(1.512954, 0.001248, -19.942688),slideActive=false,wallhopFlick=false},
            {type="keyframe",time=0.334877,cframe=CFrame.new(-10.814731,-144.444977,45.809818,0.961510,-0.000000,-0.274768,0.000000,1.000000,0.000000,0.274768,-0.000000,0.961510),velocity=Vector3.new(1.512958, 0.001248, -19.942692),slideActive=false,wallhopFlick=false},
            {type="keyframe",time=0.339411,cframe=CFrame.new(-10.808427,-144.444977,45.726723,0.964881,-0.000000,-0.262689,0.000000,1.000000,0.000000,0.262689,-0.000000,0.964881),velocity=Vector3.new(1.512958, 0.001248, -19.942692),slideActive=false,wallhopFlick=false},
            {type="keyframe",time=0.344311,cframe=CFrame.new(-10.795819,-144.444977,45.560532,0.970866,-0.000000,-0.239624,0.000000,1.000000,0.000000,0.239624,-0.000000,0.970866),velocity=Vector3.new(1.512959, 0.001248, -19.942692),slideActive=false,wallhopFlick=false},
            {type="keyframe",time=0.348946,cframe=CFrame.new(-10.789515,-144.444977,45.477436,0.973506,-0.000000,-0.228660,0.000000,1.000000,0.000000,0.228660,-0.000000,0.973506),velocity=Vector3.new(1.512959, 0.001248, -19.942692),slideActive=false,wallhopFlick=false},
            {type="keyframe",time=0.354337,cframe=CFrame.new(-10.783212,-144.444977,45.394341,0.975926,-0.000000,-0.218101,0.000000,1.000000,0.000000,0.218101,-0.000000,0.975926),velocity=Vector3.new(1.512959, 0.001248, -19.942692),slideActive=false,wallhopFlick=false},
            {type="keyframe",time=0.356812,cframe=CFrame.new(-10.776908,-144.444977,45.311245,0.978146,-0.000000,-0.207918,0.000000,1.000000,0.000000,0.207918,-0.000000,0.978146),velocity=Vector3.new(1.512959, 0.001248, -19.942692),slideActive=false,wallhopFlick=false},
            {type="keyframe",time=0.361548,cframe=CFrame.new(-10.770604,-144.444977,45.228149,0.980184,-0.000000,-0.198090,0.000000,1.000000,0.000000,0.198090,-0.000000,0.980184),velocity=Vector3.new(1.512959, 0.001248, -19.942692),slideActive=false,wallhopFlick=false},
            {type="keyframe",time=0.365498,cframe=CFrame.new(-10.764300,-144.444977,45.145054,0.982054,-0.000000,-0.188598,0.000000,1.000000,0.000000,0.188598,-0.000000,0.982054),velocity=Vector3.new(1.512959, 0.001248, -19.942692),slideActive=false,wallhopFlick=false},
            {type="keyframe",time=0.370034,cframe=CFrame.new(-10.757997,-144.444977,45.061958,0.983771,-0.000000,-0.179429,0.000000,1.000000,0.000000,0.179429,-0.000000,0.983771),velocity=Vector3.new(1.512959, 0.001248, -19.942692),slideActive=false,wallhopFlick=false},
            {type="keyframe",time=0.373796,cframe=CFrame.new(-10.751693,-144.444977,44.978863,0.985345,-0.000000,-0.170572,0.000000,1.000000,0.000000,0.170572,-0.000000,0.985345),velocity=Vector3.new(1.512959, 0.001248, -19.942692),slideActive=false,wallhopFlick=false},
            {type="keyframe",time=0.379189,cframe=CFrame.new(-10.745389,-144.444977,44.895767,0.986788,-0.000000,-0.162014,0.000000,1.000000,0.000000,0.162014,-0.000000,0.986788),velocity=Vector3.new(1.512959, 0.001248, -19.942692),slideActive=false,wallhopFlick=false},
            {type="keyframe",time=0.382430,cframe=CFrame.new(-10.739085,-144.444977,44.812672,0.988110,-0.000000,-0.153747,0.000000,1.000000,0.000000,0.153747,-0.000000,0.988110),velocity=Vector3.new(1.512959, 0.001248, -19.942692),slideActive=false,wallhopFlick=false},
            {type="keyframe",time=0.386407,cframe=CFrame.new(-10.732781,-144.444977,44.729576,0.989320,-0.000000,-0.145761,0.000000,1.000000,0.000000,0.145761,-0.000000,0.989320),velocity=Vector3.new(1.512959, 0.001248, -19.942692),slideActive=false,wallhopFlick=false},
            {type="keyframe",time=0.390643,cframe=CFrame.new(-10.726478,-144.444977,44.646481,0.990426,-0.000000,-0.138046,0.000000,1.000000,0.000000,0.138046,-0.000000,0.990426),velocity=Vector3.new(1.512959, 0.001248, -19.942692),slideActive=false,wallhopFlick=false},
            {type="keyframe",time=0.394676,cframe=CFrame.new(-10.720174,-144.444977,44.563385,0.991436,-0.000000,-0.130594,0.000000,1.000000,0.000000,0.130594,-0.000000,0.991436),velocity=Vector3.new(1.512959, 0.001248, -19.942692),slideActive=false,wallhopFlick=false},
            {type="keyframe",time=0.399429,cframe=CFrame.new(-10.713870,-144.444977,44.480289,0.992357,-0.000000,-0.123398,0.000000,1.000000,0.000000,0.123398,-0.000000,0.992357),velocity=Vector3.new(1.512959, 0.001248, -19.942692),slideActive=false,wallhopFlick=false},
            {type="keyframe",time=0.402845,cframe=CFrame.new(-10.707566,-144.444977,44.397194,0.993197,-0.000000,-0.116448,0.000000,1.000000,0.000000,0.116448,-0.000000,0.993197),velocity=Vector3.new(1.512959, 0.001248, -19.942692),slideActive=false,wallhopFlick=false},
            {type="keyframe",time=0.407994,cframe=CFrame.new(-10.701262,-144.444977,44.314098,0.993961,-0.000000,-0.109736,0.000000,1.000000,0.000000,0.109736,-0.000000,0.993961),velocity=Vector3.new(1.512959, 0.001248, -19.942692),slideActive=false,wallhopFlick=false},
            {type="keyframe",time=0.412123,cframe=CFrame.new(-10.694959,-144.444977,44.231003,0.994655,-0.000000,-0.103255,0.000000,1.000000,0.000000,0.103255,-0.000000,0.994655),velocity=Vector3.new(1.512959, 0.001248, -19.942692),slideActive=false,wallhopFlick=false},
            {type="keyframe",time=0.415791,cframe=CFrame.new(-10.688655,-144.444977,44.147907,0.995285,-0.000000,-0.096998,0.000000,1.000000,0.000000,0.096998,-0.000000,0.995285),velocity=Vector3.new(1.512959, 0.001248, -19.942692),slideActive=false,wallhopFlick=false},
            {type="keyframe",time=0.419583,cframe=CFrame.new(-10.682351,-144.444977,44.064812,0.995855,-0.000000,-0.090957,0.000000,1.000000,-0.000000,0.090957,0.000000,0.995855),velocity=Vector3.new(1.512959, 0.001248, -19.942692),slideActive=false,wallhopFlick=false},
            {type="keyframe",time=0.423937,cframe=CFrame.new(-10.676047,-144.444977,43.981716,0.996370,0.000000,-0.085124,-0.000000,1.000000,-0.000000,0.085124,0.000000,0.996370),velocity=Vector3.new(1.512959, 0.001248, -19.942692),slideActive=false,wallhopFlick=false},
            {type="input",time=0.425183,key="D",state=true},
            {type="keyframe",time=0.428474,cframe=CFrame.new(-10.669744,-144.444977,43.898621,0.996835,0.000000,-0.079494,-0.000000,1.000000,-0.000000,0.079494,0.000000,0.996835),velocity=Vector3.new(1.512959, 0.001248, -19.942692),slideActive=false,wallhopFlick=false},
            {type="keyframe",time=0.433411,cframe=CFrame.new(-10.650993,-144.444977,43.821823,0.998002,0.000000,-0.063176,-0.000000,1.000000,-0.000000,0.063176,0.000000,0.998002),velocity=Vector3.new(4.500021, 0.001248, -18.431301),slideActive=false,wallhopFlick=false},
            {type="keyframe",time=0.437576,cframe=CFrame.new(-10.619797,-144.444977,43.751324,0.999166,0.000000,-0.040829,-0.000000,1.000000,-0.000000,0.040829,0.000000,0.999166),velocity=Vector3.new(7.487083, 0.001248, -16.919910),slideActive=false,wallhopFlick=false},
            {type="keyframe",time=0.443196,cframe=CFrame.new(-10.576155,-144.444977,43.687122,0.999883,0.000000,-0.015264,-0.000000,1.000000,-0.000000,0.015264,0.000000,0.999883),velocity=Vector3.new(10.474146, 0.001248, -15.408520),slideActive=false,wallhopFlick=false},
            {type="keyframe",time=0.450692,cframe=CFrame.new(-10.459818,-144.444977,43.573418,0.999209,0.000000,0.039777,-0.000000,1.000000,-0.000000,-0.039777,0.000000,0.999209),velocity=Vector3.new(14.510880, 0.001248, -13.366016),slideActive=false,wallhopFlick=false},
            {type="keyframe",time=0.455927,cframe=CFrame.new(-10.397635,-144.444977,43.518597,0.997723,0.000000,0.067451,-0.000000,1.000000,-0.000000,-0.067451,0.000000,0.997723),velocity=Vector3.new(14.923727, 0.001248, -13.157125),slideActive=false,wallhopFlick=false},
            {type="keyframe",time=0.460436,cframe=CFrame.new(-10.271739,-144.444977,43.409729,0.992621,0.000000,0.121261,-0.000000,1.000000,-0.000000,-0.121261,0.000000,0.992621),velocity=Vector3.new(15.136602, 0.001248, -13.049414),slideActive=false,wallhopFlick=false},
            {type="keyframe",time=0.464653,cframe=CFrame.new(-10.208579,-144.444977,43.355404,0.989141,0.000000,0.146968,-0.000000,1.000000,-0.000000,-0.146968,0.000000,0.989141),velocity=Vector3.new(15.158374, 0.001248, -13.038398),slideActive=false,wallhopFlick=false},
            {type="keyframe",time=0.468662,cframe=CFrame.new(-10.145385,-144.444977,43.301094,0.985152,0.000000,0.171686,-0.000000,1.000000,-0.000000,-0.171686,0.000000,0.985152),velocity=Vector3.new(15.166538, 0.001248, -13.034267),slideActive=false,wallhopFlick=false},
            {type="keyframe",time=0.477626,cframe=CFrame.new(-10.082178,-144.444977,43.246792,0.980716,0.000000,0.195439,-0.000000,1.000000,-0.000000,-0.195439,0.000000,0.980716),velocity=Vector3.new(15.169600, 0.001248, -13.032719),slideActive=false,wallhopFlick=false},
            {type="keyframe",time=0.482307,cframe=CFrame.new(-9.955753,-144.444977,43.138191,0.970657,0.000000,0.240469,-0.000000,1.000000,-0.000000,-0.240469,0.000000,0.970657),velocity=Vector3.new(15.171178, 0.001248, -13.031919),slideActive=false,wallhopFlick=false},
            {type="keyframe",time=0.486319,cframe=CFrame.new(-9.892539,-144.444977,43.083893,0.965159,0.000000,0.261665,-0.000000,1.000000,-0.000000,-0.261665,0.000000,0.965159),velocity=Vector3.new(15.171339, 0.001248, -13.031837),slideActive=false,wallhopFlick=false},
            {type="keyframe",time=0.491142,cframe=CFrame.new(-9.829325,-144.444977,43.029594,0.959437,0.000000,0.281923,-0.000000,1.000000,-0.000000,-0.281923,0.000000,0.959437),velocity=Vector3.new(15.171400, 0.001248, -13.031807),slideActive=false,wallhopFlick=false},
            {type="keyframe",time=0.495294,cframe=CFrame.new(-9.766110,-144.444977,42.975296,0.953527,0.000000,0.301308,-0.000000,1.000000,-0.000000,-0.301308,0.000000,0.953527),velocity=Vector3.new(15.171423, 0.001248, -13.031796),slideActive=false,wallhopFlick=false},
            {type="keyframe",time=0.499769,cframe=CFrame.new(-9.702896,-144.444977,42.920998,0.947462,0.000000,0.319869,-0.000000,1.000000,-0.000000,-0.319869,0.000000,0.947462),velocity=Vector3.new(15.171432, 0.001248, -13.031792),slideActive=false,wallhopFlick=false},
            {type="keyframe",time=0.506135,cframe=CFrame.new(-9.639682,-144.444977,42.866699,0.941273,0.000000,0.337646,-0.000000,1.000000,-0.000000,-0.337646,0.000000,0.941273),velocity=Vector3.new(15.171434, 0.001248, -13.031790),slideActive=false,wallhopFlick=false},
            {type="keyframe",time=0.511040,cframe=CFrame.new(-9.513253,-144.444977,42.758102,0.928542,0.000000,0.371227,-0.000000,1.000000,-0.000000,-0.371227,0.000000,0.928542),velocity=Vector3.new(15.171436, 0.001248, -13.031789),slideActive=false,wallhopFlick=false},
            {type="keyframe",time=0.515313,cframe=CFrame.new(-9.450039,-144.444977,42.703804,0.922084,0.000000,0.386990,-0.000000,1.000000,-0.000000,-0.386990,0.000000,0.922084),velocity=Vector3.new(15.171436, 0.001248, -13.031789),slideActive=false,wallhopFlick=false},
            {type="keyframe",time=0.519723,cframe=CFrame.new(-9.386825,-144.444977,42.649506,0.915624,0.000000,0.402036,-0.000000,1.000000,-0.000000,-0.402036,0.000000,0.915624),velocity=Vector3.new(15.171436, 0.001248, -13.031789),slideActive=false,wallhopFlick=false},
            {type="keyframe",time=0.524142,cframe=CFrame.new(-9.323610,-144.444977,42.595207,0.909173,0.000000,0.416418,-0.000000,1.000000,-0.000000,-0.416418,-0.000000,0.909173),velocity=Vector3.new(15.171436, 0.001248, -13.031789),slideActive=false,wallhopFlick=false},
            {type="keyframe",time=0.528396,cframe=CFrame.new(-9.260396,-144.444977,42.540909,0.902745,0.000000,0.430176,-0.000000,1.000000,0.000000,-0.430176,-0.000000,0.902745),velocity=Vector3.new(15.171436, 0.001248, -13.031789),slideActive=false,wallhopFlick=false},
            {type="keyframe",time=0.532964,cframe=CFrame.new(-9.197182,-144.444977,42.486610,0.896351,-0.000000,0.443344,0.000000,1.000000,0.000000,-0.443344,-0.000000,0.896351),velocity=Vector3.new(15.171436, 0.001248, -13.031789),slideActive=false,wallhopFlick=false},
            {type="keyframe",time=0.536559,cframe=CFrame.new(-9.133967,-144.444977,42.432312,0.890004,-0.000000,0.455953,0.000000,1.000000,0.000000,-0.455953,-0.000000,0.890004),velocity=Vector3.new(15.171436, 0.001248, -13.031789),slideActive=false,wallhopFlick=false},
            {type="keyframe",time=0.542024,cframe=CFrame.new(-9.070753,-144.444977,42.378014,0.883713,-0.000000,0.468029,0.000000,1.000000,0.000000,-0.468029,-0.000000,0.883713),velocity=Vector3.new(15.171436, 0.001248, -13.031789),slideActive=false,wallhopFlick=false},
            {type="keyframe",time=0.545872,cframe=CFrame.new(-9.007539,-144.444977,42.323715,0.877490,-0.000000,0.479596,0.000000,1.000000,0.000000,-0.479596,-0.000000,0.877490),velocity=Vector3.new(15.171436, 0.001248, -13.031789),slideActive=false,wallhopFlick=false},
            {type="keyframe",time=0.549654,cframe=CFrame.new(-8.944324,-144.444977,42.269417,0.871342,-0.000000,0.490677,0.000000,1.000000,0.000000,-0.490677,-0.000000,0.871342),velocity=Vector3.new(15.171436, 0.001248, -13.031789),slideActive=false,wallhopFlick=false},
            {type="keyframe",time=0.553679,cframe=CFrame.new(-8.881110,-144.444977,42.215118,0.865278,-0.000000,0.501293,0.000000,1.000000,0.000000,-0.501293,-0.000000,0.865278),velocity=Vector3.new(15.171436, 0.001248, -13.031789),slideActive=false,wallhopFlick=false},
            {type="keyframe",time=0.557894,cframe=CFrame.new(-8.818019,-144.444977,42.160675,0.859330,-0.000000,0.511422,0.000000,1.000000,0.000000,-0.511422,-0.000000,0.859330),velocity=Vector3.new(15.141807, 0.001248, -13.066156),slideActive=false,wallhopFlick=false},
            {type="keyframe",time=0.562060,cframe=CFrame.new(-8.754974,-144.444977,42.106178,0.853495,-0.000000,0.521102,0.000000,1.000000,0.000000,-0.521102,-0.000000,0.853495),velocity=Vector3.new(15.130695, 0.001248, -13.079044),slideActive=false,wallhopFlick=false},
            {type="keyframe",time=0.565865,cframe=CFrame.new(-8.691947,-144.444977,42.051662,0.847771,-0.000000,0.530363,0.000000,1.000000,0.000000,-0.530363,-0.000000,0.847771),velocity=Vector3.new(15.126529, 0.001248, -13.083878),slideActive=false,wallhopFlick=false},
            {type="keyframe",time=0.569737,cframe=CFrame.new(-8.628926,-144.444977,41.997139,0.842159,-0.000000,0.539230,0.000000,1.000000,0.000000,-0.539230,-0.000000,0.842159),velocity=Vector3.new(15.124967, 0.001248, -13.085690),slideActive=false,wallhopFlick=false},
            {type="keyframe",time=0.573829,cframe=CFrame.new(-8.566032,-144.444977,41.942471,0.836687,-0.000000,0.547682,0.000000,1.000000,0.000000,-0.547682,-0.000000,0.836687),velocity=Vector3.new(15.094625, 0.001248, -13.120632),slideActive=false,wallhopFlick=false},
            {type="keyframe",time=0.578563,cframe=CFrame.new(-8.503185,-144.444977,41.887745,0.831346,-0.000000,0.555755,0.000000,1.000000,0.000000,-0.555755,-0.000000,0.831346),velocity=Vector3.new(15.083246, 0.001248, -13.133736),slideActive=false,wallhopFlick=false},
            {type="keyframe",time=0.582350,cframe=CFrame.new(-8.440480,-144.444977,41.832859,0.826159,-0.000000,0.563437,0.000000,1.000000,0.000000,-0.563437,-0.000000,0.826159),velocity=Vector3.new(15.049098, 0.001248, -13.172801),slideActive=false,wallhopFlick=false},
            {type="keyframe",time=0.586178,cframe=CFrame.new(-8.377829,-144.444977,41.777912,0.821112,-0.000000,0.570767,0.000000,1.000000,0.000000,-0.570767,-0.000000,0.821112),velocity=Vector3.new(15.036293, 0.001248, -13.187450),slideActive=false,wallhopFlick=false},
            {type="keyframe",time=0.590228,cframe=CFrame.new(-8.315197,-144.444977,41.722942,0.816195,-0.000000,0.577777,0.000000,1.000000,0.000000,-0.577777,-0.000000,0.816195),velocity=Vector3.new(15.031490, 0.001248, -13.192945),slideActive=false,wallhopFlick=false},
            {type="keyframe",time=0.595166,cframe=CFrame.new(-8.252573,-144.444977,41.667965,0.811403,-0.000000,0.584487,0.000000,1.000000,0.000000,-0.584487,-0.000000,0.811403),velocity=Vector3.new(15.029690, 0.001248, -13.195004),slideActive=false,wallhopFlick=false},
            {type="keyframe",time=0.599904,cframe=CFrame.new(-8.190077,-144.444977,41.612843,0.806762,-0.000000,0.590876,0.000000,1.000000,0.000000,-0.590876,-0.000000,0.806762),velocity=Vector3.new(14.999014, 0.001248, -13.229822),slideActive=false,wallhopFlick=false},
            {type="keyframe",time=0.604329,cframe=CFrame.new(-8.127629,-144.444977,41.557663,0.802259,-0.000000,0.596977,0.000000,1.000000,0.000000,-0.596977,-0.000000,0.802259),velocity=Vector3.new(14.987510, 0.001248, -13.242879),slideActive=false,wallhopFlick=false},
            {type="keyframe",time=0.615860,cframe=CFrame.new(-8.065325,-144.444977,41.502323,0.797913,-0.000000,0.602773,0.000000,1.000000,0.000000,-0.602773,-0.000000,0.797913),velocity=Vector3.new(14.953070, 0.001248, -13.281710),slideActive=false,wallhopFlick=false},
            {type="keyframe",time=0.624251,cframe=CFrame.new(-7.879112,-144.444977,41.335518,0.785597,-0.000000,0.618738,0.000000,1.000000,0.000000,-0.618738,-0.000000,0.785597),velocity=Vector3.new(14.887648, 0.001248, -13.355048),slideActive=false,wallhopFlick=false},
            {type="keyframe",time=0.629894,cframe=CFrame.new(-7.755071,-144.444977,41.224201,0.777961,-0.000000,0.628313,0.000000,1.000000,0.000000,-0.628313,-0.000000,0.777961),velocity=Vector3.new(14.884518, 0.001248, -13.358557),slideActive=false,wallhopFlick=false},
            {type="keyframe",time=0.633979,cframe=CFrame.new(-7.693180,-144.444977,41.168400,0.774378,-0.000000,0.632724,0.000000,1.000000,0.000000,-0.632724,-0.000000,0.774378),velocity=Vector3.new(14.853825, 0.001248, -13.392632),slideActive=false,wallhopFlick=false},
            {type="input",time=0.634883,key="D",state=false},
            {type="keyframe",time=0.638168,cframe=CFrame.new(-7.631464,-144.444977,41.112404,0.770978,-0.000000,0.636862,0.000000,1.000000,0.000000,-0.636862,-0.000000,0.770978),velocity=Vector3.new(14.811821, 0.001248, -13.439014),slideActive=false,wallhopFlick=false},
            {type="keyframe",time=0.642017,cframe=CFrame.new(-7.582366,-144.444977,41.050461,0.774670,-0.000000,0.632365,0.000000,1.000000,0.000000,-0.632365,-0.000000,0.774670),velocity=Vector3.new(11.783474, 0.001248, -14.865886),slideActive=false,wallhopFlick=false},
            {type="keyframe",time=0.647662,cframe=CFrame.new(-7.545886,-144.444977,40.982574,0.782360,-0.000000,0.622826,0.000000,1.000000,0.000000,-0.622826,-0.000000,0.782360),velocity=Vector3.new(8.755127, 0.001248, -16.292757),slideActive=false,wallhopFlick=false},
            {type="keyframe",time=0.651017,cframe=CFrame.new(-7.522025,-144.444977,40.908741,0.792124,-0.000000,0.610360,0.000000,1.000000,0.000000,-0.610360,0.000000,0.792124),velocity=Vector3.new(5.726780, 0.001248, -17.719627),slideActive=false,wallhopFlick=false},
            {type="keyframe",time=0.655846,cframe=CFrame.new(-7.510646,-144.444977,40.829029,0.802805,0.000000,0.596242,-0.000000,1.000000,-0.000000,-0.596242,0.000000,0.802805),velocity=Vector3.new(2.730806, 0.001248, -19.131245),slideActive=false,wallhopFlick=false},
            {type="keyframe",time=0.658906,cframe=CFrame.new(-7.503949,-144.444977,40.747108,0.813725,0.000000,0.581250,-0.000000,1.000000,-0.000000,-0.581250,0.000000,0.813725),velocity=Vector3.new(1.607315, 0.001248, -19.660603),slideActive=false,wallhopFlick=false},
            {type="keyframe",time=0.664515,cframe=CFrame.new(-7.499008,-144.444977,40.664364,0.824497,0.000000,0.565866,-0.000000,1.000000,-0.000000,-0.565866,0.000000,0.824497),velocity=Vector3.new(1.186007, 0.001248, -19.859112),slideActive=false,wallhopFlick=false},
            {type="keyframe",time=0.667781,cframe=CFrame.new(-7.494724,-144.444977,40.581306,0.834911,0.000000,0.550385,-0.000000,1.000000,-0.000000,-0.550385,0.000000,0.834911),velocity=Vector3.new(1.028017, 0.001248, -19.933552),slideActive=false,wallhopFlick=false},
            {type="keyframe",time=0.671775,cframe=CFrame.new(-7.490688,-144.444977,40.498135,0.844857,0.000000,0.534993,-0.000000,1.000000,-0.000000,-0.534993,0.000000,0.844857),velocity=Vector3.new(0.968771, 0.001248, -19.961468),slideActive=false,wallhopFlick=false},
            {type="keyframe",time=0.675625,cframe=CFrame.new(-7.486744,-144.444977,40.414917,0.854286,0.000000,0.519803,-0.000000,1.000000,-0.000000,-0.519803,0.000000,0.854286),velocity=Vector3.new(0.946552, 0.001248, -19.971935),slideActive=false,wallhopFlick=false},
            {type="keyframe",time=0.680558,cframe=CFrame.new(-7.482835,-144.444977,40.331684,0.863185,0.000000,0.504888,-0.000000,1.000000,-0.000000,-0.504888,0.000000,0.863185),velocity=Vector3.new(0.938220, 0.001248, -19.975861),slideActive=false,wallhopFlick=false},
            {type="keyframe",time=0.684340,cframe=CFrame.new(-7.478939,-144.444977,40.248444,0.871560,0.000000,0.490289,-0.000000,1.000000,-0.000000,-0.490289,0.000000,0.871560),velocity=Vector3.new(0.935095, 0.001248, -19.977333),slideActive=false,wallhopFlick=false},
