local TAS_LIBRARY = {}

function TAS_LIBRARY.getTAS(mapName)
    local tasData = nil
        if mapName == "TEST" then
        tasData = {
            {type="keyframe",time=0.002676,cframe=CFrame.new(-37.799099,-145.995010,23.940210,0.999911,0.000000,-0.013321,-0.000000,1.000000,0.000000,0.013321,-0.000000,0.999911),velocity=Vector3.new(0.000000, 0.000416, 0.000000),slideActive=false,wallhopFlick=false},
            {type="keyframe",time=0.006900,cframe=CFrame.new(-37.799099,-145.995010,23.940210,0.999911,0.000000,-0.013321,-0.000000,1.000000,0.000000,0.013321,-0.000000,0.999911),velocity=Vector3.new(0.000000, 0.000416, 0.000000),slideActive=false,wallhopFlick=false},
            {type="keyframe",time=0.011760,cframe=CFrame.new(-37.799099,-145.995010,23.940210,0.999911,0.000000,-0.013321,-0.000000,1.000000,0.000000,0.013321,-0.000000,0.999911),velocity=Vector3.new(0.000000, 0.000416, 0.000000),slideActive=false,wallhopFlick=false},
            {type="keyframe",time=0.015761,cframe=CFrame.new(-37.799099,-145.995010,23.940210,0.999911,0.000000,-0.013321,-0.000000,1.000000,0.000000,0.013321,-0.000000,0.999911),velocity=Vector3.new(0.000000, 0.000416, 0.000000),slideActive=false,wallhopFlick=false},
            {type="keyframe",time=0.019874,cframe=CFrame.new(-37.799099,-145.995010,23.940210,0.999911,0.000000,-0.013321,-0.000000,1.000000,0.000000,0.013321,-0.000000,0.999911),velocity=Vector3.new(0.000000, 0.000416, 0.000000),slideActive=false,wallhopFlick=false},
            {type="keyframe",time=0.025095,cframe=CFrame.new(-37.799099,-145.995010,23.940210,0.999911,0.000000,-0.013321,-0.000000,1.000000,0.000000,0.013321,-0.000000,0.999911),velocity=Vector3.new(0.000000, 0.000416, 0.000000),slideActive=false,wallhopFlick=false},
            {type="keyframe",time=0.029489,cframe=CFrame.new(-37.799099,-145.995010,23.940210,0.999911,0.000000,-0.013321,-0.000000,1.000000,0.000000,0.013321,-0.000000,0.999911),velocity=Vector3.new(0.000000, 0.000416, 0.000000),slideActive=false,wallhopFlick=false},
            {type="keyframe",time=0.033250,cframe=CFrame.new(-37.799099,-145.995010,23.940210,0.999911,0.000000,-0.013321,-0.000000,1.000000,0.000000,0.013321,-0.000000,0.999911),velocity=Vector3.new(0.000000, 0.000416, 0.000000),slideActive=false,wallhopFlick=false},
            {type="keyframe",time=0.037876,cframe=CFrame.new(-37.799099,-145.995010,23.940210,0.999911,0.000000,-0.013321,-0.000000,1.000000,0.000000,0.013321,-0.000000,0.999911),velocity=Vector3.new(0.000000, 0.000416, 0.000000),slideActive=false,wallhopFlick=false},
            {type="keyframe",time=0.042202,cframe=CFrame.new(-37.799099,-145.995010,23.940210,0.999911,0.000000,-0.013321,-0.000000,1.000000,0.000000,0.013321,-0.000000,0.999911),velocity=Vector3.new(0.000000, 0.000416, 0.000000),slideActive=false,wallhopFlick=false},
            {type="keyframe",time=0.047107,cframe=CFrame.new(-37.799099,-145.995010,23.940210,0.999911,0.000000,-0.013321,-0.000000,1.000000,0.000000,0.013321,-0.000000,0.999911),velocity=Vector3.new(0.000000, 0.000416, 0.000000),slideActive=false,wallhopFlick=false},
            {type="keyframe",time=0.051332,cframe=CFrame.new(-37.799099,-145.995010,23.940210,0.999911,0.000000,-0.013321,-0.000000,1.000000,0.000000,0.013321,-0.000000,0.999911),velocity=Vector3.new(0.000000, 0.000416, 0.000000),slideActive=false,wallhopFlick=false},
            {type="keyframe",time=0.055189,cframe=CFrame.new(-37.799099,-145.995010,23.940210,0.999911,0.000000,-0.013321,-0.000000,1.000000,0.000000,0.013321,-0.000000,0.999911),velocity=Vector3.new(0.000000, 0.000416, 0.000000),slideActive=false,wallhopFlick=false},
            {type="keyframe",time=0.059998,cframe=CFrame.new(-37.799099,-145.995010,23.940210,0.999911,0.000000,-0.013321,-0.000000,1.000000,0.000000,0.013321,-0.000000,0.999911),velocity=Vector3.new(0.000000, 0.000416, 0.000000),slideActive=false,wallhopFlick=false},
            {type="keyframe",time=0.064693,cframe=CFrame.new(-37.799099,-145.995010,23.940210,0.999911,0.000000,-0.013321,-0.000000,1.000000,0.000000,0.013321,-0.000000,0.999911),velocity=Vector3.new(0.000000, 0.000416, 0.000000),slideActive=false,wallhopFlick=false},
            {type="keyframe",time=0.068448,cframe=CFrame.new(-37.799099,-145.995010,23.940210,0.999911,0.000000,-0.013321,-0.000000,1.000000,0.000000,0.013321,-0.000000,0.999911),velocity=Vector3.new(0.000000, 0.000416, 0.000000),slideActive=false,wallhopFlick=false},
            {type="keyframe",time=0.072783,cframe=CFrame.new(-37.799099,-145.995010,23.940210,0.999911,0.000000,-0.013321,-0.000000,1.000000,0.000000,0.013321,-0.000000,0.999911),velocity=Vector3.new(0.000000, 0.000416, 0.000000),slideActive=false,wallhopFlick=false},
            {type="keyframe",time=0.077969,cframe=CFrame.new(-37.799099,-145.995010,23.940210,0.999911,0.000000,-0.013321,-0.000000,1.000000,0.000000,0.013321,-0.000000,0.999911),velocity=Vector3.new(0.000000, 0.000416, 0.000000),slideActive=false,wallhopFlick=false},
            {type="keyframe",time=0.081977,cframe=CFrame.new(-37.799099,-145.995010,23.940210,0.999911,0.000000,-0.013321,-0.000000,1.000000,0.000000,0.013321,-0.000000,0.999911),velocity=Vector3.new(0.000000, 0.000416, 0.000000),slideActive=false,wallhopFlick=false},
            {type="keyframe",time=0.086481,cframe=CFrame.new(-37.799099,-145.995010,23.940210,0.999911,0.000000,-0.013321,-0.000000,1.000000,0.000000,0.013321,-0.000000,0.999911),velocity=Vector3.new(0.000000, 0.000416, 0.000000),slideActive=false,wallhopFlick=false},
            {type="keyframe",time=0.091057,cframe=CFrame.new(-37.799099,-145.995010,23.940210,0.999911,0.000000,-0.013321,-0.000000,1.000000,0.000000,0.013321,-0.000000,0.999911),velocity=Vector3.new(0.000000, 0.000416, 0.000000),slideActive=false,wallhopFlick=false},
            {type="keyframe",time=0.095760,cframe=CFrame.new(-37.799099,-145.995010,23.940210,0.999911,0.000000,-0.013321,-0.000000,1.000000,0.000000,0.013321,-0.000000,0.999911),velocity=Vector3.new(0.000000, 0.000416, 0.000000),slideActive=false,wallhopFlick=false},
            {type="keyframe",time=0.100365,cframe=CFrame.new(-37.799099,-145.995010,23.940210,0.999911,0.000000,-0.013321,-0.000000,1.000000,0.000000,0.013321,-0.000000,0.999911),velocity=Vector3.new(0.000000, 0.000416, 0.000000),slideActive=false,wallhopFlick=false},
            {type="keyframe",time=0.103792,cframe=CFrame.new(-37.799099,-145.995010,23.940210,0.999911,0.000000,-0.013321,-0.000000,1.000000,0.000000,0.013321,-0.000000,0.999911),velocity=Vector3.new(0.000000, 0.000416, 0.000000),slideActive=false,wallhopFlick=false},
            {type="keyframe",time=0.109346,cframe=CFrame.new(-37.799099,-145.995010,23.940210,0.999911,-0.000000,-0.013321,0.000000,1.000000,-0.000000,0.013321,0.000000,0.999911),velocity=Vector3.new(0.000000, 0.000416, 0.000000),slideActive=false,wallhopFlick=false},
            {type="keyframe",time=0.113492,cframe=CFrame.new(-37.799099,-145.995010,23.940210,0.999911,-0.000000,-0.013321,0.000000,1.000000,-0.000000,0.013321,0.000000,0.999911),velocity=Vector3.new(0.000000, 0.000416, 0.000000),slideActive=false,wallhopFlick=false},
            {type="keyframe",time=0.117413,cframe=CFrame.new(-37.799099,-145.995010,23.940210,0.999911,-0.000000,-0.013321,0.000000,1.000000,-0.000000,0.013321,0.000000,0.999911),velocity=Vector3.new(0.000000, 0.000416, 0.000000),slideActive=false,wallhopFlick=false},
            {type="keyframe",time=0.121935,cframe=CFrame.new(-37.799099,-145.995010,23.940210,0.999911,-0.000000,-0.013321,0.000000,1.000000,-0.000000,0.013321,0.000000,0.999911),velocity=Vector3.new(0.000000, 0.000416, 0.000000),slideActive=false,wallhopFlick=false},
            {type="keyframe",time=0.126403,cframe=CFrame.new(-37.799099,-145.995010,23.940210,0.999911,-0.000000,-0.013321,0.000000,1.000000,-0.000000,0.013321,0.000000,0.999911),velocity=Vector3.new(0.000000, 0.000416, 0.000000),slideActive=false,wallhopFlick=false},
            {type="keyframe",time=0.131086,cframe=CFrame.new(-37.799099,-145.995010,23.940210,0.999911,-0.000000,-0.013321,0.000000,1.000000,-0.000000,0.013321,0.000000,0.999911),velocity=Vector3.new(0.000000, 0.000416, 0.000000),slideActive=false,wallhopFlick=false},
            {type="keyframe",time=0.134910,cframe=CFrame.new(-37.799099,-145.995010,23.940210,0.999911,-0.000000,-0.013321,0.000000,1.000000,-0.000000,0.013321,0.000000,0.999911),velocity=Vector3.new(0.000000, 0.000416, 0.000000),slideActive=false,wallhopFlick=false},
            {type="keyframe",time=0.139306,cframe=CFrame.new(-37.799099,-145.995010,23.940210,0.999911,-0.000000,-0.013321,0.000000,1.000000,-0.000000,0.013321,0.000000,0.999911),velocity=Vector3.new(0.000000, 0.000416, 0.000000),slideActive=false,wallhopFlick=false},
            {type="keyframe",time=0.144625,cframe=CFrame.new(-37.799099,-145.995010,23.940210,0.999911,-0.000000,-0.013321,0.000000,1.000000,-0.000000,0.013321,0.000000,0.999911),velocity=Vector3.new(0.000000, 0.000416, 0.000000),slideActive=false,wallhopFlick=false},
            {type="keyframe",time=0.148466,cframe=CFrame.new(-37.799099,-145.995010,23.940210,0.999911,-0.000000,-0.013321,0.000000,1.000000,-0.000000,0.013321,0.000000,0.999911),velocity=Vector3.new(0.000000, 0.000416, 0.000000),slideActive=false,wallhopFlick=false},
            {type="keyframe",time=0.152452,cframe=CFrame.new(-37.799099,-145.995010,23.940210,0.999911,-0.000000,-0.013321,0.000000,1.000000,-0.000000,0.013321,0.000000,0.999911),velocity=Vector3.new(0.000000, 0.000416, 0.000000),slideActive=false,wallhopFlick=false},
            {type="keyframe",time=0.156868,cframe=CFrame.new(-37.799099,-145.995010,23.940210,0.999911,-0.000000,-0.013321,0.000000,1.000000,-0.000000,0.013321,0.000000,0.999911),velocity=Vector3.new(0.000000, 0.000416, 0.000000),slideActive=false,wallhopFlick=false},
            {type="keyframe",time=0.162004,cframe=CFrame.new(-37.799099,-145.995010,23.940210,0.999911,-0.000000,-0.013321,0.000000,1.000000,-0.000000,0.013321,0.000000,0.999911),velocity=Vector3.new(0.000000, 0.000416, 0.000000),slideActive=false,wallhopFlick=false},
            {type="keyframe",time=0.165810,cframe=CFrame.new(-37.799099,-145.995010,23.940210,0.999911,-0.000000,-0.013321,0.000000,1.000000,-0.000000,0.013321,0.000000,0.999911),velocity=Vector3.new(0.000000, 0.000416, 0.000000),slideActive=false,wallhopFlick=false},
            {type="keyframe",time=0.170488,cframe=CFrame.new(-37.799099,-145.995010,23.940210,0.999911,-0.000000,-0.013321,0.000000,1.000000,-0.000000,0.013321,0.000000,0.999911),velocity=Vector3.new(0.000000, 0.000416, 0.000000),slideActive=false,wallhopFlick=false},
            {type="keyframe",time=0.174711,cframe=CFrame.new(-37.799099,-145.995010,23.940210,0.999911,-0.000000,-0.013321,0.000000,1.000000,-0.000000,0.013321,0.000000,0.999911),velocity=Vector3.new(0.000000, 0.000416, 0.000000),slideActive=false,wallhopFlick=false},
            {type="input",time=0.176028,key="W",state=true},
            {type="keyframe",time=0.180392,cframe=CFrame.new(-37.799099,-145.995010,23.940210,0.999911,-0.000000,-0.013321,0.000000,1.000000,-0.000000,0.013321,0.000000,0.999911),velocity=Vector3.new(0.000000, 0.000416, 0.000000),slideActive=false,wallhopFlick=false},
            {type="keyframe",time=0.188039,cframe=CFrame.new(-37.833778,-145.995010,23.882477,0.999091,-0.000000,-0.042619,0.000000,1.000000,-0.000000,0.042619,0.000000,0.999091),velocity=Vector3.new(-4.161561, 0.000416, -6.928132),slideActive=false,wallhopFlick=false},
            {type="keyframe",time=0.193121,cframe=CFrame.new(-37.903137,-145.995010,23.767008,0.997175,-0.000000,-0.075116,0.000000,1.000000,-0.000000,0.075116,0.000000,0.997175),velocity=Vector3.new(-8.323122, 0.000416, -13.856265),slideActive=false,wallhopFlick=false},
            {type="keyframe",time=0.196904,cframe=CFrame.new(-37.903137,-145.995010,23.767008,0.997175,-0.000000,-0.075116,0.000000,1.000000,-0.000000,0.075116,0.000000,0.997175),velocity=Vector3.new(-8.323122, 0.000416, -13.856265),slideActive=false,wallhopFlick=false},
            {type="keyframe",time=0.201781,cframe=CFrame.new(-37.986641,-145.995010,23.627989,0.994337,-0.000000,-0.106272,0.000000,1.000000,-0.000000,0.106272,0.000000,0.994337),velocity=Vector3.new(-10.020656, 0.000416, -16.682302),slideActive=false,wallhopFlick=false},
            {type="keyframe",time=0.205649,cframe=CFrame.new(-38.072136,-145.995010,23.485659,0.990792,-0.000000,-0.135392,0.000000,1.000000,-0.000000,0.135392,0.000000,0.990792),velocity=Vector3.new(-10.259371, 0.000416, -17.079714),slideActive=false,wallhopFlick=false},
            {type="keyframe",time=0.210383,cframe=CFrame.new(-38.072136,-145.995010,23.485659,0.990792,-0.000000,-0.135392,0.000000,1.000000,-0.000000,0.135392,0.000000,0.990792),velocity=Vector3.new(-10.259371, 0.000416, -17.079714),slideActive=false,wallhopFlick=false},
            {type="keyframe",time=0.214477,cframe=CFrame.new(-38.157909,-145.995010,23.342861,0.986714,-0.000000,-0.162469,0.000000,1.000000,-0.000000,0.162469,0.000000,0.986714),velocity=Vector3.new(-10.292940, 0.000416, -17.135601),slideActive=false,wallhopFlick=false},
            {type="keyframe",time=0.218641,cframe=CFrame.new(-38.157909,-145.995010,23.342861,0.986714,-0.000000,-0.162469,0.000000,1.000000,-0.000000,0.162469,0.000000,0.986714),velocity=Vector3.new(-10.292940, 0.000416, -17.135601),slideActive=false,wallhopFlick=false},
            {type="keyframe",time=0.222907,cframe=CFrame.new(-38.243725,-145.995010,23.199999,0.982243,-0.000000,-0.187611,0.000000,1.000000,0.000000,0.187611,-0.000000,0.982243),velocity=Vector3.new(-10.297661, 0.000416, -17.143459),slideActive=false,wallhopFlick=false},
            {type="keyframe",time=0.228034,cframe=CFrame.new(-38.243725,-145.995010,23.199999,0.982243,-0.000000,-0.187611,0.000000,1.000000,0.000000,0.187611,-0.000000,0.982243),velocity=Vector3.new(-10.297661, 0.000416, -17.143459),slideActive=false,wallhopFlick=false},
            {type="keyframe",time=0.232630,cframe=CFrame.new(-38.329544,-145.995010,23.057127,0.977498,0.000000,-0.210944,-0.000000,1.000000,0.000000,0.210944,-0.000000,0.977498),velocity=Vector3.new(-10.298325, 0.000416, -17.144564),slideActive=false,wallhopFlick=false},
            {type="keyframe",time=0.236206,cframe=CFrame.new(-38.329544,-145.995010,23.057127,0.977498,0.000000,-0.210944,-0.000000,1.000000,0.000000,0.210944,-0.000000,0.977498),velocity=Vector3.new(-10.298325, 0.000416, -17.144564),slideActive=false,wallhopFlick=false},
            {type="keyframe",time=0.240719,cframe=CFrame.new(-38.415363,-145.995010,22.914255,0.972574,0.000000,-0.232592,-0.000000,1.000000,0.000000,0.232592,-0.000000,0.972574),velocity=Vector3.new(-10.298418, 0.000416, -17.144720),slideActive=false,wallhopFlick=false},
            {type="keyframe",time=0.245809,cframe=CFrame.new(-38.415363,-145.995010,22.914255,0.972574,0.000000,-0.232592,-0.000000,1.000000,0.000000,0.232592,-0.000000,0.972574),velocity=Vector3.new(-10.298418, 0.000416, -17.144720),slideActive=false,wallhopFlick=false},
            {type="keyframe",time=0.249592,cframe=CFrame.new(-38.501183,-146.043182,22.771381,0.967552,0.000000,-0.252673,-0.000000,1.000000,0.000000,0.252673,-0.000000,0.967552),velocity=Vector3.new(-10.298431, -5.781128, -17.144741),slideActive=false,wallhopFlick=false},
            {type="keyframe",time=0.253859,cframe=CFrame.new(-38.501183,-146.043182,22.771381,0.967552,0.000000,-0.252673,-0.000000,1.000000,0.000000,0.252673,-0.000000,0.967552),velocity=Vector3.new(-10.298431, -5.781128, -17.144741),slideActive=false,wallhopFlick=false},
            {type="keyframe",time=0.258336,cframe=CFrame.new(-38.587002,-146.107346,22.628508,0.962495,0.000000,-0.271300,-0.000000,1.000000,0.000000,0.271300,-0.000000,0.962495),velocity=Vector3.new(-10.298433, -7.698945, -17.144745),slideActive=false,wallhopFlick=false},
            {type="keyframe",time=0.263477,cframe=CFrame.new(-38.587002,-146.107346,22.628508,0.962495,0.000000,-0.271300,-0.000000,1.000000,0.000000,0.271300,-0.000000,0.962495),velocity=Vector3.new(-10.298433, -7.698945, -17.144745),slideActive=false,wallhopFlick=false},
            {type="keyframe",time=0.267301,cframe=CFrame.new(-38.672821,-146.185135,22.485634,0.957457,0.000000,-0.288576,-0.000000,1.000000,0.000000,0.288576,-0.000000,0.957457),velocity=Vector3.new(-10.298433, -9.333945, -17.144745),slideActive=false,wallhopFlick=false},
            {type="keyframe",time=0.271441,cframe=CFrame.new(-38.672821,-146.185135,22.485634,0.957457,0.000000,-0.288576,-0.000000,1.000000,0.000000,0.288576,-0.000000,0.957457),velocity=Vector3.new(-10.298433, -9.333945, -17.144745),slideActive=false,wallhopFlick=false},
            {type="keyframe",time=0.276181,cframe=CFrame.new(-38.758640,-146.276550,22.342760,0.952480,0.000000,-0.304600,-0.000000,1.000000,0.000000,0.304600,-0.000000,0.952480),velocity=Vector3.new(-10.298433, -10.968946, -17.144745),slideActive=false,wallhopFlick=false},
            {type="keyframe",time=0.280468,cframe=CFrame.new(-38.758640,-146.276550,22.342760,0.952480,0.000000,-0.304600,-0.000000,1.000000,0.000000,0.304600,-0.000000,0.952480),velocity=Vector3.new(-10.298433, -10.968946, -17.144745),slideActive=false,wallhopFlick=false},
            {type="keyframe",time=0.284685,cframe=CFrame.new(-38.844460,-146.381577,22.199886,0.947599,0.000000,-0.319463,-0.000000,1.000000,0.000000,0.319463,-0.000000,0.947599),velocity=Vector3.new(-10.298433, -12.603946, -17.144745),slideActive=false,wallhopFlick=false},
            {type="keyframe",time=0.288748,cframe=CFrame.new(-38.844460,-146.381577,22.199886,0.947599,0.000000,-0.319463,-0.000000,1.000000,0.000000,0.319463,-0.000000,0.947599),velocity=Vector3.new(-10.298433, -12.603946, -17.144745),slideActive=false,wallhopFlick=false},
            {type="keyframe",time=0.293943,cframe=CFrame.new(-38.930279,-146.500229,22.057013,0.942838,0.000000,-0.333252,-0.000000,1.000000,0.000000,0.333252,-0.000000,0.942838),velocity=Vector3.new(-10.298433, -14.238946, -17.144745),slideActive=false,wallhopFlick=false},
            {type="keyframe",time=0.297926,cframe=CFrame.new(-39.016098,-146.632507,21.914139,0.938218,0.000000,-0.346044,-0.000000,1.000000,0.000000,0.346044,-0.000000,0.938218),velocity=Vector3.new(-10.298433, -15.873946, -17.144745),slideActive=false,wallhopFlick=false},
            {type="keyframe",time=0.302375,cframe=CFrame.new(-39.016098,-146.632507,21.914139,0.938218,0.000000,-0.346044,-0.000000,1.000000,0.000000,0.346044,-0.000000,0.938218),velocity=Vector3.new(-10.298433, -15.873946, -17.144745),slideActive=false,wallhopFlick=false},
            {type="keyframe",time=0.306270,cframe=CFrame.new(-39.101917,-146.778412,21.771265,0.933755,0.000000,-0.357913,-0.000000,1.000000,0.000000,0.357913,-0.000000,0.933755),velocity=Vector3.new(-10.298433, -17.508945, -17.144745),slideActive=false,wallhopFlick=false},
            {type="keyframe",time=0.311631,cframe=CFrame.new(-39.101917,-146.778412,21.771265,0.933755,0.000000,-0.357913,-0.000000,1.000000,0.000000,0.357913,-0.000000,0.933755),velocity=Vector3.new(-10.298433, -17.508945, -17.144745),slideActive=false,wallhopFlick=false},
            {type="keyframe",time=0.315558,cframe=CFrame.new(-39.187737,-146.937943,21.628391,0.929458,0.000000,-0.368929,-0.000000,1.000000,0.000000,0.368929,-0.000000,0.929458),velocity=Vector3.new(-10.298433, -19.143946, -17.144745),slideActive=false,wallhopFlick=false},
            {type="keyframe",time=0.320837,cframe=CFrame.new(-39.187737,-146.937943,21.628391,0.929458,0.000000,-0.368929,-0.000000,1.000000,0.000000,0.368929,-0.000000,0.929458),velocity=Vector3.new(-10.298433, -19.143946, -17.144745),slideActive=false,wallhopFlick=false},
            {type="keyframe",time=0.324467,cframe=CFrame.new(-39.273556,-147.111099,21.485518,0.925334,0.000000,-0.379153,-0.000000,1.000000,0.000000,0.379153,-0.000000,0.925334),velocity=Vector3.new(-10.298433, -20.778946, -17.144745),slideActive=false,wallhopFlick=false},
            {type="keyframe",time=0.329357,cframe=CFrame.new(-39.273556,-147.111099,21.485518,0.925334,0.000000,-0.379153,-0.000000,1.000000,0.000000,0.379153,-0.000000,0.925334),velocity=Vector3.new(-10.298433, -20.778946, -17.144745),slideActive=false,wallhopFlick=false},
            {type="keyframe",time=0.332998,cframe=CFrame.new(-39.359375,-147.134705,21.342644,0.921388,-0.000000,-0.388644,-0.000000,1.000000,-0.000000,0.388644,0.000000,0.921388),velocity=Vector3.new(-10.298433, -2.831795, -17.144745),slideActive=false,wallhopFlick=false},
            {type="keyframe",time=0.337311,cframe=CFrame.new(-39.359375,-147.134705,21.342644,0.921388,-0.000000,-0.388644,-0.000000,1.000000,-0.000000,0.388644,0.000000,0.921388),velocity=Vector3.new(-10.298433, -2.831795, -17.144745),slideActive=false,wallhopFlick=false},
            {type="keyframe",time=0.341613,cframe=CFrame.new(-39.445194,-147.119995,21.199770,0.917621,-0.000000,-0.397457,0.000000,1.000000,-0.000000,0.397457,0.000000,0.917621),velocity=Vector3.new(-10.298433, 1.765307, -17.144745),slideActive=false,wallhopFlick=false},
            {type="keyframe",time=0.346678,cframe=CFrame.new(-39.445194,-147.119995,21.199770,0.917621,-0.000000,-0.397457,0.000000,1.000000,-0.000000,0.397457,0.000000,0.917621),velocity=Vector3.new(-10.298433, 1.765307, -17.144745),slideActive=false,wallhopFlick=false},
            {type="keyframe",time=0.350211,cframe=CFrame.new(-39.531013,-147.096405,21.056896,0.914033,-0.000000,-0.405641,0.000000,1.000000,-0.000000,0.405641,0.000000,0.914033),velocity=Vector3.new(-10.298433, 2.830646, -17.144745),slideActive=false,wallhopFlick=false},
            {type="keyframe",time=0.354644,cframe=CFrame.new(-39.531013,-147.096405,21.056896,0.914033,-0.000000,-0.405641,0.000000,1.000000,-0.000000,0.405641,0.000000,0.914033),velocity=Vector3.new(-10.298433, 2.830646, -17.144745),slideActive=false,wallhopFlick=false},
            {type="keyframe",time=0.358952,cframe=CFrame.new(-39.616833,-147.074005,20.914022,0.910621,-0.000000,-0.413242,0.000000,1.000000,-0.000000,0.413242,0.000000,0.910621),velocity=Vector3.new(-10.298434, 2.688619, -17.144745),slideActive=false,wallhopFlick=false},
            {type="keyframe",time=0.363994,cframe=CFrame.new(-39.616833,-147.074005,20.914022,0.910621,-0.000000,-0.413242,0.000000,1.000000,-0.000000,0.413242,0.000000,0.910621),velocity=Vector3.new(-10.298434, 2.688619, -17.144745),slideActive=false,wallhopFlick=false},
            {type="keyframe",time=0.367465,cframe=CFrame.new(-39.702652,-147.055542,20.771149,0.907384,-0.000000,-0.420304,0.000000,1.000000,-0.000000,0.420304,0.000000,0.907384),velocity=Vector3.new(-10.298434, 2.215283, -17.144745),slideActive=false,wallhopFlick=false},
            {type="keyframe",time=0.371700,cframe=CFrame.new(-39.702652,-147.055542,20.771149,0.907384,-0.000000,-0.420304,0.000000,1.000000,-0.000000,0.420304,0.000000,0.907384),velocity=Vector3.new(-10.298434, 2.215283, -17.144745),slideActive=false,wallhopFlick=false},
            {type="keyframe",time=0.376474,cframe=CFrame.new(-39.788025,-147.041199,20.628010,0.904401,-0.000000,-0.426683,0.000000,1.000000,-0.000000,0.426683,0.000000,0.904401),velocity=Vector3.new(-10.244890, 1.720605, -17.176775),slideActive=false,wallhopFlick=false},
            {type="keyframe",time=0.380702,cframe=CFrame.new(-39.788025,-147.041199,20.628010,0.904401,-0.000000,-0.426683,0.000000,1.000000,-0.000000,0.426683,0.000000,0.904401),velocity=Vector3.new(-10.244890, 1.720605, -17.176775),slideActive=false,wallhopFlick=false},
            {type="keyframe",time=0.384726,cframe=CFrame.new(-39.872890,-147.030380,20.484568,0.901683,-0.000000,-0.432397,0.000000,1.000000,-0.000000,0.432397,0.000000,0.901683),velocity=Vector3.new(-10.183699, 1.299058, -17.213116),slideActive=false,wallhopFlick=false},
            {type="keyframe",time=0.389058,cframe=CFrame.new(-39.872890,-147.030380,20.484568,0.901683,-0.000000,-0.432397,0.000000,1.000000,-0.000000,0.432397,0.000000,0.901683),velocity=Vector3.new(-10.183699, 1.299058, -17.213116),slideActive=false,wallhopFlick=false},
            {type="keyframe",time=0.394038,cframe=CFrame.new(-39.957233,-147.022324,20.340818,0.899223,-0.000000,-0.437490,0.000000,1.000000,-0.000000,0.437490,0.000000,0.899223),velocity=Vector3.new(-10.121317, 0.966894, -17.249870),slideActive=false,wallhopFlick=false},
            {type="keyframe",time=0.398094,cframe=CFrame.new(-40.041054,-147.016373,20.196764,0.897012,-0.000000,-0.442007,0.000000,1.000000,-0.000000,0.442007,0.000000,0.897012),velocity=Vector3.new(-10.058653, 0.714178, -17.286486),slideActive=false,wallhopFlick=false},
            {type="keyframe",time=0.402121,cframe=CFrame.new(-40.041054,-147.016373,20.196764,0.897012,-0.000000,-0.442007,0.000000,1.000000,-0.000000,0.442007,0.000000,0.897012),velocity=Vector3.new(-10.058653, 0.714178, -17.286486),slideActive=false,wallhopFlick=false},
            {type="keyframe",time=0.406270,cframe=CFrame.new(-40.124352,-147.011993,20.052406,0.895039,-0.000000,-0.445988,0.000000,1.000000,-0.000000,0.445988,0.000000,0.895039),velocity=Vector3.new(-9.995833, 0.525351, -17.322882),slideActive=false,wallhopFlick=false},
            {type="keyframe",time=0.411428,cframe=CFrame.new(-40.124352,-147.011993,20.052406,0.895039,-0.000000,-0.445988,0.000000,1.000000,-0.000000,0.445988,0.000000,0.895039),velocity=Vector3.new(-9.995833, 0.525351, -17.322882),slideActive=false,wallhopFlick=false},
            {type="keyframe",time=0.415461,cframe=CFrame.new(-40.207127,-147.008774,19.907747,0.893294,-0.000000,-0.449473,0.000000,1.000000,-0.000000,0.449473,0.000000,0.893294),velocity=Vector3.new(-9.932880, 0.385556, -17.359056),slideActive=false,wallhopFlick=false},
            {type="keyframe",time=0.419719,cframe=CFrame.new(-40.207127,-147.008774,19.907747,0.893294,-0.000000,-0.449473,0.000000,1.000000,-0.000000,0.449473,0.000000,0.893294),velocity=Vector3.new(-9.932880, 0.385556, -17.359056),slideActive=false,wallhopFlick=false},
            {type="keyframe",time=0.424120,cframe=CFrame.new(-40.288921,-147.006424,19.762533,0.891857,-0.000000,-0.452317,0.000000,1.000000,-0.000000,0.452317,0.000000,0.891857),velocity=Vector3.new(-9.815455, 0.282496, -17.425659),slideActive=false,wallhopFlick=false},
            {type="keyframe",time=0.428997,cframe=CFrame.new(-40.288921,-147.006424,19.762533,0.891857,-0.000000,-0.452317,0.000000,1.000000,-0.000000,0.452317,0.000000,0.891857),velocity=Vector3.new(-9.815455, 0.282496, -17.425659),slideActive=false,wallhopFlick=false},
            {type="keyframe",time=0.432581,cframe=CFrame.new(-40.369671,-147.004700,19.616735,0.890729,-0.000000,-0.454535,0.000000,1.000000,-0.000000,0.454535,0.000000,0.890729),velocity=Vector3.new(-9.689926, 0.206974, -17.495756),slideActive=false,wallhopFlick=false},
            {type="keyframe",time=0.436733,cframe=CFrame.new(-40.369671,-147.004700,19.616735,0.890729,-0.000000,-0.454535,0.000000,1.000000,-0.000000,0.454535,0.000000,0.890729),velocity=Vector3.new(-9.689926, 0.206974, -17.495756),slideActive=false,wallhopFlick=false},
            {type="keyframe",time=0.441148,cframe=CFrame.new(-40.449360,-147.003433,19.470356,0.889895,0.000000,-0.456164,0.000000,1.000000,0.000000,0.456164,-0.000000,0.889895),velocity=Vector3.new(-9.562817, 0.151588, -17.565550),slideActive=false,wallhopFlick=false},
            {type="keyframe",time=0.446005,cframe=CFrame.new(-40.449360,-147.003433,19.470356,0.889895,0.000000,-0.456164,0.000000,1.000000,0.000000,0.456164,-0.000000,0.889895),velocity=Vector3.new(-9.562817, 0.151588, -17.565550),slideActive=false,wallhopFlick=false},
            {type="keyframe",time=0.450005,cframe=CFrame.new(-40.527985,-147.002502,19.323402,0.889340,0.000000,-0.457246,-0.000000,1.000000,0.000000,0.457246,-0.000000,0.889340),velocity=Vector3.new(-9.435057, 0.110931, -17.634502),slideActive=false,wallhopFlick=false},
            {type="keyframe",time=0.454299,cframe=CFrame.new(-40.527985,-147.002502,19.323402,0.889340,0.000000,-0.457246,-0.000000,1.000000,0.000000,0.457246,-0.000000,0.889340),velocity=Vector3.new(-9.435057, 0.110931, -17.634502),slideActive=false,wallhopFlick=false},
            {type="keyframe",time=0.458673,cframe=CFrame.new(-40.604618,-147.001831,19.175402,0.889230,0.000000,-0.457459,-0.000000,1.000000,0.000000,0.457459,-0.000000,0.889230),velocity=Vector3.new(-9.196045, 0.081066, -17.760077),slideActive=false,wallhopFlick=false},
            {type="keyframe",time=0.463438,cframe=CFrame.new(-40.604618,-147.001831,19.175402,0.889230,0.000000,-0.457459,-0.000000,1.000000,0.000000,0.457459,-0.000000,0.889230),velocity=Vector3.new(-9.196045, 0.081066, -17.760077),slideActive=false,wallhopFlick=false},
            {type="keyframe",time=0.467103,cframe=CFrame.new(-40.680046,-147.001343,19.026781,0.889386,0.000000,-0.457158,-0.000000,1.000000,0.000000,0.457158,-0.000000,0.889386),velocity=Vector3.new(-9.051282, 0.059365, -17.834467),slideActive=false,wallhopFlick=false},
            {type="keyframe",time=0.471377,cframe=CFrame.new(-40.680046,-147.001343,19.026781,0.889386,0.000000,-0.457158,-0.000000,1.000000,0.000000,0.457158,-0.000000,0.889386),velocity=Vector3.new(-9.051282, 0.059365, -17.834467),slideActive=false,wallhopFlick=false},
            {type="keyframe",time=0.476164,cframe=CFrame.new(-40.754375,-147.000977,18.877607,0.889760,0.000000,-0.456428,-0.000000,1.000000,0.000000,0.456428,-0.000000,0.889760),velocity=Vector3.new(-8.919365, 0.043588, -17.900854),slideActive=false,wallhopFlick=false},
            {type="keyframe",time=0.480181,cframe=CFrame.new(-40.754375,-147.000977,18.877607,0.889760,0.000000,-0.456428,-0.000000,1.000000,0.000000,0.456428,-0.000000,0.889760),velocity=Vector3.new(-8.919365, 0.043588, -17.900854),slideActive=false,wallhopFlick=false},
            {type="keyframe",time=0.484358,cframe=CFrame.new(-40.827618,-147.000717,18.727896,0.890334,0.000000,-0.455309,-0.000000,1.000000,0.000000,0.455309,-0.000000,0.890334),velocity=Vector3.new(-8.788853, 0.031902, -17.965300),slideActive=false,wallhopFlick=false},
            {type="keyframe",time=0.488489,cframe=CFrame.new(-40.827618,-147.000717,18.727896,0.890334,0.000000,-0.455309,-0.000000,1.000000,0.000000,0.455309,-0.000000,0.890334),velocity=Vector3.new(-8.788853, 0.031902, -17.965300),slideActive=false,wallhopFlick=false},
            {type="keyframe",time=0.493345,cframe=CFrame.new(-40.899769,-147.000519,18.577658,0.891090,0.000000,-0.453826,-0.000000,1.000000,0.000000,0.453826,-0.000000,0.891090),velocity=Vector3.new(-8.658139, 0.023474, -18.028660),slideActive=false,wallhopFlick=false},
            {type="keyframe",time=0.497551,cframe=CFrame.new(-40.899769,-147.000519,18.577658,0.891090,0.000000,-0.453826,-0.000000,1.000000,0.000000,0.453826,-0.000000,0.891090),velocity=Vector3.new(-8.658139, 0.023474, -18.028660),slideActive=false,wallhopFlick=false},
            {type="keyframe",time=0.502011,cframe=CFrame.new(-40.970829,-147.000381,18.426899,0.892015,0.000000,-0.452005,-0.000000,1.000000,0.000000,0.452005,-0.000000,0.892015),velocity=Vector3.new(-8.527009, 0.017179, -18.091051),slideActive=false,wallhopFlick=false},
            {type="keyframe",time=0.505862,cframe=CFrame.new(-41.041733,-147.000275,18.276068,0.892914,0.000000,-0.450228,-0.000000,1.000000,0.000000,0.450228,-0.000000,0.892914),velocity=Vector3.new(-8.508569, 0.012686, -18.099823),slideActive=false,wallhopFlick=false},
            {type="keyframe",time=0.510922,cframe=CFrame.new(-41.041733,-147.000275,18.276068,0.892914,0.000000,-0.450228,-0.000000,1.000000,0.000000,0.450228,-0.000000,0.892914),velocity=Vector3.new(-8.508569, 0.012686, -18.099823),slideActive=false,wallhopFlick=false},
            {type="keyframe",time=0.514652,cframe=CFrame.new(-41.110725,-147.000198,18.124355,0.894117,0.000000,-0.447833,-0.000000,1.000000,0.000000,0.447833,-0.000000,0.894117),velocity=Vector3.new(-8.279329, 0.009309, -18.205553),slideActive=false,wallhopFlick=false},
            {type="keyframe",time=0.518876,cframe=CFrame.new(-41.110725,-147.000198,18.124355,0.894117,0.000000,-0.447833,-0.000000,1.000000,0.000000,0.447833,-0.000000,0.894117),velocity=Vector3.new(-8.279329, 0.009309, -18.205553),slideActive=false,wallhopFlick=false},
            {type="input",time=0.519968,key="A",state=true},
            {type="keyframe",time=0.523712,cframe=CFrame.new(-41.178501,-147.000137,17.972094,0.895478,0.000000,-0.445106,-0.000000,1.000000,0.000000,0.445106,-0.000000,0.895478),velocity=Vector3.new(-8.133206, 0.006848, -18.271435),slideActive=false,wallhopFlick=false},
            {type="keyframe",time=0.528437,cframe=CFrame.new(-41.178501,-147.000137,17.972094,0.895478,0.000000,-0.445106,-0.000000,1.000000,0.000000,0.445106,-0.000000,0.895478),velocity=Vector3.new(-8.133206, 0.006848, -18.271435),slideActive=false,wallhopFlick=false},
            {type="keyframe",time=0.531956,cframe=CFrame.new(-41.284863,-147.000092,17.860134,0.876823,0.000000,-0.480813,-0.000000,1.000000,0.000000,0.480813,-0.000000,0.876823),velocity=Vector3.new(-12.763167, 0.004950, -13.435026),slideActive=false,wallhopFlick=false},
            {type="keyframe",time=0.536206,cframe=CFrame.new(-41.284863,-147.000092,17.860134,0.876823,0.000000,-0.480813,-0.000000,1.000000,0.000000,0.480813,-0.000000,0.876823),velocity=Vector3.new(-12.763167, 0.004950, -13.435026),slideActive=false,wallhopFlick=false},
            {type="keyframe",time=0.540375,cframe=CFrame.new(-41.428673,-147.000061,17.786787,0.854383,0.000000,-0.519644,-0.000000,1.000000,0.000000,0.519644,-0.000000,0.854383),velocity=Vector3.new(-17.257225, 0.003511, -8.801741),slideActive=false,wallhopFlick=false},
            {type="keyframe",time=0.545302,cframe=CFrame.new(-41.428673,-147.000061,17.786787,0.854383,0.000000,-0.519644,-0.000000,1.000000,0.000000,0.519644,-0.000000,0.854383),velocity=Vector3.new(-17.257225, 0.003511, -8.801741),slideActive=false,wallhopFlick=false},
            {type="keyframe",time=0.549141,cframe=CFrame.new(-41.581387,-147.000046,17.722059,0.831413,0.000000,-0.555654,-0.000000,1.000000,0.000000,0.555654,0.000000,0.831413),velocity=Vector3.new(-18.325678, 0.002500, -7.767348),slideActive=false,wallhopFlick=false},
            {type="keyframe",time=0.553209,cframe=CFrame.new(-41.581387,-147.000046,17.722059,0.831413,0.000000,-0.555654,-0.000000,1.000000,0.000000,0.555654,0.000000,0.831413),velocity=Vector3.new(-18.325678, 0.002500, -7.767348),slideActive=false,wallhopFlick=false},
            {type="keyframe",time=0.557617,cframe=CFrame.new(-41.734955,-147.000031,17.657583,0.808773,-0.000000,-0.588121,0.000000,1.000000,-0.000000,0.588121,0.000000,0.808773),velocity=Vector3.new(-18.428104, 0.001910, -7.737147),slideActive=false,wallhopFlick=false},
            {type="keyframe",time=0.562404,cframe=CFrame.new(-41.734955,-147.000031,17.657583,0.808773,-0.000000,-0.588121,0.000000,1.000000,-0.000000,0.588121,0.000000,0.808773),velocity=Vector3.new(-18.428104, 0.001910, -7.737147),slideActive=false,wallhopFlick=false},
            {type="keyframe",time=0.565942,cframe=CFrame.new(-41.888237,-147.000015,17.592184,0.786797,-0.000000,-0.617212,0.000000,1.000000,-0.000000,0.617212,0.000000,0.786797),velocity=Vector3.new(-18.393845, 0.001442, -7.847814),slideActive=false,wallhopFlick=false},
            {type="keyframe",time=0.570212,cframe=CFrame.new(-41.888237,-147.000015,17.592184,0.786797,-0.000000,-0.617212,0.000000,1.000000,-0.000000,0.617212,0.000000,0.786797),velocity=Vector3.new(-18.393845, 0.001442, -7.847814),slideActive=false,wallhopFlick=false},
            {type="keyframe",time=0.574624,cframe=CFrame.new(-42.041275,-147.000000,17.526178,0.765545,-0.000000,-0.643383,0.000000,1.000000,-0.000000,0.643383,0.000000,0.765545),velocity=Vector3.new(-18.364384, 0.001011, -7.920699),slideActive=false,wallhopFlick=false},
            {type="keyframe",time=0.579395,cframe=CFrame.new(-42.041275,-147.000000,17.526178,0.765545,-0.000000,-0.643383,0.000000,1.000000,-0.000000,0.643383,0.000000,0.765545),velocity=Vector3.new(-18.364384, 0.001011, -7.920699),slideActive=false,wallhopFlick=false},
            {type="keyframe",time=0.583269,cframe=CFrame.new(-42.194069,-147.000000,17.459610,0.745113,-0.000000,-0.666938,0.000000,1.000000,-0.000000,0.666938,0.000000,0.745113),velocity=Vector3.new(-18.335386, 0.000591, -7.988183),slideActive=false,wallhopFlick=false},
            {type="keyframe",time=0.587824,cframe=CFrame.new(-42.194069,-147.000000,17.459610,0.745113,-0.000000,-0.666938,0.000000,1.000000,-0.000000,0.666938,0.000000,0.745113),velocity=Vector3.new(-18.335386, 0.000591, -7.988183),slideActive=false,wallhopFlick=false},
            {type="keyframe",time=0.591799,cframe=CFrame.new(-42.346409,-147.000000,17.392012,0.725718,-0.000000,-0.687992,0.000000,1.000000,-0.000000,0.687992,0.000000,0.725718),velocity=Vector3.new(-18.280981, 0.000467, -8.111867),slideActive=false,wallhopFlick=false},
            {type="keyframe",time=0.596817,cframe=CFrame.new(-42.346409,-147.000000,17.392012,0.725718,-0.000000,-0.687992,0.000000,1.000000,-0.000000,0.687992,0.000000,0.725718),velocity=Vector3.new(-18.280981, 0.000467, -8.111867),slideActive=false,wallhopFlick=false},
            {type="keyframe",time=0.600666,cframe=CFrame.new(-42.498474,-147.000000,17.323793,0.707298,-0.000000,-0.706916,0.000000,1.000000,-0.000000,0.706916,0.000000,0.707298),velocity=Vector3.new(-18.247856, 0.000431, -8.186215),slideActive=false,wallhopFlick=false},
            {type="keyframe",time=0.604718,cframe=CFrame.new(-42.498474,-147.000000,17.323793,0.707298,-0.000000,-0.706916,0.000000,1.000000,-0.000000,0.706916,0.000000,0.707298),velocity=Vector3.new(-18.247856, 0.000431, -8.186215),slideActive=false,wallhopFlick=false},
            {type="keyframe",time=0.609283,cframe=CFrame.new(-42.650501,-147.000000,17.255487,0.689714,-0.000000,-0.724082,0.000000,1.000000,-0.000000,0.724082,0.000000,0.689714),velocity=Vector3.new(-18.243198, 0.000420, -8.196671),slideActive=false,wallhopFlick=false},
            {type="keyframe",time=0.613430,cframe=CFrame.new(-42.650501,-147.000000,17.255487,0.689714,-0.000000,-0.724082,0.000000,1.000000,-0.000000,0.724082,0.000000,0.689714),velocity=Vector3.new(-18.243198, 0.000420, -8.196671),slideActive=false,wallhopFlick=false},
            {type="keyframe",time=0.617465,cframe=CFrame.new(-42.802307,-147.000000,17.186695,0.673100,-0.000000,-0.739552,0.000000,1.000000,-0.000000,0.739552,0.000000,0.673100),velocity=Vector3.new(-18.216862, 0.000417, -8.255010),slideActive=false,wallhopFlick=false},
            {type="keyframe",time=0.621730,cframe=CFrame.new(-42.802307,-147.000000,17.186695,0.673100,-0.000000,-0.739552,0.000000,1.000000,-0.000000,0.739552,0.000000,0.673100),velocity=Vector3.new(-18.216862, 0.000417, -8.255010),slideActive=false,wallhopFlick=false},
            {type="keyframe",time=0.626498,cframe=CFrame.new(-42.954082,-147.000000,17.117834,0.657325,-0.000000,-0.753608,0.000000,1.000000,-0.000000,0.753608,0.000000,0.657325),velocity=Vector3.new(-18.213160, 0.000416, -8.263214),slideActive=false,wallhopFlick=false},
            {type="keyframe",time=0.630556,cframe=CFrame.new(-42.954082,-147.000000,17.117834,0.657325,-0.000000,-0.753608,0.000000,1.000000,-0.000000,0.753608,0.000000,0.657325),velocity=Vector3.new(-18.213160, 0.000416, -8.263214),slideActive=false,wallhopFlick=false},
            {type="keyframe",time=0.638853,cframe=CFrame.new(-43.105854,-147.000000,17.048964,0.642357,-0.000000,-0.766406,0.000000,1.000000,-0.000000,0.766406,0.000000,0.642357),velocity=Vector3.new(-18.212639, 0.000416, -8.264367),slideActive=false,wallhopFlick=false},
            {type="keyframe",time=0.643840,cframe=CFrame.new(-43.257626,-147.000000,16.980093,0.628177,-0.000000,-0.778071,0.000000,1.000000,-0.000000,0.778071,0.000000,0.628177),velocity=Vector3.new(-18.212564, 0.000416, -8.264529),slideActive=false,wallhopFlick=false},
