local TAS_LIBRARY = {}

function TAS_LIBRARY.getTAS(mapName)
    local tasData = nil
        if mapName == "walk_test" then
        tasData = {
            {type="keyframe",time=0.004478,cframe=CFrame.new(-32.000095,-147.000000,52.633984,-0.866007,0.000000,0.500031,0.000000,1.000000,0.000000,-0.500031,0.000000,-0.866007),velocity=Vector3.new(0.000000, 0.000416, 0.000000),slideActive=false,wallhopFlick=false},
            {type="keyframe",time=0.009287,cframe=CFrame.new(-32.000095,-147.000000,52.633984,-0.866007,0.000000,0.500031,0.000000,1.000000,0.000000,-0.500031,0.000000,-0.866007),velocity=Vector3.new(0.000000, 0.000416, 0.000000),slideActive=false,wallhopFlick=false},
            {type="keyframe",time=0.014571,cframe=CFrame.new(-32.000095,-147.000000,52.633984,-0.866007,0.000000,0.500031,0.000000,1.000000,0.000000,-0.500031,0.000000,-0.866007),velocity=Vector3.new(0.000000, 0.000416, 0.000000),slideActive=false,wallhopFlick=false},
            {type="keyframe",time=0.020546,cframe=CFrame.new(-32.000095,-147.000000,52.633984,-0.866007,0.000000,0.500031,0.000000,1.000000,0.000000,-0.500031,0.000000,-0.866007),velocity=Vector3.new(0.000000, 0.000416, 0.000000),slideActive=false,wallhopFlick=false},
            {type="keyframe",time=0.025261,cframe=CFrame.new(-32.000095,-147.000000,52.633984,-0.866007,0.000000,0.500031,0.000000,1.000000,0.000000,-0.500031,0.000000,-0.866007),velocity=Vector3.new(0.000000, 0.000416, 0.000000),slideActive=false,wallhopFlick=false},
            {type="keyframe",time=0.030730,cframe=CFrame.new(-32.000095,-147.000000,52.633984,-0.866007,0.000000,0.500031,0.000000,1.000000,0.000000,-0.500031,0.000000,-0.866007),velocity=Vector3.new(0.000000, 0.000416, 0.000000),slideActive=false,wallhopFlick=false},
            {type="keyframe",time=0.036200,cframe=CFrame.new(-32.000095,-147.000000,52.633984,-0.866007,0.000000,0.500031,0.000000,1.000000,0.000000,-0.500031,0.000000,-0.866007),velocity=Vector3.new(0.000000, 0.000416, 0.000000),slideActive=false,wallhopFlick=false},
            {type="keyframe",time=0.042361,cframe=CFrame.new(-32.000095,-147.000000,52.633984,-0.866007,0.000000,0.500031,0.000000,1.000000,0.000000,-0.500031,0.000000,-0.866007),velocity=Vector3.new(0.000000, 0.000416, 0.000000),slideActive=false,wallhopFlick=false},
            {type="keyframe",time=0.047201,cframe=CFrame.new(-32.000095,-147.000000,52.633984,-0.866007,0.000000,0.500031,0.000000,1.000000,0.000000,-0.500031,0.000000,-0.866007),velocity=Vector3.new(0.000000, 0.000416, 0.000000),slideActive=false,wallhopFlick=false},
            {type="keyframe",time=0.052608,cframe=CFrame.new(-32.000095,-147.000000,52.633984,-0.866007,0.000000,0.500031,0.000000,1.000000,0.000000,-0.500031,0.000000,-0.866007),velocity=Vector3.new(0.000000, 0.000416, 0.000000),slideActive=false,wallhopFlick=false},
            {type="keyframe",time=0.057752,cframe=CFrame.new(-32.000095,-147.000000,52.633984,-0.866007,0.000000,0.500031,0.000000,1.000000,0.000000,-0.500031,0.000000,-0.866007),velocity=Vector3.new(0.000000, 0.000416, 0.000000),slideActive=false,wallhopFlick=false},
            {type="keyframe",time=0.063317,cframe=CFrame.new(-32.000095,-147.000000,52.633984,-0.866007,0.000000,0.500031,0.000000,1.000000,0.000000,-0.500031,0.000000,-0.866007),velocity=Vector3.new(0.000000, 0.000416, 0.000000),slideActive=false,wallhopFlick=false},
            {type="keyframe",time=0.068970,cframe=CFrame.new(-32.000095,-147.000000,52.633984,-0.866007,0.000000,0.500031,0.000000,1.000000,0.000000,-0.500031,0.000000,-0.866007),velocity=Vector3.new(0.000000, 0.000416, 0.000000),slideActive=false,wallhopFlick=false},
            {type="keyframe",time=0.074075,cframe=CFrame.new(-32.000095,-147.000000,52.633984,-0.866007,0.000000,0.500031,0.000000,1.000000,0.000000,-0.500031,0.000000,-0.866007),velocity=Vector3.new(0.000000, 0.000416, 0.000000),slideActive=false,wallhopFlick=false},
            {type="keyframe",time=0.079379,cframe=CFrame.new(-32.000095,-147.000000,52.633984,-0.866007,0.000000,0.500031,0.000000,1.000000,0.000000,-0.500031,0.000000,-0.866007),velocity=Vector3.new(0.000000, 0.000416, 0.000000),slideActive=false,wallhopFlick=false},
            {type="keyframe",time=0.083692,cframe=CFrame.new(-32.000095,-147.000000,52.633984,-0.866007,0.000000,0.500031,0.000000,1.000000,0.000000,-0.500031,0.000000,-0.866007),velocity=Vector3.new(0.000000, 0.000416, 0.000000),slideActive=false,wallhopFlick=false},
            {type="keyframe",time=0.089313,cframe=CFrame.new(-32.000095,-147.000000,52.633984,-0.866007,0.000000,0.500031,0.000000,1.000000,0.000000,-0.500031,0.000000,-0.866007),velocity=Vector3.new(0.000000, 0.000416, 0.000000),slideActive=false,wallhopFlick=false},
            {type="keyframe",time=0.094249,cframe=CFrame.new(-32.000095,-147.000000,52.633984,-0.866007,0.000000,0.500031,0.000000,1.000000,0.000000,-0.500031,0.000000,-0.866007),velocity=Vector3.new(0.000000, 0.000416, 0.000000),slideActive=false,wallhopFlick=false},
            {type="keyframe",time=0.099409,cframe=CFrame.new(-32.000095,-147.000000,52.633984,-0.866007,0.000000,0.500031,0.000000,1.000000,0.000000,-0.500031,0.000000,-0.866007),velocity=Vector3.new(0.000000, 0.000416, 0.000000),slideActive=false,wallhopFlick=false},
            {type="keyframe",time=0.104591,cframe=CFrame.new(-32.000095,-147.000000,52.633984,-0.866007,0.000000,0.500031,0.000000,1.000000,0.000000,-0.500031,0.000000,-0.866007),velocity=Vector3.new(0.000000, 0.000416, 0.000000),slideActive=false,wallhopFlick=false},
            {type="keyframe",time=0.109166,cframe=CFrame.new(-32.000095,-147.000000,52.633984,-0.866007,0.000000,0.500031,0.000000,1.000000,0.000000,-0.500031,0.000000,-0.866007),velocity=Vector3.new(0.000000, 0.000416, 0.000000),slideActive=false,wallhopFlick=false},
            {type="keyframe",time=0.114241,cframe=CFrame.new(-32.000095,-147.000000,52.633984,-0.866007,0.000000,0.500031,0.000000,1.000000,0.000000,-0.500031,0.000000,-0.866007),velocity=Vector3.new(0.000000, 0.000416, 0.000000),slideActive=false,wallhopFlick=false},
            {type="keyframe",time=0.119482,cframe=CFrame.new(-32.000095,-147.000000,52.633984,-0.866007,0.000000,0.500031,0.000000,1.000000,0.000000,-0.500031,0.000000,-0.866007),velocity=Vector3.new(0.000000, 0.000416, 0.000000),slideActive=false,wallhopFlick=false},
            {type="input",time=0.120669,key="W",state=true},
            {type="keyframe",time=0.124663,cframe=CFrame.new(-32.000095,-147.000000,52.633984,-0.866007,0.000000,0.500031,0.000000,1.000000,0.000000,-0.500031,0.000000,-0.866007),velocity=Vector3.new(0.000000, 0.000416, 0.000000),slideActive=false,wallhopFlick=false},
            {type="keyframe",time=0.129621,cframe=CFrame.new(-32.000095,-147.000000,52.633984,-0.866007,0.000000,0.500031,0.000000,1.000000,0.000000,-0.500031,0.000000,-0.866007),velocity=Vector3.new(0.000000, 0.000416, 0.000000),slideActive=false,wallhopFlick=false},
            {type="keyframe",time=0.135628,cframe=CFrame.new(-31.950542,-147.000000,52.608341,-0.820597,0.000000,0.571507,0.000000,1.000000,0.000000,-0.571507,0.000000,-0.820597),velocity=Vector3.new(5.946243, 0.000416, -3.077267),slideActive=false,wallhopFlick=false},
            {type="keyframe",time=0.140429,cframe=CFrame.new(-31.950542,-147.000000,52.608341,-0.820597,0.000000,0.571507,0.000000,1.000000,0.000000,-0.571507,0.000000,-0.820597),velocity=Vector3.new(5.946243, 0.000416, -3.077267),slideActive=false,wallhopFlick=false},
            {type="keyframe",time=0.145502,cframe=CFrame.new(-31.851299,-147.000000,52.557323,-0.763409,0.000000,0.645916,0.000000,1.000000,0.000000,-0.645916,0.000000,-0.763409),velocity=Vector3.new(11.909189, 0.000416, -6.122042),slideActive=false,wallhopFlick=false},
            {type="keyframe",time=0.150931,cframe=CFrame.new(-31.711857,-147.000000,52.486332,-0.702273,0.000000,0.711908,0.000000,1.000000,0.000000,-0.711908,0.000000,-0.702273),velocity=Vector3.new(16.733105, 0.000416, -8.518772),slideActive=false,wallhopFlick=false},
            {type="keyframe",time=0.155879,cframe=CFrame.new(-31.711857,-147.000000,52.486332,-0.702273,0.000000,0.711908,0.000000,1.000000,0.000000,-0.711908,0.000000,-0.702273),velocity=Vector3.new(16.733105, 0.000416, -8.518772),slideActive=false,wallhopFlick=false},
            {type="keyframe",time=0.160321,cframe=CFrame.new(-31.564333,-147.000000,52.411907,-0.639959,0.000000,0.768409,0.000000,1.000000,0.000000,-0.768409,0.000000,-0.639959),velocity=Vector3.new(17.702757, 0.000416, -8.930868),slideActive=false,wallhopFlick=false},
            {type="keyframe",time=0.165857,cframe=CFrame.new(-31.564333,-147.000000,52.411907,-0.639959,0.000000,0.768409,0.000000,1.000000,0.000000,-0.768409,0.000000,-0.639959),velocity=Vector3.new(17.702757, 0.000416, -8.930868),slideActive=false,wallhopFlick=false},
            {type="keyframe",time=0.171812,cframe=CFrame.new(-31.415442,-147.000000,52.337463,-0.577900,0.000000,0.816108,0.000000,1.000000,0.000000,-0.816108,0.000000,-0.577900),velocity=Vector3.new(17.867086, 0.000416, -8.933043),slideActive=false,wallhopFlick=false},
            {type="keyframe",time=0.175635,cframe=CFrame.new(-31.266125,-147.000000,52.263485,-0.517036,0.000000,0.855964,0.000000,1.000000,0.000000,-0.855964,0.000000,-0.517036),velocity=Vector3.new(17.917965, 0.000416, -8.877471),slideActive=false,wallhopFlick=false},
            {type="keyframe",time=0.180491,cframe=CFrame.new(-31.266125,-147.000000,52.263485,-0.517036,0.000000,0.855964,0.000000,1.000000,0.000000,-0.855964,0.000000,-0.517036),velocity=Vector3.new(17.917965, 0.000416, -8.877471),slideActive=false,wallhopFlick=false},
            {type="keyframe",time=0.185884,cframe=CFrame.new(-31.116520,-147.000000,52.190037,-0.458030,0.000000,0.888937,0.000000,1.000000,0.000000,-0.888937,0.000000,-0.458030),velocity=Vector3.new(17.952686, 0.000416, -8.813677),slideActive=false,wallhopFlick=false},
            {type="keyframe",time=0.191823,cframe=CFrame.new(-31.116520,-147.000000,52.190037,-0.458030,0.000000,0.888937,0.000000,1.000000,0.000000,-0.888937,0.000000,-0.458030),velocity=Vector3.new(17.952686, 0.000416, -8.813677),slideActive=false,wallhopFlick=false},
            {type="keyframe",time=0.196974,cframe=CFrame.new(-30.966419,-147.000000,52.117599,-0.401532,0.000000,0.915845,0.000000,1.000000,0.000000,-0.915845,0.000000,-0.401532),velocity=Vector3.new(18.012096, 0.000416, -8.692451),slideActive=false,wallhopFlick=false},
            {type="keyframe",time=0.200859,cframe=CFrame.new(-30.816248,-147.000000,52.045303,-0.347508,0.000000,0.937677,0.000000,1.000000,0.000000,-0.937677,0.000000,-0.347508),velocity=Vector3.new(18.020449, 0.000416, -8.675405),slideActive=false,wallhopFlick=false},
            {type="keyframe",time=0.207416,cframe=CFrame.new(-30.816248,-147.000000,52.045303,-0.347508,0.000000,0.937677,0.000000,1.000000,0.000000,-0.937677,0.000000,-0.347508),velocity=Vector3.new(18.020449, 0.000416, -8.675405),slideActive=false,wallhopFlick=false},
            {type="keyframe",time=0.211823,cframe=CFrame.new(-30.665844,-147.000000,51.973495,-0.296276,0.000000,0.955103,0.000000,1.000000,0.000000,-0.955103,0.000000,-0.296276),velocity=Vector3.new(18.048574, 0.000416, -8.616737),slideActive=false,wallhopFlick=false},
            {type="keyframe",time=0.216309,cframe=CFrame.new(-30.515406,-147.000000,51.901756,-0.247760,0.000000,0.968822,0.000000,1.000000,0.000000,-0.968822,0.000000,-0.247760),velocity=Vector3.new(18.052530, 0.000416, -8.608487),slideActive=false,wallhopFlick=false},
            {type="keyframe",time=0.222948,cframe=CFrame.new(-30.515406,-147.000000,51.901756,-0.247760,0.000000,0.968822,0.000000,1.000000,0.000000,-0.968822,0.000000,-0.247760),velocity=Vector3.new(18.052530, 0.000416, -8.608487),slideActive=false,wallhopFlick=false},
            {type="keyframe",time=0.227131,cframe=CFrame.new(-30.364964,-147.000000,51.830029,-0.201961,0.000000,0.979394,0.000000,1.000000,0.000000,-0.979394,0.000000,-0.201961),velocity=Vector3.new(18.053085, 0.000416, -8.607327),slideActive=false,wallhopFlick=false},
            {type="keyframe",time=0.231901,cframe=CFrame.new(-30.364964,-147.000000,51.830029,-0.201961,0.000000,0.979394,0.000000,1.000000,0.000000,-0.979394,0.000000,-0.201961),velocity=Vector3.new(18.053085, 0.000416, -8.607327),slideActive=false,wallhopFlick=false},
            {type="keyframe",time=0.237255,cframe=CFrame.new(-30.214298,-147.000000,51.758774,-0.159054,0.000000,0.987270,0.000000,1.000000,0.000000,-0.987270,0.000000,-0.159054),velocity=Vector3.new(18.079914, 0.000416, -8.550792),slideActive=false,wallhopFlick=false},
            {type="keyframe",time=0.242397,cframe=CFrame.new(-30.063601,-147.000000,51.687584,-0.118811,0.000000,0.992917,0.000000,1.000000,0.000000,-0.992917,0.000000,-0.118811),velocity=Vector3.new(18.083687, 0.000416, -8.542842),slideActive=false,wallhopFlick=false},
            {type="keyframe",time=0.247451,cframe=CFrame.new(-30.063601,-147.000000,51.687584,-0.118811,0.000000,0.992917,0.000000,1.000000,0.000000,-0.992917,0.000000,-0.118811),velocity=Vector3.new(18.083687, 0.000416, -8.542842),slideActive=false,wallhopFlick=false},
            {type="keyframe",time=0.253324,cframe=CFrame.new(-29.912899,-147.000000,51.616402,-0.081116,0.000000,0.996705,0.000000,1.000000,0.000000,-0.996705,0.000000,-0.081116),velocity=Vector3.new(18.084219, 0.000416, -8.541722),slideActive=false,wallhopFlick=false},
            {type="keyframe",time=0.257469,cframe=CFrame.new(-29.762197,-147.000000,51.545223,-0.045865,0.000000,0.998948,0.000000,1.000000,0.000000,-0.998948,0.000000,-0.045865),velocity=Vector3.new(18.084293, 0.000416, -8.541565),slideActive=false,wallhopFlick=false},
            {type="keyframe",time=0.262538,cframe=CFrame.new(-29.762197,-147.000000,51.545223,-0.045865,0.000000,0.998948,0.000000,1.000000,0.000000,-0.998948,0.000000,-0.045865),velocity=Vector3.new(18.084293, 0.000416, -8.541565),slideActive=false,wallhopFlick=false},
            {type="keyframe",time=0.267457,cframe=CFrame.new(-29.611494,-147.000000,51.474045,-0.012945,0.000000,0.999916,0.000000,1.000000,0.000000,-0.999916,0.000000,-0.012945),velocity=Vector3.new(18.084303, 0.000416, -8.541543),slideActive=false,wallhopFlick=false},
            {type="keyframe",time=0.273345,cframe=CFrame.new(-29.611494,-147.000000,51.474045,-0.012945,0.000000,0.999916,0.000000,1.000000,0.000000,-0.999916,0.000000,-0.012945),velocity=Vector3.new(18.084303, 0.000416, -8.541543),slideActive=false,wallhopFlick=false},
            {type="keyframe",time=0.278456,cframe=CFrame.new(-29.460569,-147.000000,51.403336,0.017560,0.000000,0.999846,0.000000,1.000000,0.000000,-0.999846,0.000000,0.017560),velocity=Vector3.new(18.110847, 0.000416, -8.485076),slideActive=false,wallhopFlick=false},
            {type="keyframe",time=0.283405,cframe=CFrame.new(-29.309614,-147.000000,51.332691,0.045953,0.000000,0.998944,0.000000,1.000000,0.000000,-0.998944,0.000000,0.045953),velocity=Vector3.new(18.114582, 0.000416, -8.477136),slideActive=false,wallhopFlick=false},
            {type="keyframe",time=0.289474,cframe=CFrame.new(-29.309614,-147.000000,51.332691,0.045953,0.000000,0.998944,0.000000,1.000000,0.000000,-0.998944,0.000000,0.045953),velocity=Vector3.new(18.114582, 0.000416, -8.477136),slideActive=false,wallhopFlick=false},
            {type="keyframe",time=0.294093,cframe=CFrame.new(-29.158655,-147.000000,51.262058,0.072388,0.000000,0.997377,0.000000,1.000000,0.000000,-0.997377,0.000000,0.072388),velocity=Vector3.new(18.115107, 0.000416, -8.476019),slideActive=false,wallhopFlick=false},
            {type="keyframe",time=0.300178,cframe=CFrame.new(-29.158655,-147.000000,51.262058,0.072388,0.000000,0.997377,0.000000,1.000000,0.000000,-0.997377,0.000000,0.072388),velocity=Vector3.new(18.115107, 0.000416, -8.476019),slideActive=false,wallhopFlick=false},
            {type="keyframe",time=0.305719,cframe=CFrame.new(-29.007696,-147.000000,51.191425,0.096988,0.000000,0.995286,0.000000,1.000000,0.000000,-0.995286,0.000000,0.096988),velocity=Vector3.new(18.115181, 0.000416, -8.475862),slideActive=false,wallhopFlick=false},
            {type="keyframe",time=0.309579,cframe=CFrame.new(-28.856737,-147.000000,51.120792,0.119872,0.000000,0.992789,0.000000,1.000000,0.000000,-0.992789,0.000000,0.119872),velocity=Vector3.new(18.115191, 0.000416, -8.475840),slideActive=false,wallhopFlick=false},
            {type="keyframe",time=0.314967,cframe=CFrame.new(-28.856737,-147.000000,51.120792,0.119872,0.000000,0.992789,0.000000,1.000000,0.000000,-0.992789,0.000000,0.119872),velocity=Vector3.new(18.115191, 0.000416, -8.475840),slideActive=false,wallhopFlick=false},
            {type="keyframe",time=0.320389,cframe=CFrame.new(-28.705557,-147.000000,51.050632,0.140952,0.000000,0.990016,0.000000,1.000000,0.000000,-0.990016,0.000000,0.140952),velocity=Vector3.new(18.141533, 0.000416, -8.419276),slideActive=false,wallhopFlick=false},
            {type="keyframe",time=0.325417,cframe=CFrame.new(-28.554129,-147.000000,50.981010,0.160316,0.000000,0.987066,0.000000,1.000000,0.000000,-0.987066,0.000000,0.160316),velocity=Vector3.new(18.171370, 0.000416, -8.354662),slideActive=false,wallhopFlick=false},
            {type="keyframe",time=0.330527,cframe=CFrame.new(-28.554129,-147.000000,50.981010,0.160316,0.000000,0.987066,0.000000,1.000000,0.000000,-0.987066,0.000000,0.160316),velocity=Vector3.new(18.171370, 0.000416, -8.354662),slideActive=false,wallhopFlick=false},
            {type="keyframe",time=0.335334,cframe=CFrame.new(-28.402666,-147.000000,50.911465,0.178273,0.000000,0.983981,0.000000,1.000000,0.000000,-0.983981,0.000000,0.178273),velocity=Vector3.new(18.175566, 0.000416, -8.345577),slideActive=false,wallhopFlick=false},
            {type="keyframe",time=0.341491,cframe=CFrame.new(-28.402666,-147.000000,50.911465,0.178273,0.000000,0.983981,0.000000,1.000000,0.000000,-0.983981,0.000000,0.178273),velocity=Vector3.new(18.175566, 0.000416, -8.345577),slideActive=false,wallhopFlick=false},
            {type="keyframe",time=0.345596,cframe=CFrame.new(-28.251198,-147.000000,50.841930,0.194955,0.000000,0.980812,0.000000,1.000000,0.000000,-0.980812,0.000000,0.194955),velocity=Vector3.new(18.176157, 0.000416, -8.344296),slideActive=false,wallhopFlick=false},
            {type="keyframe",time=0.350539,cframe=CFrame.new(-28.100166,-147.000000,50.771454,0.210852,0.000000,0.977518,0.000000,1.000000,0.000000,-0.977518,0.000000,0.210852),velocity=Vector3.new(18.123768, 0.000416, -8.457336),slideActive=false,wallhopFlick=false},
            {type="keyframe",time=0.356610,cframe=CFrame.new(-28.100166,-147.000000,50.771454,0.210852,0.000000,0.977518,0.000000,1.000000,0.000000,-0.977518,0.000000,0.210852),velocity=Vector3.new(18.123768, 0.000416, -8.457336),slideActive=false,wallhopFlick=false},
            {type="keyframe",time=0.361270,cframe=CFrame.new(-27.949640,-147.000000,50.699902,0.226087,0.000000,0.974107,0.000000,1.000000,0.000000,-0.974107,0.000000,0.226087),velocity=Vector3.new(18.063103, 0.000416, -8.586070),slideActive=false,wallhopFlick=false},
            {type="keyframe",time=0.366155,cframe=CFrame.new(-27.949640,-147.000000,50.699902,0.226087,0.000000,0.974107,0.000000,1.000000,0.000000,-0.974107,0.000000,0.226087),velocity=Vector3.new(18.063103, 0.000416, -8.586070),slideActive=false,wallhopFlick=false},
            {type="keyframe",time=0.371609,cframe=CFrame.new(-27.801508,-147.000000,50.623547,0.242282,0.000000,0.970206,0.000000,1.000000,0.000000,-0.970206,0.000000,0.242282),velocity=Vector3.new(17.775887, 0.000416, -9.162395),slideActive=false,wallhopFlick=false},
            {type="keyframe",time=0.377267,cframe=CFrame.new(-27.653711,-147.000000,50.546516,0.257683,0.000000,0.966229,0.000000,1.000000,0.000000,-0.966229,0.000000,0.257683),velocity=Vector3.new(17.735497, 0.000416, -9.243440),slideActive=false,wallhopFlick=false},
            {type="keyframe",time=0.381296,cframe=CFrame.new(-27.653711,-147.000000,50.546516,0.257683,0.000000,0.966229,0.000000,1.000000,0.000000,-0.966229,0.000000,0.257683),velocity=Vector3.new(17.735497, 0.000416, -9.243440),slideActive=false,wallhopFlick=false},
            {type="keyframe",time=0.387001,cframe=CFrame.new(-27.507942,-147.000000,50.465733,0.273602,0.000000,0.961843,0.000000,1.000000,0.000000,-0.961843,0.000000,0.273602),velocity=Vector3.new(17.492393, 0.000416, -9.693904),slideActive=false,wallhopFlick=false},
            {type="keyframe",time=0.392145,cframe=CFrame.new(-27.365349,-147.000000,50.379490,0.290786,0.000000,0.956788,0.000000,1.000000,0.000000,-0.956788,0.000000,0.290786),velocity=Vector3.new(17.111137, 0.000416, -10.349329),slideActive=false,wallhopFlick=false},
            {type="keyframe",time=0.396583,cframe=CFrame.new(-27.365349,-147.000000,50.379490,0.290786,0.000000,0.956788,0.000000,1.000000,0.000000,-0.956788,0.000000,0.290786),velocity=Vector3.new(17.111137, 0.000416, -10.349329),slideActive=false,wallhopFlick=false},
            {type="keyframe",time=0.402975,cframe=CFrame.new(-27.226871,-147.000000,50.286800,0.309647,0.000000,0.950852,0.000000,1.000000,0.000000,-0.950852,0.000000,0.309647),velocity=Vector3.new(16.617279, 0.000416, -11.122684),slideActive=false,wallhopFlick=false},
            {type="keyframe",time=0.409827,cframe=CFrame.new(-27.093533,-147.000000,50.186878,0.330497,0.000000,0.943807,0.000000,1.000000,0.000000,-0.943807,0.000000,0.330497),velocity=Vector3.new(16.000599, 0.000416, -11.990579),slideActive=false,wallhopFlick=false},
            {type="keyframe",time=0.414738,cframe=CFrame.new(-27.093533,-147.000000,50.186878,0.330497,0.000000,0.943807,0.000000,1.000000,0.000000,-0.943807,0.000000,0.330497),velocity=Vector3.new(16.000599, 0.000416, -11.990579),slideActive=false,wallhopFlick=false},
            {type="keyframe",time=0.419273,cframe=CFrame.new(-26.965815,-147.000000,50.079872,0.353223,0.000000,0.935539,0.000000,1.000000,0.000000,-0.935539,0.000000,0.353223),velocity=Vector3.new(15.326139, 0.000416, -12.840858),slideActive=false,wallhopFlick=false},
            {type="keyframe",time=0.424389,cframe=CFrame.new(-26.843393,-147.000000,49.966831,0.377261,0.000000,0.926107,0.000000,1.000000,0.000000,-0.926107,0.000000,0.377261),velocity=Vector3.new(14.690496, 0.000416, -13.564888),slideActive=false,wallhopFlick=false},
            {type="keyframe",time=0.428773,cframe=CFrame.new(-26.843393,-147.000000,49.966831,0.377261,0.000000,0.926107,0.000000,1.000000,0.000000,-0.926107,0.000000,0.377261),velocity=Vector3.new(14.690496, 0.000416, -13.564888),slideActive=false,wallhopFlick=false},
            {type="keyframe",time=0.433414,cframe=CFrame.new(-26.726084,-147.000000,49.848484,0.402199,0.000000,0.915552,0.000000,1.000000,0.000000,-0.915552,0.000000,0.402199),velocity=Vector3.new(14.077112, 0.000416, -14.201455),slideActive=false,wallhopFlick=false},
            {type="keyframe",time=0.438793,cframe=CFrame.new(-26.726084,-147.000000,49.848484,0.402199,0.000000,0.915552,0.000000,1.000000,0.000000,-0.915552,0.000000,0.402199),velocity=Vector3.new(14.077112, 0.000416, -14.201455),slideActive=false,wallhopFlick=false},
            {type="keyframe",time=0.444190,cframe=CFrame.new(-26.616793,-147.000000,49.722736,0.429135,0.000000,0.903240,0.000000,1.000000,0.000000,-0.903240,0.000000,0.429135),velocity=Vector3.new(13.114990, 0.000416, -15.089562),slideActive=false,wallhopFlick=false},
            {type="keyframe",time=0.448701,cframe=CFrame.new(-26.616793,-147.000000,49.722736,0.429135,0.000000,0.903240,0.000000,1.000000,0.000000,-0.903240,0.000000,0.429135),velocity=Vector3.new(13.114990, 0.000416, -15.089562),slideActive=false,wallhopFlick=false},
            {type="keyframe",time=0.453428,cframe=CFrame.new(-26.511431,-147.000000,49.593628,0.455863,0.000000,0.890050,0.000000,1.000000,0.000000,-0.890050,0.000000,0.455863),velocity=Vector3.new(12.643427, 0.000416, -15.493166),slideActive=false,wallhopFlick=false},
            {type="keyframe",time=0.457614,cframe=CFrame.new(-26.406622,-147.000000,49.464046,0.480761,0.000000,0.876852,0.000000,1.000000,0.000000,-0.876852,0.000000,0.480761),velocity=Vector3.new(12.577114, 0.000416, -15.549923),slideActive=false,wallhopFlick=false},
            {type="keyframe",time=0.462512,cframe=CFrame.new(-26.406622,-147.000000,49.464046,0.480761,0.000000,0.876852,0.000000,1.000000,0.000000,-0.876852,0.000000,0.480761),velocity=Vector3.new(12.577114, 0.000416, -15.549923),slideActive=false,wallhopFlick=false},
            {type="keyframe",time=0.467937,cframe=CFrame.new(-26.304750,-147.000000,49.332146,0.504911,0.000000,0.863171,0.000000,1.000000,0.000000,-0.863171,0.000000,0.504911),velocity=Vector3.new(12.224553, 0.000416, -15.827984),slideActive=false,wallhopFlick=false},
            {type="keyframe",time=0.473178,cframe=CFrame.new(-26.304750,-147.000000,49.332146,0.504911,0.000000,0.863171,0.000000,1.000000,0.000000,-0.863171,0.000000,0.504911),velocity=Vector3.new(12.224553, 0.000416, -15.827984),slideActive=false,wallhopFlick=false},
            {type="keyframe",time=0.477652,cframe=CFrame.new(-26.203293,-147.000000,49.199921,0.527304,0.000000,0.849677,0.000000,1.000000,0.000000,-0.849677,0.000000,0.527304),velocity=Vector3.new(12.174974, 0.000416, -15.867086),slideActive=false,wallhopFlick=false},
            {type="keyframe",time=0.482587,cframe=CFrame.new(-26.203293,-147.000000,49.199921,0.527304,0.000000,0.849677,0.000000,1.000000,0.000000,-0.849677,0.000000,0.527304),velocity=Vector3.new(12.174974, 0.000416, -15.867086),slideActive=false,wallhopFlick=false},
            {type="keyframe",time=0.487868,cframe=CFrame.new(-26.101892,-147.000000,49.067650,0.547897,0.000000,0.836546,0.000000,1.000000,0.000000,-0.836546,0.000000,0.547897),velocity=Vector3.new(12.168003, 0.000416, -15.872584),slideActive=false,wallhopFlick=false},
            {type="keyframe",time=0.491992,cframe=CFrame.new(-26.000500,-147.000000,48.935371,0.566811,0.000000,0.823848,0.000000,1.000000,0.000000,-0.823848,0.000000,0.566811),velocity=Vector3.new(12.167023, 0.000416, -15.873358),slideActive=false,wallhopFlick=false},
            {type="keyframe",time=0.497148,cframe=CFrame.new(-26.000500,-147.000000,48.935371,0.566811,0.000000,0.823848,0.000000,1.000000,0.000000,-0.823848,0.000000,0.566811),velocity=Vector3.new(12.167023, 0.000416, -15.873358),slideActive=false,wallhopFlick=false},
            {type="keyframe",time=0.502149,cframe=CFrame.new(-25.899109,-147.000000,48.803093,0.584182,0.000000,0.811623,0.000000,1.000000,0.000000,-0.811623,0.000000,0.584182),velocity=Vector3.new(12.166885, 0.000416, -15.873466),slideActive=false,wallhopFlick=false},
            {type="input",time=0.503036,key="A",state=true},
            {type="keyframe",time=0.506131,cframe=CFrame.new(-25.899109,-147.000000,48.803093,0.584182,0.000000,0.811623,0.000000,1.000000,0.000000,-0.811623,0.000000,0.584182),velocity=Vector3.new(12.166885, 0.000416, -15.873466),slideActive=false,wallhopFlick=false},
            {type="keyframe",time=0.511352,cframe=CFrame.new(-25.851620,-147.000000,48.656403,0.634461,0.000000,0.772955,0.000000,1.000000,0.000000,-0.772955,0.000000,0.634461),velocity=Vector3.new(5.698786, 0.000416, -17.602940),slideActive=false,wallhopFlick=false},
            {type="keyframe",time=0.515638,cframe=CFrame.new(-25.851620,-147.000000,48.656403,0.634461,0.000000,0.772955,0.000000,1.000000,0.000000,-0.772955,0.000000,0.634461),velocity=Vector3.new(5.698786, 0.000416, -17.602940),slideActive=false,wallhopFlick=false},
            {type="keyframe",time=0.521719,cframe=CFrame.new(-25.857569,-147.000000,48.495422,0.684736,0.000000,0.728791,0.000000,1.000000,0.000000,-0.728791,0.000000,0.684736),velocity=Vector3.new(-0.713834, 0.000416, -19.317577),slideActive=false,wallhopFlick=false},
            {type="keyframe",time=0.526003,cframe=CFrame.new(-25.877174,-147.000000,48.330791,0.729803,0.000000,0.683658,0.000000,1.000000,0.000000,-0.683658,0.000000,0.729803),velocity=Vector3.new(-2.352785, 0.000416, -19.755808),slideActive=false,wallhopFlick=false},
            {type="keyframe",time=0.530866,cframe=CFrame.new(-25.877174,-147.000000,48.330791,0.729803,0.000000,0.683658,0.000000,1.000000,0.000000,-0.683658,0.000000,0.729803),velocity=Vector3.new(-2.352785, 0.000416, -19.755808),slideActive=false,wallhopFlick=false},
            {type="keyframe",time=0.536219,cframe=CFrame.new(-25.898701,-147.000000,48.165646,0.769310,0.000000,0.638876,0.000000,1.000000,0.000000,-0.638876,0.000000,0.769310),velocity=Vector3.new(-2.583262, 0.000416, -19.817434),slideActive=false,wallhopFlick=false},
            {type="keyframe",time=0.540871,cframe=CFrame.new(-25.898701,-147.000000,48.165646,0.769310,0.000000,0.638876,0.000000,1.000000,0.000000,-0.638876,0.000000,0.769310),velocity=Vector3.new(-2.583262, 0.000416, -19.817434),slideActive=false,wallhopFlick=false},
            {type="keyframe",time=0.550611,cframe=CFrame.new(-25.920498,-147.000000,48.000427,0.803703,0.000000,0.595031,0.000000,1.000000,0.000000,-0.595031,0.000000,0.803703),velocity=Vector3.new(-2.615673, 0.000416, -19.826101),slideActive=false,wallhopFlick=false},
            {type="keyframe",time=0.555303,cframe=CFrame.new(-25.942333,-147.000000,47.835201,0.833529,0.000000,0.552476,0.000000,1.000000,0.000000,-0.552476,0.000000,0.833529),velocity=Vector3.new(-2.620231, 0.000416, -19.827320),slideActive=false,wallhopFlick=false},
            {type="keyframe",time=0.560221,cframe=CFrame.new(-25.964174,-147.000000,47.669971,0.859313,0.000000,0.511450,0.000000,1.000000,0.000000,-0.511450,0.000000,0.859313),velocity=Vector3.new(-2.620872, 0.000416, -19.827490),slideActive=false,wallhopFlick=false},
            {type="keyframe",time=0.564612,cframe=CFrame.new(-25.964174,-147.000000,47.669971,0.859313,0.000000,0.511450,0.000000,1.000000,0.000000,-0.511450,0.000000,0.859313),velocity=Vector3.new(-2.620872, 0.000416, -19.827490),slideActive=false,wallhopFlick=false},
            {type="keyframe",time=0.570122,cframe=CFrame.new(-25.986015,-147.000000,47.504742,0.881537,0.000000,0.472115,0.000000,1.000000,0.000000,-0.472115,0.000000,0.881537),velocity=Vector3.new(-2.620964, 0.000416, -19.827511),slideActive=false,wallhopFlick=false},
            {type="keyframe",time=0.574855,cframe=CFrame.new(-26.007856,-147.000000,47.339512,0.900639,0.000000,0.434569,0.000000,1.000000,0.000000,-0.434569,0.000000,0.900639),velocity=Vector3.new(-2.620977, 0.000416, -19.827515),slideActive=false,wallhopFlick=false},
            {type="keyframe",time=0.579325,cframe=CFrame.new(-26.007856,-147.000000,47.339512,0.900639,0.000000,0.434569,0.000000,1.000000,0.000000,-0.434569,0.000000,0.900639),velocity=Vector3.new(-2.620977, 0.000416, -19.827515),slideActive=false,wallhopFlick=false},
            {type="keyframe",time=0.584109,cframe=CFrame.new(-26.029697,-147.000000,47.174282,0.917010,0.000000,0.398865,0.000000,1.000000,0.000000,-0.398865,0.000000,0.917010),velocity=Vector3.new(-2.620974, 0.000416, -19.827518),slideActive=false,wallhopFlick=false},
            {type="keyframe",time=0.590293,cframe=CFrame.new(-26.029697,-147.000000,47.174282,0.917010,0.000000,0.398865,0.000000,1.000000,0.000000,-0.398865,0.000000,0.917010),velocity=Vector3.new(-2.620974, 0.000416, -19.827518),slideActive=false,wallhopFlick=false},
            {type="keyframe",time=0.594223,cframe=CFrame.new(-26.051538,-147.000000,47.009052,0.931000,0.000000,0.365020,0.000000,1.000000,0.000000,-0.365020,0.000000,0.931000),velocity=Vector3.new(-2.620976, 0.000416, -19.827518),slideActive=false,wallhopFlick=false},
            {type="keyframe",time=0.598944,cframe=CFrame.new(-26.073380,-147.000000,46.843822,0.942919,0.000000,0.333021,0.000000,1.000000,0.000000,-0.333021,0.000000,0.942919),velocity=Vector3.new(-2.620977, 0.000416, -19.827518),slideActive=false,wallhopFlick=false},
            {type="keyframe",time=0.604372,cframe=CFrame.new(-26.073380,-147.000000,46.843822,0.942919,0.000000,0.333021,0.000000,1.000000,0.000000,-0.333021,0.000000,0.942919),velocity=Vector3.new(-2.620977, 0.000416, -19.827518),slideActive=false,wallhopFlick=false},
            {type="keyframe",time=0.609037,cframe=CFrame.new(-26.095221,-147.000000,46.678593,0.953043,0.000000,0.302835,0.000000,1.000000,0.000000,-0.302835,0.000000,0.953043),velocity=Vector3.new(-2.620977, 0.000416, -19.827518),slideActive=false,wallhopFlick=false},
            {type="keyframe",time=0.613809,cframe=CFrame.new(-26.095221,-147.000000,46.678593,0.953043,0.000000,0.302835,0.000000,1.000000,0.000000,-0.302835,0.000000,0.953043),velocity=Vector3.new(-2.620977, 0.000416, -19.827518),slideActive=false,wallhopFlick=false},
            {type="keyframe",time=0.619136,cframe=CFrame.new(-26.117062,-147.000000,46.513363,0.961612,0.000000,0.274413,0.000000,1.000000,0.000000,-0.274413,0.000000,0.961612),velocity=Vector3.new(-2.620974, 0.000416, -19.827518),slideActive=false,wallhopFlick=false},
            {type="keyframe",time=0.623675,cframe=CFrame.new(-26.138903,-147.000000,46.348133,0.968838,0.000000,0.247694,0.000000,1.000000,0.000000,-0.247694,0.000000,0.968838),velocity=Vector3.new(-2.620974, 0.000416, -19.827518),slideActive=false,wallhopFlick=false},
            {type="keyframe",time=0.629023,cframe=CFrame.new(-26.138903,-147.000000,46.348133,0.968838,0.000000,0.247694,0.000000,1.000000,0.000000,-0.247694,0.000000,0.968838),velocity=Vector3.new(-2.620974, 0.000416, -19.827518),slideActive=false,wallhopFlick=false},
            {type="keyframe",time=0.634135,cframe=CFrame.new(-26.160744,-147.000000,46.182903,0.974908,0.000000,0.222610,0.000000,1.000000,0.000000,-0.222610,0.000000,0.974908),velocity=Vector3.new(-2.620979, 0.000416, -19.827515),slideActive=false,wallhopFlick=false},
            {type="keyframe",time=0.639414,cframe=CFrame.new(-26.160744,-147.000000,46.182903,0.974908,0.000000,0.222610,0.000000,1.000000,0.000000,-0.222610,0.000000,0.974908),velocity=Vector3.new(-2.620979, 0.000416, -19.827515),slideActive=false,wallhopFlick=false},
            {type="keyframe",time=0.643647,cframe=CFrame.new(-26.182585,-147.000000,46.017673,0.979982,0.000000,0.199088,0.000000,1.000000,0.000000,-0.199088,0.000000,0.979982),velocity=Vector3.new(-2.620977, 0.000416, -19.827518),slideActive=false,wallhopFlick=false},
            {type="keyframe",time=0.648653,cframe=CFrame.new(-26.182585,-147.000000,46.017673,0.979982,0.000000,0.199088,0.000000,1.000000,0.000000,-0.199088,0.000000,0.979982),velocity=Vector3.new(-2.620977, 0.000416, -19.827518),slideActive=false,wallhopFlick=false},
            {type="keyframe",time=0.654128,cframe=CFrame.new(-26.204426,-147.000000,45.852444,0.984201,0.000000,0.177052,0.000000,1.000000,0.000000,-0.177052,0.000000,0.984201),velocity=Vector3.new(-2.620974, 0.000416, -19.827518),slideActive=false,wallhopFlick=false},
            {type="keyframe",time=0.658395,cframe=CFrame.new(-26.226267,-147.000000,45.687214,0.987690,0.000000,0.156426,0.000000,1.000000,0.000000,-0.156426,0.000000,0.987690),velocity=Vector3.new(-2.620974, 0.000416, -19.827518),slideActive=false,wallhopFlick=false},
            {type="keyframe",time=0.663490,cframe=CFrame.new(-26.226267,-147.000000,45.687214,0.987690,0.000000,0.156426,0.000000,1.000000,0.000000,-0.156426,0.000000,0.987690),velocity=Vector3.new(-2.620974, 0.000416, -19.827518),slideActive=false,wallhopFlick=false},
            {type="keyframe",time=0.669018,cframe=CFrame.new(-26.248108,-147.000000,45.521984,0.990553,0.000000,0.137132,0.000000,1.000000,0.000000,-0.137132,0.000000,0.990553),velocity=Vector3.new(-2.620979, 0.000416, -19.827515),slideActive=false,wallhopFlick=false},
            {type="input",time=0.669724,key="A",state=false},
            {type="keyframe",time=0.673279,cframe=CFrame.new(-26.248108,-147.000000,45.521984,0.990553,0.000000,0.137132,0.000000,1.000000,0.000000,-0.137132,0.000000,0.990553),velocity=Vector3.new(-2.620979, 0.000416, -19.827515),slideActive=false,wallhopFlick=false},
            {type="keyframe",time=0.678016,cframe=CFrame.new(-26.216049,-147.000000,45.371166,0.986743,0.000000,0.162291,0.000000,1.000000,0.000000,-0.162291,0.000000,0.986743),velocity=Vector3.new(3.847122, 0.000416, -18.098049),slideActive=false,wallhopFlick=false},
            {type="keyframe",time=0.682887,cframe=CFrame.new(-26.130552,-147.000000,45.234638,0.981141,0.000000,0.193293,0.000000,1.000000,0.000000,-0.193293,0.000000,0.981141),velocity=Vector3.new(10.259729, 0.000416, -16.383421),slideActive=false,wallhopFlick=false},
            {type="keyframe",time=0.688679,cframe=CFrame.new(-26.130552,-147.000000,45.234638,0.981141,0.000000,0.193293,0.000000,1.000000,0.000000,-0.193293,0.000000,0.981141),velocity=Vector3.new(10.259729, 0.000416, -16.383421),slideActive=false,wallhopFlick=false},
            {type="keyframe",time=0.693660,cframe=CFrame.new(-26.031397,-147.000000,45.101761,0.974732,0.000000,0.223380,0.000000,1.000000,0.000000,-0.223380,0.000000,0.974732),velocity=Vector3.new(11.898674, 0.000416, -15.945190),slideActive=false,wallhopFlick=false},
            {type="keyframe",time=0.697758,cframe=CFrame.new(-26.031397,-147.000000,45.101761,0.974732,0.000000,0.223380,0.000000,1.000000,0.000000,-0.223380,0.000000,0.974732),velocity=Vector3.new(11.898674, 0.000416, -15.945190),slideActive=false,wallhopFlick=false},
            {type="keyframe",time=0.703651,cframe=CFrame.new(-25.930321,-147.000000,44.969398,0.967862,0.000000,0.251481,0.000000,1.000000,0.000000,-0.251481,0.000000,0.967862),velocity=Vector3.new(12.129150, 0.000416, -15.883565),slideActive=false,wallhopFlick=false},
            {type="keyframe",time=0.707951,cframe=CFrame.new(-25.828974,-147.000000,44.837109,0.960715,0.000000,0.277536,0.000000,1.000000,0.000000,-0.277536,0.000000,0.960715),velocity=Vector3.new(12.161561, 0.000416, -15.874899),slideActive=false,wallhopFlick=false},
            {type="keyframe",time=0.713105,cframe=CFrame.new(-25.828974,-147.000000,44.837109,0.960715,0.000000,0.277536,0.000000,1.000000,0.000000,-0.277536,0.000000,0.960715),velocity=Vector3.new(12.161561, 0.000416, -15.874899),slideActive=false,wallhopFlick=false},
            {type="keyframe",time=0.717461,cframe=CFrame.new(-25.727589,-147.000000,44.704826,0.953417,0.000000,0.301655,0.000000,1.000000,0.000000,-0.301655,0.000000,0.953417),velocity=Vector3.new(12.166117, 0.000416, -15.873683),slideActive=false,wallhopFlick=false},
            {type="input",time=0.718308,key="D",state=true},
            {type="keyframe",time=0.722800,cframe=CFrame.new(-25.727589,-147.000000,44.704826,0.953417,0.000000,0.301655,0.000000,1.000000,0.000000,-0.301655,0.000000,0.953417),velocity=Vector3.new(12.166117, 0.000416, -15.873683),slideActive=false,wallhopFlick=false},
            {type="keyframe",time=0.727453,cframe=CFrame.new(-25.598280,-147.000000,44.620850,0.931035,0.000000,0.364931,0.000000,1.000000,0.000000,-0.364931,0.000000,0.931035),velocity=Vector3.new(15.517042, 0.000416, -10.077247),slideActive=false,wallhopFlick=false},
            {type="keyframe",time=0.732525,cframe=CFrame.new(-25.598280,-147.000000,44.620850,0.931035,0.000000,0.364931,0.000000,1.000000,0.000000,-0.364931,0.000000,0.931035),velocity=Vector3.new(15.517042, 0.000416, -10.077247),slideActive=false,wallhopFlick=false},
            {type="keyframe",time=0.738405,cframe=CFrame.new(-25.441284,-147.000000,44.584763,0.903071,0.000000,0.429492,0.000000,1.000000,0.000000,-0.429492,0.000000,0.903071),velocity=Vector3.new(18.839388, 0.000416, -4.330246),slideActive=false,wallhopFlick=false},
            {type="keyframe",time=0.742386,cframe=CFrame.new(-25.277212,-147.000000,44.560917,0.872290,0.000000,0.488989,0.000000,1.000000,0.000000,-0.488989,0.000000,0.872290),velocity=Vector3.new(19.688562, 0.000416, -2.861343),slideActive=false,wallhopFlick=false},
