local TAS_LIBRARY = {}

function TAS_LIBRARY.getTAS(mapName)
    local tasData = nil
        if mapName == "lobby test v9" then
        tasData = {
            {type="keyframe",time=0.003204,cframe=CFrame.new(-39.825729,-147.000000,-13.495433,0.709158,-0.000000,-0.705049,0.000000,1.000000,-0.000000,0.705049,0.000000,0.709158),velocity=Vector3.new(0.000000, 0.000416, 0.000000),slideActive=false,wallhopFlick=false,humanoidState=8},
            {type="keyframe",time=0.007900,cframe=CFrame.new(-39.825729,-147.000000,-13.495433,0.709158,-0.000000,-0.705049,0.000000,1.000000,-0.000000,0.705049,0.000000,0.709158),velocity=Vector3.new(0.000000, 0.000416, 0.000000),slideActive=false,wallhopFlick=false,humanoidState=8},
            {type="keyframe",time=0.013499,cframe=CFrame.new(-39.825729,-147.000000,-13.495433,0.709158,-0.000000,-0.705049,0.000000,1.000000,-0.000000,0.705049,0.000000,0.709158),velocity=Vector3.new(0.000000, 0.000416, 0.000000),slideActive=false,wallhopFlick=false,humanoidState=8},
            {type="keyframe",time=0.017809,cframe=CFrame.new(-39.825729,-147.000000,-13.495433,0.709158,-0.000000,-0.705049,0.000000,1.000000,-0.000000,0.705049,0.000000,0.709158),velocity=Vector3.new(0.000000, 0.000416, 0.000000),slideActive=false,wallhopFlick=false,humanoidState=8},
            {type="keyframe",time=0.021693,cframe=CFrame.new(-39.825729,-147.000000,-13.495433,0.709158,-0.000000,-0.705049,0.000000,1.000000,-0.000000,0.705049,0.000000,0.709158),velocity=Vector3.new(0.000000, 0.000416, 0.000000),slideActive=false,wallhopFlick=false,humanoidState=8},
            {type="keyframe",time=0.027319,cframe=CFrame.new(-39.825729,-147.000000,-13.495433,0.709158,-0.000000,-0.705049,0.000000,1.000000,-0.000000,0.705049,0.000000,0.709158),velocity=Vector3.new(0.000000, 0.000416, 0.000000),slideActive=false,wallhopFlick=false,humanoidState=8},
            {type="keyframe",time=0.032571,cframe=CFrame.new(-39.825729,-147.000000,-13.495433,0.709158,-0.000000,-0.705049,0.000000,1.000000,-0.000000,0.705049,0.000000,0.709158),velocity=Vector3.new(0.000000, 0.000416, 0.000000),slideActive=false,wallhopFlick=false,humanoidState=8},
            {type="keyframe",time=0.037732,cframe=CFrame.new(-39.825729,-147.000000,-13.495433,0.709158,-0.000000,-0.705049,0.000000,1.000000,-0.000000,0.705049,0.000000,0.709158),velocity=Vector3.new(0.000000, 0.000416, 0.000000),slideActive=false,wallhopFlick=false,humanoidState=8},
            {type="keyframe",time=0.042145,cframe=CFrame.new(-39.825729,-147.000000,-13.495433,0.709158,-0.000000,-0.705049,0.000000,1.000000,-0.000000,0.705049,0.000000,0.709158),velocity=Vector3.new(0.000000, 0.000416, 0.000000),slideActive=false,wallhopFlick=false,humanoidState=8},
            {type="keyframe",time=0.046716,cframe=CFrame.new(-39.825729,-147.000000,-13.495433,0.709158,-0.000000,-0.705049,0.000000,1.000000,-0.000000,0.705049,0.000000,0.709158),velocity=Vector3.new(0.000000, 0.000416, 0.000000),slideActive=false,wallhopFlick=false,humanoidState=8},
            {type="keyframe",time=0.050742,cframe=CFrame.new(-39.825729,-147.000000,-13.495433,0.709158,-0.000000,-0.705049,0.000000,1.000000,-0.000000,0.705049,0.000000,0.709158),velocity=Vector3.new(0.000000, 0.000416, 0.000000),slideActive=false,wallhopFlick=false,humanoidState=8},
            {type="keyframe",time=0.056339,cframe=CFrame.new(-39.825729,-147.000000,-13.495433,0.709158,-0.000000,-0.705049,0.000000,1.000000,-0.000000,0.705049,0.000000,0.709158),velocity=Vector3.new(0.000000, 0.000416, 0.000000),slideActive=false,wallhopFlick=false,humanoidState=8},
            {type="input",time=0.057065,key="W",state=true},
            {type="keyframe",time=0.060591,cframe=CFrame.new(-39.825729,-147.000000,-13.495433,0.709158,-0.000000,-0.705049,0.000000,1.000000,-0.000000,0.705049,0.000000,0.709158),velocity=Vector3.new(0.000000, 0.000416, 0.000000),slideActive=false,wallhopFlick=false,humanoidState=8},
            {type="keyframe",time=0.066527,cframe=CFrame.new(-39.775883,-147.000000,-13.520500,0.696420,-0.000000,-0.717635,0.000000,1.000000,-0.000000,0.717635,0.000000,0.696420),velocity=Vector3.new(5.981514, 0.000416, -3.008135),slideActive=false,wallhopFlick=false,humanoidState=8},
            {type="keyframe",time=0.069799,cframe=CFrame.new(-39.676189,-147.000000,-13.570636,0.682009,0.000000,-0.731343,-0.000000,1.000000,0.000000,0.731343,-0.000000,0.682009),velocity=Vector3.new(11.963028, 0.000416, -6.016270),slideActive=false,wallhopFlick=false,humanoidState=8},
            {type="keyframe",time=0.073562,cframe=CFrame.new(-39.676189,-147.000000,-13.570636,0.682009,0.000000,-0.731343,-0.000000,1.000000,0.000000,0.731343,-0.000000,0.682009),velocity=Vector3.new(11.963028, 0.000416, -6.016270),slideActive=false,wallhopFlick=false,humanoidState=8},
            {type="keyframe",time=0.080399,cframe=CFrame.new(-39.536396,-147.000000,-13.640938,0.667907,0.000000,-0.744245,-0.000000,1.000000,0.000000,0.744245,-0.000000,0.667907),velocity=Vector3.new(16.775003, 0.000416, -8.436234),slideActive=false,wallhopFlick=false,humanoidState=8},
            {type="keyframe",time=0.083954,cframe=CFrame.new(-39.536396,-147.000000,-13.640938,0.667907,0.000000,-0.744245,-0.000000,1.000000,0.000000,0.744245,-0.000000,0.667907),velocity=Vector3.new(16.775003, 0.000416, -8.436234),slideActive=false,wallhopFlick=false,humanoidState=8},
            {type="keyframe",time=0.088973,cframe=CFrame.new(-39.388779,-147.000000,-13.715176,0.654461,0.000000,-0.756096,-0.000000,1.000000,0.000000,0.756096,-0.000000,0.654461),velocity=Vector3.new(17.714067, 0.000416, -8.908495),slideActive=false,wallhopFlick=false,humanoidState=8},
            {type="keyframe",time=0.095479,cframe=CFrame.new(-39.240063,-147.000000,-13.789967,0.641721,0.000000,-0.766938,-0.000000,1.000000,0.000000,0.766938,-0.000000,0.641721),velocity=Vector3.new(17.846125, 0.000416, -8.974907),slideActive=false,wallhopFlick=false,humanoidState=8},
            {type="keyframe",time=0.098800,cframe=CFrame.new(-39.240063,-147.000000,-13.789967,0.641721,0.000000,-0.766938,-0.000000,1.000000,0.000000,0.766938,-0.000000,0.641721),velocity=Vector3.new(17.846125, 0.000416, -8.974907),slideActive=false,wallhopFlick=false,humanoidState=8},
            {type="keyframe",time=0.103662,cframe=CFrame.new(-39.091190,-147.000000,-13.864836,0.629678,0.000000,-0.776857,-0.000000,1.000000,0.000000,0.776857,-0.000000,0.629678),velocity=Vector3.new(17.864695, 0.000416, -8.984245),slideActive=false,wallhopFlick=false,humanoidState=8},
            {type="keyframe",time=0.107787,cframe=CFrame.new(-39.091190,-147.000000,-13.864836,0.629678,0.000000,-0.776857,-0.000000,1.000000,0.000000,0.776857,-0.000000,0.629678),velocity=Vector3.new(17.864695, 0.000416, -8.984245),slideActive=false,wallhopFlick=false,humanoidState=8},
            {type="keyframe",time=0.112917,cframe=CFrame.new(-38.942295,-147.000000,-13.939715,0.618310,0.000000,-0.785934,-0.000000,1.000000,0.000000,0.785934,-0.000000,0.618310),velocity=Vector3.new(17.867306, 0.000416, -8.985559),slideActive=false,wallhopFlick=false,humanoidState=8},
            {type="keyframe",time=0.117247,cframe=CFrame.new(-38.942295,-147.000000,-13.939715,0.618310,0.000000,-0.785934,-0.000000,1.000000,0.000000,0.785934,-0.000000,0.618310),velocity=Vector3.new(17.867306, 0.000416, -8.985559),slideActive=false,wallhopFlick=false,humanoidState=8},
            {type="keyframe",time=0.122245,cframe=CFrame.new(-38.793396,-147.000000,-14.014597,0.607593,0.000000,-0.794248,-0.000000,1.000000,0.000000,0.794248,-0.000000,0.607593),velocity=Vector3.new(17.867674, 0.000416, -8.985744),slideActive=false,wallhopFlick=false,humanoidState=8},
            {type="keyframe",time=0.128357,cframe=CFrame.new(-38.644497,-147.000000,-14.089478,0.597500,0.000000,-0.801869,-0.000000,1.000000,0.000000,0.801869,-0.000000,0.597500),velocity=Vector3.new(17.867725, 0.000416, -8.985769),slideActive=false,wallhopFlick=false,humanoidState=8},
            {type="keyframe",time=0.133016,cframe=CFrame.new(-38.644497,-147.000000,-14.089478,0.597500,0.000000,-0.801869,-0.000000,1.000000,0.000000,0.801869,-0.000000,0.597500),velocity=Vector3.new(17.867725, 0.000416, -8.985769),slideActive=false,wallhopFlick=false,humanoidState=8},
            {type="keyframe",time=0.138225,cframe=CFrame.new(-38.495598,-147.000000,-14.164360,0.588003,0.000000,-0.808859,-0.000000,1.000000,0.000000,0.808859,-0.000000,0.588003),velocity=Vector3.new(17.867733, 0.000416, -8.985773),slideActive=false,wallhopFlick=false,humanoidState=8},
            {type="keyframe",time=0.147360,cframe=CFrame.new(-38.346699,-147.000000,-14.239242,0.579075,0.000000,-0.815275,-0.000000,1.000000,0.000000,0.815275,-0.000000,0.579075),velocity=Vector3.new(17.867733, 0.000416, -8.985774),slideActive=false,wallhopFlick=false,humanoidState=8},
            {type="keyframe",time=0.150833,cframe=CFrame.new(-38.197800,-147.000000,-14.314123,0.570687,0.000000,-0.821168,-0.000000,1.000000,0.000000,0.821168,-0.000000,0.570687),velocity=Vector3.new(17.867733, 0.000416, -8.985774),slideActive=false,wallhopFlick=false,humanoidState=8},
            {type="keyframe",time=0.155315,cframe=CFrame.new(-38.197800,-147.000000,-14.314123,0.570687,0.000000,-0.821168,-0.000000,1.000000,0.000000,0.821168,-0.000000,0.570687),velocity=Vector3.new(17.867733, 0.000416, -8.985774),slideActive=false,wallhopFlick=false,humanoidState=8},
            {type="keyframe",time=0.160429,cframe=CFrame.new(-38.048901,-147.000000,-14.389005,0.562812,0.000000,-0.826585,-0.000000,1.000000,0.000000,0.826585,-0.000000,0.562812),velocity=Vector3.new(17.867733, 0.000416, -8.985774),slideActive=false,wallhopFlick=false,humanoidState=8},
            {type="keyframe",time=0.165801,cframe=CFrame.new(-38.048901,-147.000000,-14.389005,0.562812,0.000000,-0.826585,-0.000000,1.000000,0.000000,0.826585,-0.000000,0.562812),velocity=Vector3.new(17.867733, 0.000416, -8.985774),slideActive=false,wallhopFlick=false,humanoidState=8},
            {type="keyframe",time=0.169986,cframe=CFrame.new(-37.900002,-147.000000,-14.463886,0.555423,0.000000,-0.831568,-0.000000,1.000000,0.000000,0.831568,-0.000000,0.555423),velocity=Vector3.new(17.867733, 0.000416, -8.985774),slideActive=false,wallhopFlick=false,humanoidState=8},
            {type="keyframe",time=0.175037,cframe=CFrame.new(-37.900002,-147.000000,-14.463886,0.555423,0.000000,-0.831568,-0.000000,1.000000,0.000000,0.831568,-0.000000,0.555423),velocity=Vector3.new(17.867733, 0.000416, -8.985774),slideActive=false,wallhopFlick=false,humanoidState=8},
            {type="keyframe",time=0.180499,cframe=CFrame.new(-37.751102,-147.000000,-14.538768,0.548495,-0.000000,-0.836154,0.000000,1.000000,-0.000000,0.836154,0.000000,0.548495),velocity=Vector3.new(17.867733, 0.000416, -8.985774),slideActive=false,wallhopFlick=false,humanoidState=8},
            {type="keyframe",time=0.184865,cframe=CFrame.new(-37.751102,-147.000000,-14.538768,0.548495,-0.000000,-0.836154,0.000000,1.000000,-0.000000,0.836154,0.000000,0.548495),velocity=Vector3.new(17.867733, 0.000416, -8.985774),slideActive=false,wallhopFlick=false,humanoidState=8},
            {type="keyframe",time=0.189216,cframe=CFrame.new(-37.602203,-147.000000,-14.613649,0.542000,-0.000000,-0.840378,0.000000,1.000000,-0.000000,0.840378,0.000000,0.542000),velocity=Vector3.new(17.867733, 0.000416, -8.985774),slideActive=false,wallhopFlick=false,humanoidState=8},
            {type="keyframe",time=0.194180,cframe=CFrame.new(-37.453304,-147.000000,-14.688531,0.535915,-0.000000,-0.844272,0.000000,1.000000,-0.000000,0.844272,0.000000,0.535915),velocity=Vector3.new(17.867733, 0.000416, -8.985774),slideActive=false,wallhopFlick=false,humanoidState=8},
            {type="keyframe",time=0.199201,cframe=CFrame.new(-37.453304,-147.000000,-14.688531,0.535915,-0.000000,-0.844272,0.000000,1.000000,-0.000000,0.844272,0.000000,0.535915),velocity=Vector3.new(17.867733, 0.000416, -8.985774),slideActive=false,wallhopFlick=false,humanoidState=8},
            {type="keyframe",time=0.203268,cframe=CFrame.new(-37.304642,-147.000000,-14.763877,0.530388,-0.000000,-0.847755,0.000000,1.000000,-0.000000,0.847755,0.000000,0.530388),velocity=Vector3.new(17.839598, 0.000416, -9.041468),slideActive=false,wallhopFlick=false,humanoidState=8},
            {type="keyframe",time=0.208014,cframe=CFrame.new(-37.304642,-147.000000,-14.763877,0.530388,-0.000000,-0.847755,0.000000,1.000000,-0.000000,0.847755,0.000000,0.530388),velocity=Vector3.new(17.839598, 0.000416, -9.041468),slideActive=false,wallhopFlick=false,humanoidState=8},
            {type="keyframe",time=0.213719,cframe=CFrame.new(-37.156723,-147.000000,-14.840675,0.525759,-0.000000,-0.850634,0.000000,1.000000,-0.000000,0.850634,0.000000,0.525759),velocity=Vector3.new(17.750027, 0.000416, -9.215759),slideActive=false,wallhopFlick=false,humanoidState=8},
            {type="keyframe",time=0.222123,cframe=CFrame.new(-37.008911,-147.000000,-14.917678,0.521526,-0.000000,-0.853235,0.000000,1.000000,-0.000000,0.853235,0.000000,0.521526),velocity=Vector3.new(17.737431, 0.000416, -9.240268),slideActive=false,wallhopFlick=false,humanoidState=8},
            {type="keyframe",time=0.227296,cframe=CFrame.new(-37.008911,-147.000000,-14.917678,0.521526,-0.000000,-0.853235,0.000000,1.000000,-0.000000,0.853235,0.000000,0.521526),velocity=Vector3.new(17.737431, 0.000416, -9.240268),slideActive=false,wallhopFlick=false,humanoidState=8},
            {type="keyframe",time=0.232407,cframe=CFrame.new(-36.863857,-147.000000,-14.999726,0.519483,-0.000000,-0.854481,0.000000,1.000000,-0.000000,0.854481,0.000000,0.519483),velocity=Vector3.new(17.406351, 0.000416, -9.845854),slideActive=false,wallhopFlick=false,humanoidState=8},
            {type="keyframe",time=0.236239,cframe=CFrame.new(-36.721313,-147.000000,-15.086063,0.519295,-0.000000,-0.854595,0.000000,1.000000,-0.000000,0.854595,0.000000,0.519295),velocity=Vector3.new(17.105331, 0.000416, -10.360429),slideActive=false,wallhopFlick=false,humanoidState=8},
            {type="keyframe",time=0.241045,cframe=CFrame.new(-36.721313,-147.000000,-15.086063,0.519295,-0.000000,-0.854595,0.000000,1.000000,-0.000000,0.854595,0.000000,0.519295),velocity=Vector3.new(17.105331, 0.000416, -10.360429),slideActive=false,wallhopFlick=false,humanoidState=8},
            {type="keyframe",time=0.246424,cframe=CFrame.new(-36.581631,-147.000000,-15.176953,0.520978,-0.000000,-0.853570,0.000000,1.000000,-0.000000,0.853570,0.000000,0.520978),velocity=Vector3.new(16.761965, 0.000416, -10.906817),slideActive=false,wallhopFlick=false,humanoidState=8},
            {type="keyframe",time=0.250305,cframe=CFrame.new(-36.581631,-147.000000,-15.176953,0.520978,-0.000000,-0.853570,0.000000,1.000000,-0.000000,0.853570,0.000000,0.520978),velocity=Vector3.new(16.761965, 0.000416, -10.906817),slideActive=false,wallhopFlick=false,humanoidState=8},
            {type="keyframe",time=0.254881,cframe=CFrame.new(-36.445286,-147.000000,-15.272774,0.524593,-0.000000,-0.851353,0.000000,1.000000,-0.000000,0.851353,0.000000,0.524593),velocity=Vector3.new(16.361238, 0.000416, -11.498496),slideActive=false,wallhopFlick=false,humanoidState=8},
            {type="keyframe",time=0.259659,cframe=CFrame.new(-36.445286,-147.000000,-15.272774,0.524593,-0.000000,-0.851353,0.000000,1.000000,-0.000000,0.851353,0.000000,0.524593),velocity=Vector3.new(16.361238, 0.000416, -11.498496),slideActive=false,wallhopFlick=false,humanoidState=8},
            {type="keyframe",time=0.266283,cframe=CFrame.new(-36.312187,-147.000000,-15.373055,0.529860,-0.000000,-0.848085,0.000000,1.000000,-0.000000,0.848085,0.000000,0.529860),velocity=Vector3.new(15.971896, 0.000416, -12.033850),slideActive=false,wallhopFlick=false,humanoidState=8},
            {type="keyframe",time=0.269996,cframe=CFrame.new(-36.182442,-147.000000,-15.477640,0.656718,-0.000000,-0.754136,0.000000,1.000000,-0.000000,0.754136,0.000000,0.656718),velocity=Vector3.new(15.569563, 0.000416, -12.550165),slideActive=false,wallhopFlick=false,humanoidState=8},
            {type="keyframe",time=0.274302,cframe=CFrame.new(-36.117741,-147.000000,-15.530152,0.656718,-0.000000,-0.754136,0.000000,1.000000,-0.000000,0.754136,0.000000,0.656718),velocity=Vector3.new(15.528415, 0.000416, -12.602971),slideActive=false,wallhopFlick=false,humanoidState=8},
            {type="keyframe",time=0.279484,cframe=CFrame.new(-36.054199,-147.000000,-15.584048,0.656718,-0.000000,-0.754136,0.000000,1.000000,-0.000000,0.754136,0.000000,0.656718),velocity=Vector3.new(15.249853, 0.000416, -12.935095),slideActive=false,wallhopFlick=false,humanoidState=8},
            {type="keyframe",time=0.283007,cframe=CFrame.new(-35.991093,-147.000000,-15.638463,0.678340,0.000000,-0.734748,-0.000000,1.000000,0.000000,0.734748,0.000000,0.678340),velocity=Vector3.new(15.145393, 0.000416, -13.059640),slideActive=false,wallhopFlick=false,humanoidState=8},
            {type="keyframe",time=0.287398,cframe=CFrame.new(-35.928150,-147.000000,-15.693072,0.678340,0.000000,-0.734748,-0.000000,1.000000,0.000000,0.734748,0.000000,0.678340),velocity=Vector3.new(15.106221, 0.000416, -13.106344),slideActive=false,wallhopFlick=false,humanoidState=8},
            {type="keyframe",time=0.292300,cframe=CFrame.new(-35.866280,-147.000000,-15.748881,0.696791,0.000000,-0.717274,-0.000000,1.000000,0.000000,0.717274,-0.000000,0.696791),velocity=Vector3.new(14.849182, 0.000416, -13.394133),slideActive=false,wallhopFlick=false,humanoidState=8},
            {type="keyframe",time=0.297498,cframe=CFrame.new(-35.804810,-147.000000,-15.805140,0.696791,0.000000,-0.717274,-0.000000,1.000000,0.000000,0.717274,-0.000000,0.696791),velocity=Vector3.new(14.752791, 0.000416, -13.502054),slideActive=false,wallhopFlick=false,humanoidState=8},
            {type="keyframe",time=0.301841,cframe=CFrame.new(-35.744400,-147.000000,-15.862528,0.712248,0.000000,-0.701928,-0.000000,1.000000,0.000000,0.701928,-0.000000,0.712248),velocity=Vector3.new(14.498227, 0.000416, -13.773154),slideActive=false,wallhopFlick=false,humanoidState=8},
            {type="keyframe",time=0.306586,cframe=CFrame.new(-35.684387,-147.000000,-15.920340,0.729853,0.000000,-0.683604,-0.000000,1.000000,0.000000,0.683604,-0.000000,0.729853),velocity=Vector3.new(14.402765, 0.000416, -13.874817),slideActive=false,wallhopFlick=false,humanoidState=8},
            {type="keyframe",time=0.311037,cframe=CFrame.new(-35.566616,-147.000000,-16.038252,0.729853,0.000000,-0.683604,-0.000000,1.000000,0.000000,0.683604,-0.000000,0.729853),velocity=Vector3.new(14.089779, 0.000416, -14.192905),slideActive=false,wallhopFlick=false,humanoidState=8},
            {type="keyframe",time=0.316087,cframe=CFrame.new(-35.508995,-147.000000,-16.098442,0.742141,0.000000,-0.670244,-0.000000,1.000000,0.000000,0.670244,-0.000000,0.742141),velocity=Vector3.new(13.828714, 0.000416, -14.445505),slideActive=false,wallhopFlick=false,humanoidState=8},
            {type="keyframe",time=0.320276,cframe=CFrame.new(-35.451782,-147.000000,-16.159027,0.742141,0.000000,-0.670244,-0.000000,1.000000,0.000000,0.670244,-0.000000,0.742141),velocity=Vector3.new(13.730818, 0.000416, -14.540230),slideActive=false,wallhopFlick=false,humanoidState=8},
            {type="keyframe",time=0.325033,cframe=CFrame.new(-35.395420,-147.000000,-16.220400,0.756562,0.000000,-0.653922,-0.000000,1.000000,0.000000,0.653922,-0.000000,0.756562),velocity=Vector3.new(13.527109, 0.000416, -14.729345),slideActive=false,wallhopFlick=false,humanoidState=8},
            {type="keyframe",time=0.331310,cframe=CFrame.new(-35.339375,-147.000000,-16.282068,0.756562,0.000000,-0.653922,-0.000000,1.000000,0.000000,0.653922,-0.000000,0.756562),velocity=Vector3.new(13.450720, 0.000416, -14.800261),slideActive=false,wallhopFlick=false,humanoidState=8},
            {type="keyframe",time=0.334701,cframe=CFrame.new(-35.229588,-147.000000,-16.407452,0.768307,0.000000,-0.640082,-0.000000,1.000000,0.000000,0.640082,-0.000000,0.768307),velocity=Vector3.new(13.130784, 0.000416, -15.084703),slideActive=false,wallhopFlick=false,humanoidState=8},
            {type="keyframe",time=0.344355,cframe=CFrame.new(-35.175011,-147.000000,-16.470427,0.779798,0.000000,-0.626031,-0.000000,1.000000,0.000000,0.626031,-0.000000,0.779798),velocity=Vector3.new(13.098064, 0.000416, -15.113792),slideActive=false,wallhopFlick=false,humanoidState=8},
            {type="keyframe",time=0.349532,cframe=CFrame.new(-35.069431,-147.000000,-16.599358,0.788806,0.000000,-0.614643,-0.000000,1.000000,0.000000,0.614643,-0.000000,0.788806),velocity=Vector3.new(12.601830, 0.000416, -15.528152),slideActive=false,wallhopFlick=false,humanoidState=8},
            {type="keyframe",time=0.353112,cframe=CFrame.new(-35.017136,-147.000000,-16.664234,0.799832,0.000000,-0.600224,-0.000000,1.000000,0.000000,0.600224,-0.000000,0.799832),velocity=Vector3.new(12.551079, 0.000416, -15.570530),slideActive=false,wallhopFlick=false,humanoidState=8},
            {type="keyframe",time=0.356827,cframe=CFrame.new(-34.965511,-147.000000,-16.729647,0.799832,0.000000,-0.600224,-0.000000,1.000000,0.000000,0.600224,-0.000000,0.799832),velocity=Vector3.new(12.389685, 0.000416, -15.699022),slideActive=false,wallhopFlick=false,humanoidState=8},
            {type="keyframe",time=0.362840,cframe=CFrame.new(-34.914890,-147.000000,-16.795834,0.799832,0.000000,-0.600224,-0.000000,1.000000,0.000000,0.600224,-0.000000,0.799832),velocity=Vector3.new(12.148932, 0.000416, -15.885035),slideActive=false,wallhopFlick=false,humanoidState=8},
            {type="keyframe",time=0.367009,cframe=CFrame.new(-34.864647,-147.000000,-16.862312,0.812715,0.000000,-0.582661,-0.000000,1.000000,0.000000,0.582661,-0.000000,0.812715),velocity=Vector3.new(12.058646, 0.000416, -15.954788),slideActive=false,wallhopFlick=false,humanoidState=8},
            {type="keyframe",time=0.370578,cframe=CFrame.new(-34.814545,-147.000000,-16.928900,0.827258,0.000000,-0.561823,-0.000000,1.000000,0.000000,0.561823,-0.000000,0.827258),velocity=Vector3.new(12.024790, 0.000416, -15.980947),slideActive=false,wallhopFlick=false,humanoidState=8},
            {type="keyframe",time=0.375527,cframe=CFrame.new(-34.765408,-147.000000,-16.996199,0.827258,0.000000,-0.561823,-0.000000,1.000000,0.000000,0.561823,-0.000000,0.827258),velocity=Vector3.new(11.792561, 0.000416, -16.151794),slideActive=false,wallhopFlick=false,humanoidState=8},
            {type="keyframe",time=0.380395,cframe=CFrame.new(-34.717720,-147.000000,-17.064522,0.841266,0.000000,-0.540621,-0.000000,1.000000,0.000000,0.540621,-0.000000,0.841266),velocity=Vector3.new(11.444993, 0.000416, -16.397644),slideActive=false,wallhopFlick=false,humanoidState=8},
            {type="keyframe",time=0.389387,cframe=CFrame.new(-34.623634,-147.000000,-17.202082,0.854731,0.000000,-0.519071,0.000000,1.000000,0.000000,0.519071,-0.000000,0.854731),velocity=Vector3.new(11.265779, 0.000416, -16.524410),slideActive=false,wallhopFlick=false,humanoidState=8},
            {type="keyframe",time=0.394528,cframe=CFrame.new(-34.532555,-147.000000,-17.341646,0.867644,-0.000000,-0.497185,0.000000,1.000000,-0.000000,0.497185,-0.000000,0.867644),velocity=Vector3.new(10.876180, 0.000416, -16.783007),slideActive=false,wallhopFlick=false,humanoidState=8},
            {type="keyframe",time=0.399157,cframe=CFrame.new(-34.488525,-147.000000,-17.412388,0.867644,-0.000000,-0.497185,0.000000,1.000000,-0.000000,0.497185,0.000000,0.867644),velocity=Vector3.new(10.566954, 0.000416, -16.977768),slideActive=false,wallhopFlick=false,humanoidState=8},
            {type="keyframe",time=0.403604,cframe=CFrame.new(-34.446121,-147.000000,-17.484106,0.879997,-0.000000,-0.474979,0.000000,1.000000,-0.000000,0.474979,0.000000,0.879997),velocity=Vector3.new(10.177424, 0.000416, -17.212217),slideActive=false,wallhopFlick=false,humanoidState=8},
            {type="keyframe",time=0.408031,cframe=CFrame.new(-34.404324,-147.000000,-17.556190,0.879997,-0.000000,-0.474979,0.000000,1.000000,-0.000000,0.474979,0.000000,0.879997),velocity=Vector3.new(10.031352, 0.000416, -17.300135),slideActive=false,wallhopFlick=false,humanoidState=8},
            {type="keyframe",time=0.413312,cframe=CFrame.new(-34.363911,-147.000000,-17.629055,0.895044,-0.000000,-0.445979,0.000000,1.000000,-0.000000,0.445979,0.000000,0.895044),velocity=Vector3.new(9.698993, 0.000416, -17.487516),slideActive=false,wallhopFlick=false,humanoidState=8},
            {type="keyframe",time=0.418137,cframe=CFrame.new(-34.324017,-147.000000,-17.702213,0.910641,-0.000000,-0.413199,0.000000,1.000000,-0.000000,0.413199,0.000000,0.910641),velocity=Vector3.new(9.574358, 0.000416, -17.557785),slideActive=false,wallhopFlick=false,humanoidState=8},
            {type="keyframe",time=0.423158,cframe=CFrame.new(-34.285828,-147.000000,-17.776264,0.910641,-0.000000,-0.413200,0.000000,1.000000,-0.000000,0.413200,0.000000,0.910641),velocity=Vector3.new(9.165118, 0.000416, -17.772213),slideActive=false,wallhopFlick=false,humanoidState=8},
            {type="keyframe",time=0.426261,cframe=CFrame.new(-34.215023,-147.000000,-17.927092,0.923652,-0.000000,-0.383231,0.000000,1.000000,-0.000000,0.383231,0.000000,0.923652),velocity=Vector3.new(8.390712, 0.000416, -18.150852),slideActive=false,wallhopFlick=false,humanoidState=8},
            {type="keyframe",time=0.431680,cframe=CFrame.new(-34.180393,-147.000000,-18.002882,0.923652,-0.000000,-0.383232,0.000000,1.000000,-0.000000,0.383232,0.000000,0.923652),velocity=Vector3.new(8.311511, 0.000416, -18.189575),slideActive=false,wallhopFlick=false,humanoidState=8},
            {type="keyframe",time=0.435675,cframe=CFrame.new(-34.147446,-147.000000,-18.079411,0.934391,-0.000000,-0.356249,0.000000,1.000000,-0.000000,0.356249,0.000000,0.934391),velocity=Vector3.new(7.907209, 0.000416, -18.366745),slideActive=false,wallhopFlick=false,humanoidState=8},
            {type="keyframe",time=0.440690,cframe=CFrame.new(-34.115131,-147.000000,-18.156216,0.934391,-0.000000,-0.356249,0.000000,1.000000,-0.000000,0.356249,0.000000,0.934391),velocity=Vector3.new(7.755597, 0.000416, -18.433184),slideActive=false,wallhopFlick=false,humanoidState=8},
            {type="keyframe",time=0.446625,cframe=CFrame.new(-34.084457,-147.000000,-18.233685,0.944342,-0.000000,-0.328965,0.000000,1.000000,-0.000000,0.328965,0.000000,0.944342),velocity=Vector3.new(7.361456, 0.000416, -18.592335),slideActive=false,wallhopFlick=false,humanoidState=8},
            {type="keyframe",time=0.453792,cframe=CFrame.new(-34.024574,-147.000000,-18.389212,0.952396,-0.000000,-0.304864,0.000000,1.000000,-0.000000,0.304864,0.000000,0.952396),velocity=Vector3.new(7.158228, 0.000416, -18.674397),slideActive=false,wallhopFlick=false,humanoidState=8},
            {type="keyframe",time=0.458228,cframe=CFrame.new(-33.997513,-147.000000,-18.467995,0.960847,-0.000000,-0.277080,0.000000,1.000000,-0.000000,0.277080,0.000000,0.960847),velocity=Vector3.new(6.495135, 0.000416, -18.907848),slideActive=false,wallhopFlick=false,humanoidState=8},
            {type="keyframe",time=0.462403,cframe=CFrame.new(-33.971485,-147.000000,-18.547142,0.960847,-0.000000,-0.277080,0.000000,1.000000,-0.000000,0.277080,0.000000,0.960847),velocity=Vector3.new(6.246476, 0.000416, -18.995392),slideActive=false,wallhopFlick=false,humanoidState=8},
            {type="keyframe",time=0.466550,cframe=CFrame.new(-33.923790,-147.000000,-18.706808,0.966654,-0.000000,-0.256087,0.000000,1.000000,-0.000000,0.256087,0.000000,0.966654),velocity=Vector3.new(5.640718, 0.000416, -19.185783),slideActive=false,wallhopFlick=false,humanoidState=8},
            {type="keyframe",time=0.475404,cframe=CFrame.new(-33.900543,-147.000000,-18.786831,0.971143,-0.000000,-0.238499,0.000000,1.000000,-0.000000,0.238499,0.000000,0.971143),velocity=Vector3.new(5.578765, 0.000416, -19.205254),slideActive=false,wallhopFlick=false,humanoidState=8},
            {type="keyframe",time=0.480702,cframe=CFrame.new(-33.856876,-147.000000,-18.947664,0.971143,-0.000000,-0.238499,0.000000,1.000000,-0.000000,0.238499,0.000000,0.971143),velocity=Vector3.new(5.186008, 0.000416, -19.315100),slideActive=false,wallhopFlick=false,humanoidState=8},
            {type="keyframe",time=0.484598,cframe=CFrame.new(-33.836349,-147.000000,-19.028425,0.974503,-0.000000,-0.224373,0.000000,1.000000,-0.000000,0.224373,0.000000,0.974503),velocity=Vector3.new(4.925995, 0.000416, -19.382446),slideActive=false,wallhopFlick=false,humanoidState=8},
            {type="keyframe",time=0.488673,cframe=CFrame.new(-33.816231,-147.000000,-19.109291,0.974503,-0.000000,-0.224373,0.000000,1.000000,-0.000000,0.224373,0.000000,0.974503),velocity=Vector3.new(4.828490, 0.000416, -19.407701),slideActive=false,wallhopFlick=false,humanoidState=8},
            {type="keyframe",time=0.493398,cframe=CFrame.new(-33.797001,-147.000000,-19.190371,0.977659,-0.000000,-0.210199,0.000000,1.000000,-0.000000,0.210199,0.000000,0.977659),velocity=Vector3.new(4.615343, 0.000416, -19.459181),slideActive=false,wallhopFlick=false,humanoidState=8},
            {type="keyframe",time=0.498683,cframe=CFrame.new(-33.778103,-147.000000,-19.271530,0.979890,-0.000000,-0.199539,0.000000,1.000000,-0.000000,0.199539,0.000000,0.979890),velocity=Vector3.new(4.535413, 0.000416, -19.478485),slideActive=false,wallhopFlick=false,humanoidState=8},
            {type="keyframe",time=0.502137,cframe=CFrame.new(-33.760067,-147.000000,-19.352884,0.979890,0.000000,-0.199539,-0.000000,1.000000,-0.000000,0.199539,0.000000,0.979890),velocity=Vector3.new(4.328261, 0.000416, -19.525166),slideActive=false,wallhopFlick=false,humanoidState=8},
            {type="keyframe",time=0.506798,cframe=CFrame.new(-33.742912,-147.000000,-19.434429,0.981313,0.000000,-0.192419,-0.000000,1.000000,0.000000,0.192419,-0.000000,0.981313),velocity=Vector3.new(4.117332, 0.000416, -19.570562),slideActive=false,wallhopFlick=false,humanoidState=8},
            {type="keyframe",time=0.511828,cframe=CFrame.new(-33.726086,-147.000000,-19.516045,0.981313,0.000000,-0.192419,-0.000000,1.000000,0.000000,0.192419,-0.000000,0.981313),velocity=Vector3.new(4.038234, 0.000416, -19.587585),slideActive=false,wallhopFlick=false,humanoidState=8},
            {type="keyframe",time=0.517429,cframe=CFrame.new(-33.709755,-147.000000,-19.597761,0.982005,0.000000,-0.188855,-0.000000,1.000000,0.000000,0.188855,-0.000000,0.982005),velocity=Vector3.new(3.919575, 0.000416, -19.611755),slideActive=false,wallhopFlick=false,humanoidState=8},
            {type="keyframe",time=0.519751,cframe=CFrame.new(-33.693607,-147.000000,-19.679514,0.982005,0.000000,-0.188855,-0.000000,1.000000,0.000000,0.188855,-0.000000,0.982005),velocity=Vector3.new(3.875078, 0.000416, -19.620819),slideActive=false,wallhopFlick=false,humanoidState=8},
            {type="keyframe",time=0.524292,cframe=CFrame.new(-33.677715,-147.000000,-19.761318,0.982005,0.000000,-0.188855,-0.000000,1.000000,0.000000,0.188855,-0.000000,0.982005),velocity=Vector3.new(3.813845, 0.000416, -19.632870),slideActive=false,wallhopFlick=false,humanoidState=8},
            {type="keyframe",time=0.529470,cframe=CFrame.new(-33.661919,-147.000000,-19.843142,0.982005,0.000000,-0.188855,-0.000000,1.000000,0.000000,0.188855,-0.000000,0.982005),velocity=Vector3.new(3.790885, 0.000416, -19.637388),slideActive=false,wallhopFlick=false,humanoidState=8},
            {type="keyframe",time=0.533564,cframe=CFrame.new(-33.646160,-147.000000,-19.924971,0.982684,0.000000,-0.185289,-0.000000,1.000000,0.000000,0.185289,-0.000000,0.982684),velocity=Vector3.new(3.782273, 0.000416, -19.639082),slideActive=false,wallhopFlick=false,humanoidState=8},
            {type="keyframe",time=0.537830,cframe=CFrame.new(-33.630413,-147.000000,-20.006804,0.982684,0.000000,-0.185289,-0.000000,1.000000,0.000000,0.185289,-0.000000,0.982684),velocity=Vector3.new(3.779046, 0.000416, -19.639717),slideActive=false,wallhopFlick=false,humanoidState=8},
            {type="keyframe",time=0.542481,cframe=CFrame.new(-33.614857,-147.000000,-20.088673,0.982684,0.000000,-0.185289,-0.000000,1.000000,0.000000,0.185289,-0.000000,0.982684),velocity=Vector3.new(3.733260, 0.000416, -19.648445),slideActive=false,wallhopFlick=false,humanoidState=8},
            {type="keyframe",time=0.547391,cframe=CFrame.new(-33.599373,-147.000000,-20.170555,0.982684,0.000000,-0.185289,-0.000000,1.000000,0.000000,0.185289,-0.000000,0.982684),velocity=Vector3.new(3.716090, 0.000416, -19.651718),slideActive=false,wallhopFlick=false,humanoidState=8},
            {type="keyframe",time=0.555346,cframe=CFrame.new(-33.568470,-147.000000,-20.334333,0.982684,0.000000,-0.185289,-0.000000,1.000000,0.000000,0.185289,-0.000000,0.982684),velocity=Vector3.new(3.707237, 0.000416, -19.653406),slideActive=false,wallhopFlick=false,humanoidState=8},
            {type="keyframe",time=0.560129,cframe=CFrame.new(-33.553028,-147.000000,-20.416224,0.982684,0.000000,-0.185289,-0.000000,1.000000,0.000000,0.185289,-0.000000,0.982684),velocity=Vector3.new(3.706332, 0.000416, -19.653580),slideActive=false,wallhopFlick=false,humanoidState=8},
            {type="keyframe",time=0.564720,cframe=CFrame.new(-33.522144,-147.000000,-20.580004,0.982684,0.000000,-0.185289,-0.000000,1.000000,0.000000,0.185289,-0.000000,0.982684),velocity=Vector3.new(3.705865, 0.000416, -19.653667),slideActive=false,wallhopFlick=false,humanoidState=8},
            {type="keyframe",time=0.572773,cframe=CFrame.new(-33.506702,-147.000000,-20.661894,0.982684,0.000000,-0.185289,-0.000000,1.000000,0.000000,0.185289,-0.000000,0.982684),velocity=Vector3.new(3.705817, 0.000416, -19.653677),slideActive=false,wallhopFlick=false,humanoidState=8},
            {type="keyframe",time=0.577324,cframe=CFrame.new(-33.475819,-147.000000,-20.825674,0.982684,0.000000,-0.185289,-0.000000,1.000000,0.000000,0.185289,-0.000000,0.982684),velocity=Vector3.new(3.705793, 0.000416, -19.653683),slideActive=false,wallhopFlick=false,humanoidState=8},
            {type="keyframe",time=0.582833,cframe=CFrame.new(-33.460377,-147.000000,-20.907564,0.982684,0.000000,-0.185289,-0.000000,1.000000,0.000000,0.185289,-0.000000,0.982684),velocity=Vector3.new(3.705790, 0.000416, -19.653683),slideActive=false,wallhopFlick=false,humanoidState=8},
            {type="keyframe",time=0.585448,cframe=CFrame.new(-33.444935,-147.000000,-20.989454,0.982684,0.000000,-0.185289,-0.000000,1.000000,0.000000,0.185289,-0.000000,0.982684),velocity=Vector3.new(3.705789, 0.000416, -19.653683),slideActive=false,wallhopFlick=false,humanoidState=8},
            {type="keyframe",time=0.589234,cframe=CFrame.new(-33.429493,-147.000000,-21.071344,0.982684,0.000000,-0.185289,-0.000000,1.000000,0.000000,0.185289,-0.000000,0.982684),velocity=Vector3.new(3.705789, 0.000416, -19.653683),slideActive=false,wallhopFlick=false,humanoidState=8},
            {type="keyframe",time=0.594591,cframe=CFrame.new(-33.414051,-147.000000,-21.153234,0.982684,0.000000,-0.185289,-0.000000,1.000000,0.000000,0.185289,-0.000000,0.982684),velocity=Vector3.new(3.705789, 0.000416, -19.653683),slideActive=false,wallhopFlick=false,humanoidState=8},
            {type="keyframe",time=0.599396,cframe=CFrame.new(-33.398609,-147.000000,-21.235125,0.982684,0.000000,-0.185289,-0.000000,1.000000,0.000000,0.185289,-0.000000,0.982684),velocity=Vector3.new(3.705789, 0.000416, -19.653683),slideActive=false,wallhopFlick=false,humanoidState=8},
            {type="keyframe",time=0.602623,cframe=CFrame.new(-33.383167,-147.000000,-21.317015,0.982684,0.000000,-0.185289,-0.000000,1.000000,0.000000,0.185289,-0.000000,0.982684),velocity=Vector3.new(3.705789, 0.000416, -19.653683),slideActive=false,wallhopFlick=false,humanoidState=8},
            {type="keyframe",time=0.606093,cframe=CFrame.new(-33.367725,-147.000000,-21.398905,0.982684,0.000000,-0.185289,-0.000000,1.000000,0.000000,0.185289,-0.000000,0.982684),velocity=Vector3.new(3.705789, 0.000416, -19.653683),slideActive=false,wallhopFlick=false,humanoidState=8},
            {type="keyframe",time=0.611130,cframe=CFrame.new(-33.352283,-147.000000,-21.480795,0.982684,-0.000000,-0.185289,0.000000,1.000000,-0.000000,0.185289,0.000000,0.982684),velocity=Vector3.new(3.705789, 0.000416, -19.653683),slideActive=false,wallhopFlick=false,humanoidState=8},
            {type="keyframe",time=0.615824,cframe=CFrame.new(-33.336842,-147.000000,-21.562685,0.982684,-0.000000,-0.185289,0.000000,1.000000,-0.000000,0.185289,0.000000,0.982684),velocity=Vector3.new(3.705789, 0.000416, -19.653683),slideActive=false,wallhopFlick=false,humanoidState=8},
            {type="keyframe",time=0.619035,cframe=CFrame.new(-33.321400,-147.000000,-21.644575,0.982684,-0.000000,-0.185289,0.000000,1.000000,-0.000000,0.185289,0.000000,0.982684),velocity=Vector3.new(3.705789, 0.000416, -19.653683),slideActive=false,wallhopFlick=false,humanoidState=8},
            {type="keyframe",time=0.622605,cframe=CFrame.new(-33.305958,-147.000000,-21.726465,0.982684,-0.000000,-0.185289,0.000000,1.000000,-0.000000,0.185289,0.000000,0.982684),velocity=Vector3.new(3.705789, 0.000416, -19.653683),slideActive=false,wallhopFlick=false,humanoidState=8},
            {type="keyframe",time=0.627652,cframe=CFrame.new(-33.290516,-147.000000,-21.808355,0.982684,-0.000000,-0.185289,0.000000,1.000000,-0.000000,0.185289,0.000000,0.982684),velocity=Vector3.new(3.705789, 0.000416, -19.653683),slideActive=false,wallhopFlick=false,humanoidState=8},
            {type="keyframe",time=0.632868,cframe=CFrame.new(-33.275074,-147.000000,-21.890245,0.982684,-0.000000,-0.185289,0.000000,1.000000,-0.000000,0.185289,0.000000,0.982684),velocity=Vector3.new(3.705789, 0.000416, -19.653683),slideActive=false,wallhopFlick=false,humanoidState=8},
            {type="keyframe",time=0.635975,cframe=CFrame.new(-33.259632,-147.000000,-21.972136,0.982684,-0.000000,-0.185289,0.000000,1.000000,-0.000000,0.185289,0.000000,0.982684),velocity=Vector3.new(3.705789, 0.000416, -19.653683),slideActive=false,wallhopFlick=false,humanoidState=8},
            {type="keyframe",time=0.639814,cframe=CFrame.new(-33.244190,-147.000000,-22.054026,0.982684,-0.000000,-0.185289,0.000000,1.000000,-0.000000,0.185289,0.000000,0.982684),velocity=Vector3.new(3.705789, 0.000416, -19.653683),slideActive=false,wallhopFlick=false,humanoidState=8},
            {type="keyframe",time=0.644682,cframe=CFrame.new(-33.228748,-147.000000,-22.135916,0.982684,-0.000000,-0.185289,0.000000,1.000000,-0.000000,0.185289,0.000000,0.982684),velocity=Vector3.new(3.705789, 0.000416, -19.653683),slideActive=false,wallhopFlick=false,humanoidState=8},
            {type="keyframe",time=0.648647,cframe=CFrame.new(-33.213306,-147.000000,-22.217806,0.982684,-0.000000,-0.185289,0.000000,1.000000,-0.000000,0.185289,0.000000,0.982684),velocity=Vector3.new(3.705789, 0.000416, -19.653683),slideActive=false,wallhopFlick=false,humanoidState=8},
            {type="keyframe",time=0.652871,cframe=CFrame.new(-33.197865,-147.000000,-22.299696,0.982684,-0.000000,-0.185289,0.000000,1.000000,-0.000000,0.185289,0.000000,0.982684),velocity=Vector3.new(3.705789, 0.000416, -19.653683),slideActive=false,wallhopFlick=false,humanoidState=8},
            {type="keyframe",time=0.655904,cframe=CFrame.new(-33.182423,-147.000000,-22.381586,0.982684,-0.000000,-0.185289,0.000000,1.000000,-0.000000,0.185289,0.000000,0.982684),velocity=Vector3.new(3.705789, 0.000416, -19.653683),slideActive=false,wallhopFlick=false,humanoidState=8},
            {type="keyframe",time=0.661143,cframe=CFrame.new(-33.166981,-147.000000,-22.463476,0.982684,-0.000000,-0.185289,0.000000,1.000000,-0.000000,0.185289,0.000000,0.982684),velocity=Vector3.new(3.705789, 0.000416, -19.653683),slideActive=false,wallhopFlick=false,humanoidState=8},
            {type="keyframe",time=0.665526,cframe=CFrame.new(-33.151539,-147.000000,-22.545366,0.982684,-0.000000,-0.185289,0.000000,1.000000,-0.000000,0.185289,0.000000,0.982684),velocity=Vector3.new(3.705789, 0.000416, -19.653683),slideActive=false,wallhopFlick=false,humanoidState=8},
