local TAS_LIBRARY = {
    maps = {
            elseif mapName == "lobby_parkour_(test)" then
        tasData = {
            {type="keyframe",time=0.004340,cframe=CFrame.new(-14.357679,-141.005066,-43.211830,-0.849232,-0.000000,-0.528020,-0.000000,1.000000,0.000000,0.528020,0.000000,-0.849232),velocity=Vector3.new(-0.000000, 0.001248, 0.000000),slideActive=false,wallhopFlick=false},
            {type="keyframe",time=0.007283,cframe=CFrame.new(-14.357679,-141.005066,-43.211830,-0.849232,-0.000000,-0.528020,-0.000000,1.000000,0.000000,0.528020,0.000000,-0.849232),velocity=Vector3.new(-0.000000, 0.001248, 0.000000),slideActive=false,wallhopFlick=false},
            {type="keyframe",time=0.011187,cframe=CFrame.new(-14.357679,-141.005066,-43.211830,-0.849232,-0.000000,-0.528020,-0.000000,1.000000,0.000000,0.528020,0.000000,-0.849232),velocity=Vector3.new(-0.000000, 0.001248, 0.000000),slideActive=false,wallhopFlick=false},
            {type="keyframe",time=0.015364,cframe=CFrame.new(-14.357679,-141.005066,-43.211830,-0.849232,-0.000000,-0.528020,-0.000000,1.000000,0.000000,0.528020,0.000000,-0.849232),velocity=Vector3.new(-0.000000, 0.001248, 0.000000),slideActive=false,wallhopFlick=false},
            {type="keyframe",time=0.020090,cframe=CFrame.new(-14.357679,-141.005066,-43.211830,-0.849232,-0.000000,-0.528020,-0.000000,1.000000,0.000000,0.528020,0.000000,-0.849232),velocity=Vector3.new(-0.000000, 0.001248, 0.000000),slideActive=false,wallhopFlick=false},
            {type="keyframe",time=0.023681,cframe=CFrame.new(-14.357679,-141.005066,-43.211830,-0.849232,-0.000000,-0.528020,-0.000000,1.000000,0.000000,0.528020,0.000000,-0.849232),velocity=Vector3.new(-0.000000, 0.001248, 0.000000),slideActive=false,wallhopFlick=false},
            {type="keyframe",time=0.027725,cframe=CFrame.new(-14.357679,-141.005066,-43.211830,-0.849232,-0.000000,-0.528020,-0.000000,1.000000,0.000000,0.528020,0.000000,-0.849232),velocity=Vector3.new(-0.000000, 0.001248, 0.000000),slideActive=false,wallhopFlick=false},
            {type="keyframe",time=0.031891,cframe=CFrame.new(-14.357679,-141.005066,-43.211830,-0.849232,-0.000000,-0.528020,-0.000000,1.000000,0.000000,0.528020,0.000000,-0.849232),velocity=Vector3.new(-0.000000, 0.001248, 0.000000),slideActive=false,wallhopFlick=false},
            {type="keyframe",time=0.036570,cframe=CFrame.new(-14.357679,-141.005066,-43.211830,-0.849232,-0.000000,-0.528020,-0.000000,1.000000,0.000000,0.528020,0.000000,-0.849232),velocity=Vector3.new(-0.000000, 0.001248, 0.000000),slideActive=false,wallhopFlick=false},
            {type="keyframe",time=0.040601,cframe=CFrame.new(-14.357679,-141.005066,-43.211830,-0.849232,-0.000000,-0.528020,-0.000000,1.000000,0.000000,0.528020,0.000000,-0.849232),velocity=Vector3.new(-0.000000, 0.001248, 0.000000),slideActive=false,wallhopFlick=false},
            {type="keyframe",time=0.045082,cframe=CFrame.new(-14.357679,-141.005066,-43.211830,-0.849232,-0.000000,-0.528020,-0.000000,1.000000,0.000000,0.528020,0.000000,-0.849232),velocity=Vector3.new(-0.000000, 0.001248, 0.000000),slideActive=false,wallhopFlick=false},
            {type="keyframe",time=0.048700,cframe=CFrame.new(-14.357679,-141.005066,-43.211830,-0.849232,-0.000000,-0.528020,-0.000000,1.000000,0.000000,0.528020,0.000000,-0.849232),velocity=Vector3.new(-0.000000, 0.001248, 0.000000),slideActive=false,wallhopFlick=false},
            {type="keyframe",time=0.053307,cframe=CFrame.new(-14.357679,-141.005066,-43.211830,-0.849232,-0.000000,-0.528020,-0.000000,1.000000,0.000000,0.528020,0.000000,-0.849232),velocity=Vector3.new(-0.000000, 0.001248, 0.000000),slideActive=false,wallhopFlick=false},
            {type="keyframe",time=0.056914,cframe=CFrame.new(-14.357679,-141.005066,-43.211830,-0.849232,-0.000000,-0.528020,-0.000000,1.000000,0.000000,0.528020,0.000000,-0.849232),velocity=Vector3.new(-0.000000, 0.001248, 0.000000),slideActive=false,wallhopFlick=false},
            {type="keyframe",time=0.061369,cframe=CFrame.new(-14.357679,-141.005066,-43.211830,-0.849232,-0.000000,-0.528020,-0.000000,1.000000,0.000000,0.528020,0.000000,-0.849232),velocity=Vector3.new(-0.000000, 0.001248, 0.000000),slideActive=false,wallhopFlick=false},
            {type="keyframe",time=0.065326,cframe=CFrame.new(-14.357679,-141.005066,-43.211830,-0.849232,-0.000000,-0.528020,-0.000000,1.000000,0.000000,0.528020,0.000000,-0.849232),velocity=Vector3.new(-0.000000, 0.001248, 0.000000),slideActive=false,wallhopFlick=false},
            {type="keyframe",time=0.069510,cframe=CFrame.new(-14.357679,-141.005066,-43.211830,-0.849232,-0.000000,-0.528020,-0.000000,1.000000,0.000000,0.528020,0.000000,-0.849232),velocity=Vector3.new(-0.000000, 0.001248, 0.000000),slideActive=false,wallhopFlick=false},
            {type="keyframe",time=0.073219,cframe=CFrame.new(-14.357679,-141.005066,-43.211830,-0.849232,-0.000000,-0.528020,-0.000000,1.000000,0.000000,0.528020,0.000000,-0.849232),velocity=Vector3.new(-0.000000, 0.001248, 0.000000),slideActive=false,wallhopFlick=false},
            {type="keyframe",time=0.077016,cframe=CFrame.new(-14.357679,-141.005066,-43.211830,-0.849232,-0.000000,-0.528020,-0.000000,1.000000,0.000000,0.528020,0.000000,-0.849232),velocity=Vector3.new(-0.000000, 0.001248, 0.000000),slideActive=false,wallhopFlick=false},
            {type="keyframe",time=0.081461,cframe=CFrame.new(-14.357679,-141.005066,-43.211830,-0.849232,0.000000,-0.528020,0.000000,1.000000,-0.000000,0.528020,-0.000000,-0.849232),velocity=Vector3.new(-0.000000, 0.001248, 0.000000),slideActive=false,wallhopFlick=false},
            {type="keyframe",time=0.085762,cframe=CFrame.new(-14.357679,-141.005066,-43.211830,-0.849232,0.000000,-0.528020,0.000000,1.000000,-0.000000,0.528020,-0.000000,-0.849232),velocity=Vector3.new(-0.000000, 0.001248, 0.000000),slideActive=false,wallhopFlick=false},
            {type="keyframe",time=0.089598,cframe=CFrame.new(-14.357679,-141.005066,-43.211830,-0.849232,0.000000,-0.528020,0.000000,1.000000,-0.000000,0.528020,-0.000000,-0.849232),velocity=Vector3.new(-0.000000, 0.001248, 0.000000),slideActive=false,wallhopFlick=false},
            {type="keyframe",time=0.093761,cframe=CFrame.new(-14.357679,-141.005066,-43.211830,-0.849232,0.000000,-0.528020,0.000000,1.000000,-0.000000,0.528020,-0.000000,-0.849232),velocity=Vector3.new(-0.000000, 0.001248, 0.000000),slideActive=false,wallhopFlick=false},
            {type="keyframe",time=0.098349,cframe=CFrame.new(-14.357679,-141.005066,-43.211830,-0.847310,0.000000,-0.531099,0.000000,1.000000,-0.000000,0.531099,-0.000000,-0.847310),velocity=Vector3.new(-0.000000, 0.001248, 0.000000),slideActive=false,wallhopFlick=false},
            {type="keyframe",time=0.102213,cframe=CFrame.new(-14.357679,-141.005066,-43.211830,-0.847310,0.000000,-0.531099,0.000000,1.000000,-0.000000,0.531099,-0.000000,-0.847310),velocity=Vector3.new(-0.000000, 0.001248, 0.000000),slideActive=false,wallhopFlick=false},
            {type="keyframe",time=0.106366,cframe=CFrame.new(-14.357679,-141.005066,-43.211830,-0.847310,0.000000,-0.531099,0.000000,1.000000,-0.000000,0.531099,-0.000000,-0.847310),velocity=Vector3.new(-0.000000, 0.001248, 0.000000),slideActive=false,wallhopFlick=false},
            {type="keyframe",time=0.110647,cframe=CFrame.new(-14.357679,-141.005066,-43.211830,-0.847310,0.000000,-0.531099,0.000000,1.000000,-0.000000,0.531099,-0.000000,-0.847310),velocity=Vector3.new(-0.000000, 0.001248, 0.000000),slideActive=false,wallhopFlick=false},
            {type="keyframe",time=0.114847,cframe=CFrame.new(-14.357679,-141.005066,-43.211830,-0.845376,0.000000,-0.534172,0.000000,1.000000,-0.000000,0.534172,-0.000000,-0.845376),velocity=Vector3.new(-0.000000, 0.001248, 0.000000),slideActive=false,wallhopFlick=false},
            {type="keyframe",time=0.119101,cframe=CFrame.new(-14.357679,-141.005066,-43.211830,-0.845376,0.000000,-0.534172,0.000000,1.000000,-0.000000,0.534172,-0.000000,-0.845376),velocity=Vector3.new(-0.000000, 0.001248, 0.000000),slideActive=false,wallhopFlick=false},
            {type="keyframe",time=0.123537,cframe=CFrame.new(-14.357679,-141.005066,-43.211830,-0.843431,0.000000,-0.537237,0.000000,1.000000,-0.000000,0.537237,-0.000000,-0.843431),velocity=Vector3.new(-0.000000, 0.001248, 0.000000),slideActive=false,wallhopFlick=false},
            {type="keyframe",time=0.127308,cframe=CFrame.new(-14.357679,-141.005066,-43.211830,-0.843431,0.000000,-0.537237,0.000000,1.000000,-0.000000,0.537237,-0.000000,-0.843431),velocity=Vector3.new(-0.000000, 0.001248, 0.000000),slideActive=false,wallhopFlick=false},
            {type="keyframe",time=0.132261,cframe=CFrame.new(-14.357679,-141.005066,-43.211830,-0.839508,0.000000,-0.543347,0.000000,1.000000,-0.000000,0.543347,-0.000000,-0.839508),velocity=Vector3.new(-0.000000, 0.001248, 0.000000),slideActive=false,wallhopFlick=false},
            {type="keyframe",time=0.135570,cframe=CFrame.new(-14.357679,-141.005066,-43.211830,-0.839508,0.000000,-0.543347,0.000000,1.000000,-0.000000,0.543347,-0.000000,-0.839508),velocity=Vector3.new(-0.000000, 0.001248, 0.000000),slideActive=false,wallhopFlick=false},
            {type="keyframe",time=0.139712,cframe=CFrame.new(-14.357679,-141.005066,-43.211830,-0.835541,0.000000,-0.549428,0.000000,1.000000,-0.000000,0.549428,-0.000000,-0.835541),velocity=Vector3.new(-0.000000, 0.001248, 0.000000),slideActive=false,wallhopFlick=false},
            {type="keyframe",time=0.143926,cframe=CFrame.new(-14.357679,-141.005066,-43.211830,-0.835541,0.000000,-0.549428,0.000000,1.000000,-0.000000,0.549428,-0.000000,-0.835541),velocity=Vector3.new(-0.000000, 0.001248, 0.000000),slideActive=false,wallhopFlick=false},
            {type="keyframe",time=0.148937,cframe=CFrame.new(-14.357679,-141.005066,-43.211830,-0.831530,0.000000,-0.555480,0.000000,1.000000,-0.000000,0.555480,-0.000000,-0.831530),velocity=Vector3.new(-0.000000, 0.001248, 0.000000),slideActive=false,wallhopFlick=false},
            {type="keyframe",time=0.152285,cframe=CFrame.new(-14.357679,-141.005066,-43.211830,-0.827475,0.000000,-0.561502,0.000000,1.000000,-0.000000,0.561502,-0.000000,-0.827475),velocity=Vector3.new(-0.000000, 0.001248, 0.000000),slideActive=false,wallhopFlick=false},
            {type="input",time=0.153217,key="W",state=true},
            {type="keyframe",time=0.156448,cframe=CFrame.new(-14.357679,-141.005066,-43.211830,-0.827475,0.000000,-0.561502,0.000000,1.000000,-0.000000,0.561502,-0.000000,-0.827475),velocity=Vector3.new(-0.000000, 0.001248, 0.000000),slideActive=false,wallhopFlick=false},
            {type="keyframe",time=0.160458,cframe=CFrame.new(-14.363704,-141.005066,-43.202953,-0.827475,0.000000,-0.561502,0.000000,1.000000,-0.000000,0.561502,-0.000000,-0.827475),velocity=Vector3.new(-1.445939, 0.001248, 2.130852),slideActive=false,wallhopFlick=false},
            {type="keyframe",time=0.165469,cframe=CFrame.new(-14.375753,-141.005066,-43.185196,-0.823376,0.000000,-0.567496,0.000000,1.000000,-0.000000,0.567496,-0.000000,-0.823376),velocity=Vector3.new(-2.891878, 0.001248, 4.261704),slideActive=false,wallhopFlick=false},
            {type="keyframe",time=0.168757,cframe=CFrame.new(-14.393827,-141.005066,-43.158562,-0.819234,0.000000,-0.573459,0.000000,1.000000,-0.000000,0.573459,-0.000000,-0.819234),velocity=Vector3.new(-4.337817, 0.001248, 6.392556),slideActive=false,wallhopFlick=false},
            {type="keyframe",time=0.174146,cframe=CFrame.new(-14.418031,-141.005066,-43.123119,-0.819234,0.000000,-0.573459,0.000000,1.000000,-0.000000,0.573459,-0.000000,-0.819234),velocity=Vector3.new(-5.808863, 0.001248, 8.506154),slideActive=false,wallhopFlick=false},
            {type="keyframe",time=0.177010,cframe=CFrame.new(-14.448495,-141.005066,-43.078964,-0.817147,0.000000,-0.576429,0.000000,1.000000,-0.000000,0.576429,-0.000000,-0.817147),velocity=Vector3.new(-7.311380, 0.001248, 10.597496),slideActive=false,wallhopFlick=false},
            {type="keyframe",time=0.182012,cframe=CFrame.new(-14.485220,-141.005066,-43.026093,-0.817147,0.000000,-0.576429,0.000000,1.000000,-0.000000,0.576429,-0.000000,-0.817147),velocity=Vector3.new(-8.813898, 0.001248, 12.688837),slideActive=false,wallhopFlick=false},
            {type="keyframe",time=0.185444,cframe=CFrame.new(-14.528343,-141.005066,-42.964611,-0.817147,0.000000,-0.576429,0.000000,1.000000,-0.000000,0.576429,-0.000000,-0.817147),velocity=Vector3.new(-10.349579, 0.001248, 14.755950),slideActive=false,wallhopFlick=false},
            {type="keyframe",time=0.190775,cframe=CFrame.new(-14.574536,-141.005066,-42.898994,-0.817147,0.000000,-0.576429,-0.000000,1.000000,0.000000,0.576429,0.000000,-0.817147),velocity=Vector3.new(-11.086452, 0.001248, 15.747823),slideActive=false,wallhopFlick=false},
            {type="keyframe",time=0.193982,cframe=CFrame.new(-14.621881,-141.005066,-42.831829,-0.817147,-0.000000,-0.576429,-0.000000,1.000000,0.000000,0.576429,0.000000,-0.817147),velocity=Vector3.new(-11.362781, 0.001248, 16.119776),slideActive=false,wallhopFlick=false},
            {type="keyframe",time=0.199288,cframe=CFrame.new(-14.669658,-141.005066,-42.764084,-0.817147,-0.000000,-0.576429,-0.000000,1.000000,0.000000,0.576429,0.000000,-0.817147),velocity=Vector3.new(-11.466403, 0.001248, 16.259258),slideActive=false,wallhopFlick=false},
            {type="keyframe",time=0.202189,cframe=CFrame.new(-14.717596,-141.005066,-42.696117,-0.817147,-0.000000,-0.576429,-0.000000,1.000000,0.000000,0.576429,0.000000,-0.817147),velocity=Vector3.new(-11.505261, 0.001248, 16.311563),slideActive=false,wallhopFlick=false},
            {type="keyframe",time=0.208634,cframe=CFrame.new(-14.765595,-141.005066,-42.628071,-0.817147,-0.000000,-0.576429,-0.000000,1.000000,0.000000,0.576429,0.000000,-0.817147),velocity=Vector3.new(-11.519834, 0.001248, 16.331179),slideActive=false,wallhopFlick=false},
            {type="keyframe",time=0.210819,cframe=CFrame.new(-14.813618,-141.005066,-42.559994,-0.817147,-0.000000,-0.576429,-0.000000,1.000000,0.000000,0.576429,0.000000,-0.817147),velocity=Vector3.new(-11.525298, 0.001248, 16.338533),slideActive=false,wallhopFlick=false},
            {type="keyframe",time=0.218862,cframe=CFrame.new(-14.861649,-141.005066,-42.491905,-0.817147,-0.000000,-0.576429,-0.000000,1.000000,0.000000,0.576429,0.000000,-0.817147),velocity=Vector3.new(-11.527348, 0.001248, 16.341291),slideActive=false,wallhopFlick=false},
            {type="keyframe",time=0.223110,cframe=CFrame.new(-14.957717,-141.005066,-42.355717,-0.817147,-0.000000,-0.576429,-0.000000,1.000000,0.000000,0.576429,0.000000,-0.817147),velocity=Vector3.new(-11.528404, 0.001248, 16.342714),slideActive=false,wallhopFlick=false},
            {type="keyframe",time=0.227455,cframe=CFrame.new(-15.005753,-141.005066,-42.287621,-0.817147,-0.000000,-0.576429,-0.000000,1.000000,0.000000,0.576429,0.000000,-0.817147),velocity=Vector3.new(-11.528512, 0.001248, 16.342859),slideActive=false,wallhopFlick=false},
            {type="keyframe",time=0.232539,cframe=CFrame.new(-15.053788,-141.005066,-42.219524,-0.817147,-0.000000,-0.576429,-0.000000,1.000000,0.000000,0.576429,0.000000,-0.817147),velocity=Vector3.new(-11.528552, 0.001248, 16.342915),slideActive=false,wallhopFlick=false},
            {type="keyframe",time=0.239829,cframe=CFrame.new(-15.101824,-141.005066,-42.151428,-0.817147,-0.000000,-0.576429,-0.000000,1.000000,0.000000,0.576429,0.000000,-0.817147),velocity=Vector3.new(-11.528567, 0.001248, 16.342936),slideActive=false,wallhopFlick=false},
            {type="keyframe",time=0.243777,cframe=CFrame.new(-15.149859,-141.005066,-42.083332,-0.817147,-0.000000,-0.576429,-0.000000,1.000000,0.000000,0.576429,0.000000,-0.817147),velocity=Vector3.new(-11.528573, 0.001248, 16.342943),slideActive=false,wallhopFlick=false},
            {type="keyframe",time=0.249229,cframe=CFrame.new(-15.197895,-141.005066,-42.015236,-0.817147,-0.000000,-0.576429,-0.000000,1.000000,0.000000,0.576429,0.000000,-0.817147),velocity=Vector3.new(-11.528576, 0.001248, 16.342945),slideActive=false,wallhopFlick=false},
            {type="keyframe",time=0.252681,cframe=CFrame.new(-15.293966,-141.005066,-41.879044,-0.817147,-0.000000,-0.576429,-0.000000,1.000000,0.000000,0.576429,0.000000,-0.817147),velocity=Vector3.new(-11.528577, 0.001248, 16.342947),slideActive=false,wallhopFlick=false},
            {type="keyframe",time=0.261702,cframe=CFrame.new(-15.342002,-141.005066,-41.810947,-0.817147,-0.000000,-0.576429,-0.000000,1.000000,0.000000,0.576429,0.000000,-0.817147),velocity=Vector3.new(-11.528577, 0.001248, 16.342947),slideActive=false,wallhopFlick=false},
            {type="keyframe",time=0.264819,cframe=CFrame.new(-15.438073,-141.005066,-41.674755,-0.817147,-0.000000,-0.576429,-0.000000,1.000000,0.000000,0.576429,0.000000,-0.817147),velocity=Vector3.new(-11.528577, 0.001248, 16.342947),slideActive=false,wallhopFlick=false},
            {type="keyframe",time=0.269422,cframe=CFrame.new(-15.486109,-141.005066,-41.606659,-0.817147,-0.000000,-0.576429,-0.000000,1.000000,0.000000,0.576429,0.000000,-0.817147),velocity=Vector3.new(-11.528577, 0.001248, 16.342947),slideActive=false,wallhopFlick=false},
            {type="keyframe",time=0.273314,cframe=CFrame.new(-15.534144,-141.005066,-41.538563,-0.817147,-0.000000,-0.576429,-0.000000,1.000000,0.000000,0.576429,0.000000,-0.817147),velocity=Vector3.new(-11.528577, 0.001248, 16.342947),slideActive=false,wallhopFlick=false},
            {type="keyframe",time=0.278236,cframe=CFrame.new(-15.582180,-141.005066,-41.470467,-0.817147,-0.000000,-0.576429,-0.000000,1.000000,0.000000,0.576429,0.000000,-0.817147),velocity=Vector3.new(-11.528577, 0.001248, 16.342947),slideActive=false,wallhopFlick=false},
            {type="keyframe",time=0.286167,cframe=CFrame.new(-15.630216,-141.005066,-41.402370,-0.815049,-0.000000,-0.579392,-0.000000,1.000000,0.000000,0.579392,0.000000,-0.815049),velocity=Vector3.new(-11.528577, 0.001248, 16.342947),slideActive=false,wallhopFlick=false},
            {type="keyframe",time=0.290034,cframe=CFrame.new(-15.726654,-141.005066,-41.266441,-0.815049,-0.000000,-0.579392,-0.000000,1.000000,0.000000,0.579392,0.000000,-0.815049),velocity=Vector3.new(-11.579498, 0.001248, 16.306887),slideActive=false,wallhopFlick=false},
            {type="keyframe",time=0.293845,cframe=CFrame.new(-15.774923,-141.005066,-41.198513,-0.815049,-0.000000,-0.579392,-0.000000,1.000000,0.000000,0.579392,0.000000,-0.815049),velocity=Vector3.new(-11.584711, 0.001248, 16.303196),slideActive=false,wallhopFlick=false},
            {type="keyframe",time=0.298831,cframe=CFrame.new(-15.823201,-141.005066,-41.130589,-0.815049,0.000000,-0.579392,0.000000,1.000000,-0.000000,0.579392,-0.000000,-0.815049),velocity=Vector3.new(-11.586662, 0.001248, 16.301815),slideActive=false,wallhopFlick=false},
            {type="keyframe",time=0.302197,cframe=CFrame.new(-15.871482,-141.005066,-41.062668,-0.815049,0.000000,-0.579392,0.000000,1.000000,-0.000000,0.579392,-0.000000,-0.815049),velocity=Vector3.new(-11.587396, 0.001248, 16.301296),slideActive=false,wallhopFlick=false},
            {type="keyframe",time=0.306701,cframe=CFrame.new(-15.919764,-141.005066,-40.994747,-0.815049,0.000000,-0.579392,0.000000,1.000000,-0.000000,0.579392,-0.000000,-0.815049),velocity=Vector3.new(-11.587672, 0.001248, 16.301100),slideActive=false,wallhopFlick=false},
            {type="keyframe",time=0.310377,cframe=CFrame.new(-15.968046,-141.005066,-40.926826,-0.815049,0.000000,-0.579392,0.000000,1.000000,-0.000000,0.579392,-0.000000,-0.815049),velocity=Vector3.new(-11.587777, 0.001248, 16.301025),slideActive=false,wallhopFlick=false},
            {type="keyframe",time=0.315531,cframe=CFrame.new(-16.016329,-141.005066,-40.858906,-0.815049,0.000000,-0.579392,0.000000,1.000000,-0.000000,0.579392,-0.000000,-0.815049),velocity=Vector3.new(-11.587819, 0.001248, 16.300997),slideActive=false,wallhopFlick=false},
            {type="keyframe",time=0.318839,cframe=CFrame.new(-16.064611,-141.005066,-40.790985,-0.815049,0.000000,-0.579393,0.000000,1.000000,-0.000000,0.579393,-0.000000,-0.815049),velocity=Vector3.new(-11.587837, 0.001248, 16.300983),slideActive=false,wallhopFlick=false},
            {type="keyframe",time=0.323193,cframe=CFrame.new(-16.112894,-141.005066,-40.723064,-0.815049,0.000000,-0.579393,0.000000,1.000000,-0.000000,0.579393,-0.000000,-0.815049),velocity=Vector3.new(-11.587845, 0.001248, 16.300980),slideActive=false,wallhopFlick=false},
            {type="keyframe",time=0.328048,cframe=CFrame.new(-16.161177,-141.005066,-40.655144,-0.815049,0.000000,-0.579393,0.000000,1.000000,-0.000000,0.579393,-0.000000,-0.815049),velocity=Vector3.new(-11.587848, 0.001248, 16.300976),slideActive=false,wallhopFlick=false},
            {type="keyframe",time=0.333088,cframe=CFrame.new(-16.209459,-141.005066,-40.587223,-0.815049,0.000000,-0.579393,0.000000,1.000000,-0.000000,0.579393,-0.000000,-0.815049),velocity=Vector3.new(-11.587849, 0.001248, 16.300974),slideActive=false,wallhopFlick=false},
            {type="keyframe",time=0.336002,cframe=CFrame.new(-16.257742,-141.005066,-40.519302,-0.815049,0.000000,-0.579393,0.000000,1.000000,-0.000000,0.579393,-0.000000,-0.815049),velocity=Vector3.new(-11.587850, 0.001248, 16.300972),slideActive=false,wallhopFlick=false},
            {type="keyframe",time=0.339745,cframe=CFrame.new(-16.306025,-141.005066,-40.451382,-0.815049,0.000000,-0.579393,0.000000,1.000000,-0.000000,0.579393,-0.000000,-0.815049),velocity=Vector3.new(-11.587850, 0.001248, 16.300972),slideActive=false,wallhopFlick=false},
            {type="keyframe",time=0.344643,cframe=CFrame.new(-16.354307,-141.005066,-40.383461,-0.815049,0.000000,-0.579393,0.000000,1.000000,-0.000000,0.579393,-0.000000,-0.815049),velocity=Vector3.new(-11.587850, 0.001248, 16.300972),slideActive=false,wallhopFlick=false},
            {type="keyframe",time=0.349285,cframe=CFrame.new(-16.402590,-141.005066,-40.315540,-0.815049,0.000000,-0.579393,0.000000,1.000000,-0.000000,0.579393,-0.000000,-0.815049),velocity=Vector3.new(-11.587850, 0.001248, 16.300972),slideActive=false,wallhopFlick=false},
            {type="keyframe",time=0.351950,cframe=CFrame.new(-16.450872,-141.005066,-40.247620,-0.815049,0.000000,-0.579393,0.000000,1.000000,-0.000000,0.579393,-0.000000,-0.815049),velocity=Vector3.new(-11.587850, 0.001248, 16.300972),slideActive=false,wallhopFlick=false},
            {type="keyframe",time=0.356989,cframe=CFrame.new(-16.499155,-141.005066,-40.179699,-0.815049,0.000000,-0.579393,0.000000,1.000000,-0.000000,0.579393,-0.000000,-0.815049),velocity=Vector3.new(-11.587850, 0.001248, 16.300972),slideActive=false,wallhopFlick=false},
            {type="keyframe",time=0.360421,cframe=CFrame.new(-16.547438,-141.005066,-40.111778,-0.812940,0.000000,-0.582347,0.000000,1.000000,-0.000000,0.582347,-0.000000,-0.812940),velocity=Vector3.new(-11.587850, 0.001248, 16.300972),slideActive=false,wallhopFlick=false},
            {type="keyframe",time=0.365861,cframe=CFrame.new(-16.595720,-141.005066,-40.043858,-0.812940,0.000000,-0.582347,0.000000,1.000000,-0.000000,0.582347,-0.000000,-0.812940),velocity=Vector3.new(-11.587850, 0.001248, 16.300972),slideActive=false,wallhopFlick=false},
            {type="keyframe",time=0.368907,cframe=CFrame.new(-16.644157,-141.005066,-39.976048,-0.812940,0.000000,-0.582347,0.000000,1.000000,-0.000000,0.582347,-0.000000,-0.812940),velocity=Vector3.new(-11.624786, 0.001248, 16.274614),slideActive=false,wallhopFlick=false},
            {type="keyframe",time=0.373597,cframe=CFrame.new(-16.692652,-141.005066,-39.908279,-0.812940,0.000000,-0.582347,0.000000,1.000000,-0.000000,0.582347,-0.000000,-0.812940),velocity=Vector3.new(-11.638638, 0.001248, 16.264730),slideActive=false,wallhopFlick=false},
            {type="keyframe",time=0.377124,cframe=CFrame.new(-16.741167,-141.005066,-39.840527,-0.812940,0.000000,-0.582347,0.000000,1.000000,-0.000000,0.582347,-0.000000,-0.812940),velocity=Vector3.new(-11.643831, 0.001248, 16.261024),slideActive=false,wallhopFlick=false},
            {type="keyframe",time=0.382487,cframe=CFrame.new(-16.789692,-141.005066,-39.772778,-0.812940,0.000000,-0.582347,0.000000,1.000000,-0.000000,0.582347,-0.000000,-0.812940),velocity=Vector3.new(-11.645776, 0.001248, 16.259638),slideActive=false,wallhopFlick=false},
            {type="keyframe",time=0.385457,cframe=CFrame.new(-16.838219,-141.005066,-39.705032,-0.812941,0.000000,-0.582346,0.000000,1.000000,-0.000000,0.582346,-0.000000,-0.812941),velocity=Vector3.new(-11.646503, 0.001248, 16.259117),slideActive=false,wallhopFlick=false},
            {type="keyframe",time=0.390207,cframe=CFrame.new(-16.886747,-141.005066,-39.637287,-0.812941,0.000000,-0.582347,0.000000,1.000000,-0.000000,0.582347,-0.000000,-0.812941),velocity=Vector3.new(-11.646774, 0.001248, 16.258924),slideActive=false,wallhopFlick=false},
            {type="keyframe",time=0.393889,cframe=CFrame.new(-16.935276,-141.005066,-39.569542,-0.812941,0.000000,-0.582346,0.000000,1.000000,-0.000000,0.582346,-0.000000,-0.812941),velocity=Vector3.new(-11.646874, 0.001248, 16.258854),slideActive=false,wallhopFlick=false},
            {type="keyframe",time=0.399223,cframe=CFrame.new(-16.983805,-141.005066,-39.501797,-0.812941,0.000000,-0.582346,0.000000,1.000000,-0.000000,0.582346,-0.000000,-0.812941),velocity=Vector3.new(-11.646911, 0.001248, 16.258827),slideActive=false,wallhopFlick=false},
            {type="keyframe",time=0.402343,cframe=CFrame.new(-17.032333,-141.005066,-39.434052,-0.812941,0.000000,-0.582346,0.000000,1.000000,-0.000000,0.582346,-0.000000,-0.812941),velocity=Vector3.new(-11.646923, 0.001248, 16.258820),slideActive=false,wallhopFlick=false},
            {type="keyframe",time=0.406817,cframe=CFrame.new(-17.080862,-141.005066,-39.366306,-0.812941,0.000000,-0.582346,0.000000,1.000000,-0.000000,0.582346,-0.000000,-0.812941),velocity=Vector3.new(-11.646926, 0.001248, 16.258818),slideActive=false,wallhopFlick=false},
            {type="keyframe",time=0.411156,cframe=CFrame.new(-17.129391,-141.005066,-39.298561,-0.812941,-0.000000,-0.582346,-0.000000,1.000000,0.000000,0.582346,0.000000,-0.812941),velocity=Vector3.new(-11.646925, 0.001248, 16.258816),slideActive=false,wallhopFlick=false},
            {type="keyframe",time=0.415637,cframe=CFrame.new(-17.177919,-141.005066,-39.230816,-0.812941,-0.000000,-0.582346,-0.000000,1.000000,0.000000,0.582346,0.000000,-0.812941),velocity=Vector3.new(-11.646925, 0.001248, 16.258816),slideActive=false,wallhopFlick=false},
            {type="keyframe",time=0.418823,cframe=CFrame.new(-17.226448,-141.005066,-39.163071,-0.812941,-0.000000,-0.582346,-0.000000,1.000000,0.000000,0.582346,0.000000,-0.812941),velocity=Vector3.new(-11.646925, 0.001248, 16.258816),slideActive=false,wallhopFlick=false},
            {type="keyframe",time=0.423428,cframe=CFrame.new(-17.274977,-141.005066,-39.095325,-0.812941,-0.000000,-0.582346,-0.000000,1.000000,0.000000,0.582346,0.000000,-0.812941),velocity=Vector3.new(-11.646925, 0.001248, 16.258816),slideActive=false,wallhopFlick=false},
            {type="keyframe",time=0.432343,cframe=CFrame.new(-17.323505,-141.005066,-39.027580,-0.812941,-0.000000,-0.582346,-0.000000,1.000000,0.000000,0.582346,0.000000,-0.812941),velocity=Vector3.new(-11.646925, 0.001248, 16.258816),slideActive=false,wallhopFlick=false},
            {type="keyframe",time=0.435378,cframe=CFrame.new(-17.420563,-141.005066,-38.892090,-0.812941,-0.000000,-0.582346,-0.000000,1.000000,0.000000,0.582346,0.000000,-0.812941),velocity=Vector3.new(-11.646925, 0.001248, 16.258816),slideActive=false,wallhopFlick=false},
            {type="keyframe",time=0.439965,cframe=CFrame.new(-17.469091,-141.005066,-38.824345,-0.812941,-0.000000,-0.582346,-0.000000,1.000000,0.000000,0.582346,0.000000,-0.812941),velocity=Vector3.new(-11.646925, 0.001248, 16.258816),slideActive=false,wallhopFlick=false},
            {type="keyframe",time=0.443834,cframe=CFrame.new(-17.517620,-141.005066,-38.756599,-0.812941,-0.000000,-0.582346,-0.000000,1.000000,0.000000,0.582346,0.000000,-0.812941),velocity=Vector3.new(-11.646925, 0.001248, 16.258816),slideActive=false,wallhopFlick=false},
            {type="keyframe",time=0.448028,cframe=CFrame.new(-17.566149,-141.005066,-38.688854,-0.812941,-0.000000,-0.582346,-0.000000,1.000000,0.000000,0.582346,0.000000,-0.812941),velocity=Vector3.new(-11.646925, 0.001248, 16.258816),slideActive=false,wallhopFlick=false},
            {type="keyframe",time=0.452307,cframe=CFrame.new(-17.614677,-141.005066,-38.621109,-0.810821,-0.000000,-0.585293,-0.000000,1.000000,0.000000,0.585293,0.000000,-0.810821),velocity=Vector3.new(-11.646925, 0.001248, 16.258816),slideActive=false,wallhopFlick=false},
            {type="keyframe",time=0.456715,cframe=CFrame.new(-17.663206,-141.005066,-38.553364,-0.808691,-0.000000,-0.588233,-0.000000,1.000000,0.000000,0.588233,0.000000,-0.808691),velocity=Vector3.new(-11.646924, 0.001248, 16.258818),slideActive=false,wallhopFlick=false},
            {type="keyframe",time=0.460290,cframe=CFrame.new(-17.711889,-141.005066,-38.485729,-0.808691,-0.000000,-0.588233,-0.000000,1.000000,0.000000,0.588233,0.000000,-0.808691),velocity=Vector3.new(-11.683766, 0.001248, 16.232325),slideActive=false,wallhopFlick=false},
            {type="keyframe",time=0.465512,cframe=CFrame.new(-17.760782,-141.005066,-38.418247,-0.808691,-0.000000,-0.588233,-0.000000,1.000000,0.000000,0.588233,0.000000,-0.808691),velocity=Vector3.new(-11.734330, 0.001248, 16.195763),slideActive=false,wallhopFlick=false},
            {type="keyframe",time=0.469009,cframe=CFrame.new(-17.809753,-141.005066,-38.350822,-0.806550,-0.000000,-0.591165,-0.000000,1.000000,0.000000,0.591165,0.000000,-0.806550),velocity=Vector3.new(-11.753292, 0.001248, 16.182051),slideActive=false,wallhopFlick=false},
            {type="keyframe",time=0.474167,cframe=CFrame.new(-17.858755,-141.005066,-38.283421,-0.806550,-0.000000,-0.591165,-0.000000,1.000000,0.000000,0.591165,0.000000,-0.806550),velocity=Vector3.new(-11.760403, 0.001248, 16.176908),slideActive=false,wallhopFlick=false},
            {type="keyframe",time=0.477326,cframe=CFrame.new(-17.907921,-141.005066,-38.216137,-0.804399,-0.000000,-0.594089,-0.000000,1.000000,0.000000,0.594089,0.000000,-0.804399),velocity=Vector3.new(-11.799718, 0.001248, 16.148220),slideActive=false,wallhopFlick=false},
            {type="keyframe",time=0.481319,cframe=CFrame.new(-17.957148,-141.005066,-38.148899,-0.802237,-0.000000,-0.597006,-0.000000,1.000000,0.000000,0.597006,0.000000,-0.802237),velocity=Vector3.new(-11.814461, 0.001248, 16.137463),slideActive=false,wallhopFlick=false},
            {type="keyframe",time=0.485462,cframe=CFrame.new(-18.006550,-141.005066,-38.081787,-0.802237,-0.000000,-0.597005,-0.000000,1.000000,0.000000,0.597005,0.000000,-0.802237),velocity=Vector3.new(-11.856541, 0.001248, 16.106537),slideActive=false,wallhopFlick=false},
            {type="keyframe",time=0.489687,cframe=CFrame.new(-18.056170,-141.005066,-38.014839,-0.802237,-0.000000,-0.597005,-0.000000,1.000000,0.000000,0.597005,0.000000,-0.802237),velocity=Vector3.new(-11.908772, 0.001248, 16.067915),slideActive=false,wallhopFlick=false},
            {type="keyframe",time=0.493670,cframe=CFrame.new(-18.105871,-141.005066,-37.947948,-0.800065,-0.000000,-0.599914,-0.000000,1.000000,0.000000,0.599914,0.000000,-0.800065),velocity=Vector3.new(-11.928356, 0.001248, 16.053432),slideActive=false,wallhopFlick=false},
            {type="keyframe",time=0.499961,cframe=CFrame.new(-18.155603,-141.005066,-37.881081,-0.800065,-0.000000,-0.599914,-0.000000,1.000000,0.000000,0.599914,0.000000,-0.800065),velocity=Vector3.new(-11.935700, 0.001248, 16.048002),slideActive=false,wallhopFlick=false},
            {type="keyframe",time=0.502393,cframe=CFrame.new(-18.205498,-141.005066,-37.814335,-0.782307,-0.000000,-0.622893,-0.000000,1.000000,0.000000,0.622893,0.000000,-0.782307),velocity=Vector3.new(-11.974808, 0.001248, 16.018810),slideActive=false,wallhopFlick=false},
            {type="keyframe",time=0.506431,cframe=CFrame.new(-18.255453,-141.005066,-37.747635,-0.782307,-0.000000,-0.622893,-0.000000,1.000000,0.000000,0.622893,0.000000,-0.782307),velocity=Vector3.new(-11.989473, 0.001248, 16.007864),slideActive=false,wallhopFlick=false},
            {type="keyframe",time=0.510287,cframe=CFrame.new(-18.306629,-141.005066,-37.681877,-0.782307,-0.000000,-0.622893,-0.000000,1.000000,0.000000,0.622893,0.000000,-0.782307),velocity=Vector3.new(-12.282218, 0.001248, 15.781784),slideActive=false,wallhopFlick=false},
            {type="keyframe",time=0.515454,cframe=CFrame.new(-18.358263,-141.005066,-37.616474,-0.770872,-0.000000,-0.636990,-0.000000,1.000000,-0.000000,0.636990,-0.000000,-0.770872),velocity=Vector3.new(-12.391997, 0.001248, 15.697004),slideActive=false,wallhopFlick=false},
            {type="keyframe",time=0.524201,cframe=CFrame.new(-18.410069,-141.005066,-37.551201,-0.756816,0.000000,-0.653628,0.000000,1.000000,-0.000000,0.653628,-0.000000,-0.756816),velocity=Vector3.new(-12.433165, 0.001248, 15.665212),slideActive=false,wallhopFlick=false},
            {type="keyframe",time=0.526946,cframe=CFrame.new(-18.517633,-141.005066,-37.423927,-0.742400,0.000000,-0.669957,0.000000,1.000000,-0.000000,0.669957,-0.000000,-0.742400),velocity=Vector3.new(-12.982650, 0.001248, 15.210690),slideActive=false,wallhopFlick=false},
            {type="keyframe",time=0.532919,cframe=CFrame.new(-18.571962,-141.005066,-37.360744,-0.742400,0.000000,-0.669957,0.000000,1.000000,-0.000000,0.669957,-0.000000,-0.742400),velocity=Vector3.new(-13.038847, 0.001248, 15.164206),slideActive=false,wallhopFlick=false},
            {type="keyframe",time=0.536432,cframe=CFrame.new(-18.627230,-141.005066,-37.298386,-0.730118,0.000000,-0.683321,0.000000,1.000000,-0.000000,0.683321,-0.000000,-0.730118),velocity=Vector3.new(-13.264029, 0.001248, 14.966578),slideActive=false,wallhopFlick=false},
            {type="keyframe",time=0.540003,cframe=CFrame.new(-18.682848,-141.005066,-37.236332,-0.730118,0.000000,-0.683321,0.000000,1.000000,-0.000000,0.683321,-0.000000,-0.730118),velocity=Vector3.new(-13.348470, 0.001248, 14.892469),slideActive=false,wallhopFlick=false},
            {type="keyframe",time=0.544700,cframe=CFrame.new(-18.739294,-141.005066,-37.175037,-0.730118,0.000000,-0.683321,0.000000,1.000000,-0.000000,0.683321,-0.000000,-0.730118),velocity=Vector3.new(-13.547191, 0.001248, 14.711149),slideActive=false,wallhopFlick=false},
            {type="keyframe",time=0.548448,cframe=CFrame.new(-18.796051,-141.005066,-37.114025,-0.717595,0.000000,-0.696460,0.000000,1.000000,-0.000000,0.696460,-0.000000,-0.717595),velocity=Vector3.new(-13.621713, 0.001248, 14.643153),slideActive=false,wallhopFlick=false},
            {type="keyframe",time=0.551991,cframe=CFrame.new(-18.852924,-141.005066,-37.053120,-0.704836,0.000000,-0.709370,0.000000,1.000000,-0.000000,0.709370,-0.000000,-0.704836),velocity=Vector3.new(-13.649656, 0.001248, 14.617658),slideActive=false,wallhopFlick=false},
            {type="keyframe",time=0.556704,cframe=CFrame.new(-18.910526,-141.005066,-36.992905,-0.704836,0.000000,-0.709370,0.000000,1.000000,-0.000000,0.709370,-0.000000,-0.704836),velocity=Vector3.new(-13.824377, 0.001248, 14.451562),slideActive=false,wallhopFlick=false},
            {type="keyframe",time=0.560312,cframe=CFrame.new(-18.969072,-141.005066,-36.933613,-0.694461,0.000000,-0.719530,0.000000,1.000000,-0.000000,0.719530,-0.000000,-0.694461),velocity=Vector3.new(-14.051270, 0.001248, 14.229786),slideActive=false,wallhopFlick=false},
            {type="keyframe",time=0.565470,cframe=CFrame.new(-19.027973,-141.005066,-36.874668,-0.694461,0.000000,-0.719530,0.000000,1.000000,-0.000000,0.719530,-0.000000,-0.694461),velocity=Vector3.new(-14.136355, 0.001248, 14.146620),slideActive=false,wallhopFlick=false},
            {type="keyframe",time=0.573180,cframe=CFrame.new(-19.087536,-141.005066,-36.816395,-0.683939,0.000000,-0.729539,0.000000,1.000000,-0.000000,0.729539,-0.000000,-0.683939),velocity=Vector3.new(-14.295262, 0.001248, 13.985745),slideActive=false,wallhopFlick=false},
            {type="keyframe",time=0.576941,cframe=CFrame.new(-19.208490,-141.005066,-36.701744,-0.675954,0.000000,-0.736944,0.000000,1.000000,-0.000000,0.736944,-0.000000,-0.675954),velocity=Vector3.new(-14.549214, 0.001248, 13.721960),slideActive=false,wallhopFlick=false},
            {type="keyframe",time=0.582161,cframe=CFrame.new(-19.269220,-141.005066,-36.644680,-0.675954,0.000000,-0.736944,0.000000,1.000000,-0.000000,0.736944,-0.000000,-0.675954),velocity=Vector3.new(-14.575189, 0.001248, 13.694980),slideActive=false,wallhopFlick=false},
            {type="keyframe",time=0.589921,cframe=CFrame.new(-19.330376,-141.005066,-36.588078,-0.665182,0.000000,-0.746681,0.000000,1.000000,-0.000000,0.746681,-0.000000,-0.665182),velocity=Vector3.new(-14.677493, 0.001248, 13.585043),slideActive=false,wallhopFlick=false},
            {type="keyframe",time=0.593941,cframe=CFrame.new(-19.454271,-141.005066,-36.476612,-0.648762,0.000000,-0.760992,0.000000,1.000000,-0.000000,0.760992,-0.000000,-0.648762),velocity=Vector3.new(-14.897607, 0.001248, 13.343214),slideActive=false,wallhopFlick=false},
            {type="keyframe",time=0.598052,cframe=CFrame.new(-19.516438,-141.005066,-36.421120,-0.648762,0.000000,-0.760992,0.000000,1.000000,-0.000000,0.760992,-0.000000,-0.648762),velocity=Vector3.new(-14.920118, 0.001248, 13.318481),slideActive=false,wallhopFlick=false},
            {type="keyframe",time=0.601982,cframe=CFrame.new(-19.579386,-141.005066,-36.366520,-0.632033,0.000000,-0.774941,0.000000,1.000000,-0.000000,0.774941,-0.000000,-0.632033),velocity=Vector3.new(-15.107440, 0.001248, 13.103951),slideActive=false,wallhopFlick=false},
            {type="keyframe",time=0.606921,cframe=CFrame.new(-19.642626,-141.005066,-36.312256,-0.632033,0.000000,-0.774941,0.000000,1.000000,-0.000000,0.774941,-0.000000,-0.632033),velocity=Vector3.new(-15.177685, 0.001248, 13.023503),slideActive=false,wallhopFlick=false},
            {type="keyframe",time=0.610491,cframe=CFrame.new(-19.706703,-141.005066,-36.258987,-0.615005,0.000000,-0.788523,0.000000,1.000000,-0.000000,0.788523,-0.000000,-0.615005),velocity=Vector3.new(-15.378396, 0.001248, 12.784231),slideActive=false,wallhopFlick=false},
            {type="keyframe",time=0.615335,cframe=CFrame.new(-19.771093,-141.005066,-36.206093,-0.615005,0.000000,-0.788523,0.000000,1.000000,-0.000000,0.788523,-0.000000,-0.615005),velocity=Vector3.new(-15.453664, 0.001248, 12.694503),slideActive=false,wallhopFlick=false},
            {type="keyframe",time=0.618802,cframe=CFrame.new(-19.836309,-141.005066,-36.154224,-0.597685,0.000000,-0.801731,0.000000,1.000000,-0.000000,0.801731,-0.000000,-0.597685),velocity=Vector3.new(-15.651665, 0.001248, 12.448001),slideActive=false,wallhopFlick=false},
            {type="keyframe",time=0.623487,cframe=CFrame.new(-19.901834,-141.005066,-36.102741,-0.597685,0.000000,-0.801731,0.000000,1.000000,-0.000000,0.801731,-0.000000,-0.597685),velocity=Vector3.new(-15.725914, 0.001248, 12.355563),slideActive=false,wallhopFlick=false},
            {type="keyframe",time=0.631361,cframe=CFrame.new(-19.968163,-141.005066,-36.052307,-0.580082,0.000000,-0.814558,0.000000,1.000000,0.000000,0.814558,0.000000,-0.580082),velocity=Vector3.new(-15.918853, 0.001248, 12.104403),slideActive=false,wallhopFlick=false},
            {type="keyframe",time=0.635441,cframe=CFrame.new(-20.103123,-141.005066,-35.954548,-0.565201,-0.000000,-0.824953,-0.000000,1.000000,0.000000,0.824953,0.000000,-0.565201),velocity=Vector3.new(-16.238808, 0.001248, 11.672339),slideActive=false,wallhopFlick=false},
            {type="keyframe",time=0.639999,cframe=CFrame.new(-20.170921,-141.005066,-35.906097,-0.565202,-0.000000,-0.824953,-0.000000,1.000000,0.000000,0.824953,0.000000,-0.565202),velocity=Vector3.new(-16.271530, 0.001248, 11.628151),slideActive=false,wallhopFlick=false},
