local TAS_LIBRARY = {}

function TAS_LIBRARY.getTAS(mapName)
    local tasData = nil
        if mapName == "lobby_map_(test)" then
        tasData = {
            {type="keyframe",time=0.003305,cframe=CFrame.new(-24.903479,-147.000000,55.920662,0.995080,0.000000,-0.099077,0.000000,1.000000,0.000000,0.099077,0.000000,0.995080),velocity=Vector3.new(0.000000, 0.000416, 0.000000),slideActive=false,wallhopFlick=false},
            {type="keyframe",time=0.007221,cframe=CFrame.new(-24.903479,-147.000000,55.920662,0.995080,0.000000,-0.099077,0.000000,1.000000,0.000000,0.099077,0.000000,0.995080),velocity=Vector3.new(0.000000, 0.000416, 0.000000),slideActive=false,wallhopFlick=false},
            {type="keyframe",time=0.011220,cframe=CFrame.new(-24.903479,-147.000000,55.920662,0.995080,0.000000,-0.099077,0.000000,1.000000,0.000000,0.099077,0.000000,0.995080),velocity=Vector3.new(0.000000, 0.000416, 0.000000),slideActive=false,wallhopFlick=false},
            {type="keyframe",time=0.017310,cframe=CFrame.new(-24.903479,-147.000000,55.920662,0.995080,0.000000,-0.099077,0.000000,1.000000,0.000000,0.099077,0.000000,0.995080),velocity=Vector3.new(0.000000, 0.000416, 0.000000),slideActive=false,wallhopFlick=false},
            {type="keyframe",time=0.024235,cframe=CFrame.new(-24.903479,-147.000000,55.920662,0.995080,0.000000,-0.099077,0.000000,1.000000,0.000000,0.099077,0.000000,0.995080),velocity=Vector3.new(0.000000, 0.000416, 0.000000),slideActive=false,wallhopFlick=false},
            {type="keyframe",time=0.028209,cframe=CFrame.new(-24.903479,-147.000000,55.920662,0.995080,0.000000,-0.099077,0.000000,1.000000,0.000000,0.099077,0.000000,0.995080),velocity=Vector3.new(0.000000, 0.000416, 0.000000),slideActive=false,wallhopFlick=false},
            {type="keyframe",time=0.033256,cframe=CFrame.new(-24.903479,-147.000000,55.920662,0.995080,0.000000,-0.099077,0.000000,1.000000,0.000000,0.099077,0.000000,0.995080),velocity=Vector3.new(0.000000, 0.000416, 0.000000),slideActive=false,wallhopFlick=false},
            {type="keyframe",time=0.037225,cframe=CFrame.new(-24.903479,-147.000000,55.920662,0.995080,0.000000,-0.099077,0.000000,1.000000,0.000000,0.099077,0.000000,0.995080),velocity=Vector3.new(0.000000, 0.000416, 0.000000),slideActive=false,wallhopFlick=false},
            {type="keyframe",time=0.045135,cframe=CFrame.new(-24.903479,-147.000000,55.920662,0.995080,0.000000,-0.099077,0.000000,1.000000,0.000000,0.099077,0.000000,0.995080),velocity=Vector3.new(0.000000, 0.000416, 0.000000),slideActive=false,wallhopFlick=false},
            {type="keyframe",time=0.050272,cframe=CFrame.new(-24.903479,-147.000000,55.920662,0.995080,0.000000,-0.099077,0.000000,1.000000,0.000000,0.099077,0.000000,0.995080),velocity=Vector3.new(0.000000, 0.000416, 0.000000),slideActive=false,wallhopFlick=false},
            {type="keyframe",time=0.058084,cframe=CFrame.new(-24.903479,-147.000000,55.920662,0.995080,0.000000,-0.099077,0.000000,1.000000,0.000000,0.099077,0.000000,0.995080),velocity=Vector3.new(0.000000, 0.000416, 0.000000),slideActive=false,wallhopFlick=false},
            {type="keyframe",time=0.066118,cframe=CFrame.new(-24.903479,-147.000000,55.920662,0.995080,0.000000,-0.099077,0.000000,1.000000,0.000000,0.099077,0.000000,0.995080),velocity=Vector3.new(0.000000, 0.000416, 0.000000),slideActive=false,wallhopFlick=false},
            {type="keyframe",time=0.070111,cframe=CFrame.new(-24.903479,-147.000000,55.920662,0.995080,0.000000,-0.099077,0.000000,1.000000,0.000000,0.099077,0.000000,0.995080),velocity=Vector3.new(0.000000, 0.000416, 0.000000),slideActive=false,wallhopFlick=false},
            {type="keyframe",time=0.079140,cframe=CFrame.new(-24.903479,-147.000000,55.920662,0.995080,0.000000,-0.099077,0.000000,1.000000,0.000000,0.099077,0.000000,0.995080),velocity=Vector3.new(0.000000, 0.000416, 0.000000),slideActive=false,wallhopFlick=false},
            {type="keyframe",time=0.087037,cframe=CFrame.new(-24.903479,-147.000000,55.920662,0.995080,0.000000,-0.099077,0.000000,1.000000,0.000000,0.099077,0.000000,0.995080),velocity=Vector3.new(0.000000, 0.000416, 0.000000),slideActive=false,wallhopFlick=false},
            {type="keyframe",time=0.091039,cframe=CFrame.new(-24.903479,-147.000000,55.920662,0.995080,0.000000,-0.099077,0.000000,1.000000,0.000000,0.099077,0.000000,0.995080),velocity=Vector3.new(0.000000, 0.000416, 0.000000),slideActive=false,wallhopFlick=false},
            {type="keyframe",time=0.095011,cframe=CFrame.new(-24.903479,-147.000000,55.920662,0.995080,0.000000,-0.099077,0.000000,1.000000,0.000000,0.099077,0.000000,0.995080),velocity=Vector3.new(0.000000, 0.000416, 0.000000),slideActive=false,wallhopFlick=false},
            {type="keyframe",time=0.098988,cframe=CFrame.new(-24.903479,-147.000000,55.920662,0.995080,0.000000,-0.099077,0.000000,1.000000,0.000000,0.099077,0.000000,0.995080),velocity=Vector3.new(0.000000, 0.000416, 0.000000),slideActive=false,wallhopFlick=false},
            {type="keyframe",time=0.104074,cframe=CFrame.new(-24.903479,-147.000000,55.920662,0.995080,0.000000,-0.099077,0.000000,1.000000,0.000000,0.099077,0.000000,0.995080),velocity=Vector3.new(0.000000, 0.000416, 0.000000),slideActive=false,wallhopFlick=false},
            {type="keyframe",time=0.107970,cframe=CFrame.new(-24.903479,-147.000000,55.920662,0.995433,0.000000,-0.095464,0.000000,1.000000,0.000000,0.095464,0.000000,0.995433),velocity=Vector3.new(0.000000, 0.000416, 0.000000),slideActive=false,wallhopFlick=false},
            {type="keyframe",time=0.111957,cframe=CFrame.new(-24.903479,-147.000000,55.920662,0.995433,0.000000,-0.095464,0.000000,1.000000,0.000000,0.095464,0.000000,0.995433),velocity=Vector3.new(0.000000, 0.000416, 0.000000),slideActive=false,wallhopFlick=false},
            {type="keyframe",time=0.117038,cframe=CFrame.new(-24.903479,-147.000000,55.920662,0.995433,0.000000,-0.095464,0.000000,1.000000,0.000000,0.095464,0.000000,0.995433),velocity=Vector3.new(0.000000, 0.000416, 0.000000),slideActive=false,wallhopFlick=false},
            {type="keyframe",time=0.120924,cframe=CFrame.new(-24.903479,-147.000000,55.920662,0.995433,0.000000,-0.095464,0.000000,1.000000,0.000000,0.095464,0.000000,0.995433),velocity=Vector3.new(0.000000, 0.000416, 0.000000),slideActive=false,wallhopFlick=false},
            {type="keyframe",time=0.128961,cframe=CFrame.new(-24.903479,-147.000000,55.920662,0.995433,0.000000,-0.095464,0.000000,1.000000,0.000000,0.095464,0.000000,0.995433),velocity=Vector3.new(0.000000, 0.000416, 0.000000),slideActive=false,wallhopFlick=false},
            {type="keyframe",time=0.132944,cframe=CFrame.new(-24.903479,-147.000000,55.920662,0.995433,0.000000,-0.095464,0.000000,1.000000,0.000000,0.095464,0.000000,0.995433),velocity=Vector3.new(0.000000, 0.000416, 0.000000),slideActive=false,wallhopFlick=false},
            {type="keyframe",time=0.136976,cframe=CFrame.new(-24.903479,-147.000000,55.920662,0.995773,0.000000,-0.091850,0.000000,1.000000,0.000000,0.091850,0.000000,0.995773),velocity=Vector3.new(0.000000, 0.000416, 0.000000),slideActive=false,wallhopFlick=false},
            {type="keyframe",time=0.141197,cframe=CFrame.new(-24.903479,-147.000000,55.920662,0.995773,0.000000,-0.091850,0.000000,1.000000,0.000000,0.091850,0.000000,0.995773),velocity=Vector3.new(0.000000, 0.000416, 0.000000),slideActive=false,wallhopFlick=false},
            {type="keyframe",time=0.144970,cframe=CFrame.new(-24.903479,-147.000000,55.920662,0.995773,0.000000,-0.091850,0.000000,1.000000,0.000000,0.091850,0.000000,0.995773),velocity=Vector3.new(0.000000, 0.000416, 0.000000),slideActive=false,wallhopFlick=false},
            {type="keyframe",time=0.149964,cframe=CFrame.new(-24.903479,-147.000000,55.920662,0.995773,0.000000,-0.091850,0.000000,1.000000,0.000000,0.091850,0.000000,0.995773),velocity=Vector3.new(0.000000, 0.000416, 0.000000),slideActive=false,wallhopFlick=false},
            {type="keyframe",time=0.158820,cframe=CFrame.new(-24.903479,-147.000000,55.920662,0.995773,0.000000,-0.091850,0.000000,1.000000,0.000000,0.091850,0.000000,0.995773),velocity=Vector3.new(0.000000, 0.000416, 0.000000),slideActive=false,wallhopFlick=false},
            {type="keyframe",time=0.162827,cframe=CFrame.new(-24.903479,-147.000000,55.920662,0.995773,0.000000,-0.091850,0.000000,1.000000,0.000000,0.091850,0.000000,0.995773),velocity=Vector3.new(0.000000, 0.000416, 0.000000),slideActive=false,wallhopFlick=false},
            {type="keyframe",time=0.170869,cframe=CFrame.new(-24.903479,-147.000000,55.920662,0.996100,0.000000,-0.088235,0.000000,1.000000,0.000000,0.088235,0.000000,0.996100),velocity=Vector3.new(0.000000, 0.000416, 0.000000),slideActive=false,wallhopFlick=false},
            {type="keyframe",time=0.177751,cframe=CFrame.new(-24.903479,-147.000000,55.920662,0.996413,0.000000,-0.084618,0.000000,1.000000,0.000000,0.084618,0.000000,0.996413),velocity=Vector3.new(0.000000, 0.000416, 0.000000),slideActive=false,wallhopFlick=false},
            {type="keyframe",time=0.182863,cframe=CFrame.new(-24.903479,-147.000000,55.920662,0.996413,0.000000,-0.084618,0.000000,1.000000,0.000000,0.084618,0.000000,0.996413),velocity=Vector3.new(0.000000, 0.000416, 0.000000),slideActive=false,wallhopFlick=false},
            {type="keyframe",time=0.186791,cframe=CFrame.new(-24.903479,-147.000000,55.920662,0.996413,0.000000,-0.084618,0.000000,1.000000,0.000000,0.084618,0.000000,0.996413),velocity=Vector3.new(0.000000, 0.000416, 0.000000),slideActive=false,wallhopFlick=false},
            {type="keyframe",time=0.190787,cframe=CFrame.new(-24.903479,-147.000000,55.920662,0.996413,0.000000,-0.084618,0.000000,1.000000,0.000000,0.084618,0.000000,0.996413),velocity=Vector3.new(0.000000, 0.000416, 0.000000),slideActive=false,wallhopFlick=false},
            {type="keyframe",time=0.194730,cframe=CFrame.new(-24.903479,-147.000000,55.920662,0.996714,0.000000,-0.081000,0.000000,1.000000,0.000000,0.081000,0.000000,0.996714),velocity=Vector3.new(0.000000, 0.000416, 0.000000),slideActive=false,wallhopFlick=false},
            {type="keyframe",time=0.198768,cframe=CFrame.new(-24.903479,-147.000000,55.920662,0.996714,0.000000,-0.081000,0.000000,1.000000,0.000000,0.081000,0.000000,0.996714),velocity=Vector3.new(0.000000, 0.000416, 0.000000),slideActive=false,wallhopFlick=false},
            {type="keyframe",time=0.203716,cframe=CFrame.new(-24.903479,-147.000000,55.920662,0.997002,0.000000,-0.077381,0.000000,1.000000,0.000000,0.077381,0.000000,0.997002),velocity=Vector3.new(0.000000, 0.000416, 0.000000),slideActive=false,wallhopFlick=false},
            {type="keyframe",time=0.207703,cframe=CFrame.new(-24.903479,-147.000000,55.920662,0.997002,0.000000,-0.077381,0.000000,1.000000,0.000000,0.077381,0.000000,0.997002),velocity=Vector3.new(0.000000, 0.000416, 0.000000),slideActive=false,wallhopFlick=false},
            {type="keyframe",time=0.211685,cframe=CFrame.new(-24.903479,-147.000000,55.920662,0.997276,0.000000,-0.073761,0.000000,1.000000,0.000000,0.073761,0.000000,0.997276),velocity=Vector3.new(0.000000, 0.000416, 0.000000),slideActive=false,wallhopFlick=false},
            {type="keyframe",time=0.215724,cframe=CFrame.new(-24.903479,-147.000000,55.920662,0.997276,0.000000,-0.073761,0.000000,1.000000,0.000000,0.073761,0.000000,0.997276),velocity=Vector3.new(0.000000, 0.000416, 0.000000),slideActive=false,wallhopFlick=false},
            {type="keyframe",time=0.219697,cframe=CFrame.new(-24.903479,-147.000000,55.920662,0.997537,0.000000,-0.070140,0.000000,1.000000,0.000000,0.070140,0.000000,0.997537),velocity=Vector3.new(0.000000, 0.000416, 0.000000),slideActive=false,wallhopFlick=false},
            {type="keyframe",time=0.224701,cframe=CFrame.new(-24.903479,-147.000000,55.920662,0.997537,0.000000,-0.070140,0.000000,1.000000,0.000000,0.070140,0.000000,0.997537),velocity=Vector3.new(0.000000, 0.000416, 0.000000),slideActive=false,wallhopFlick=false},
            {type="keyframe",time=0.228631,cframe=CFrame.new(-24.903479,-147.000000,55.920662,0.997785,0.000000,-0.066519,0.000000,1.000000,0.000000,0.066519,0.000000,0.997785),velocity=Vector3.new(0.000000, 0.000416, 0.000000),slideActive=false,wallhopFlick=false},
            {type="keyframe",time=0.233687,cframe=CFrame.new(-24.903479,-147.000000,55.920662,0.997785,0.000000,-0.066519,0.000000,1.000000,0.000000,0.066519,0.000000,0.997785),velocity=Vector3.new(0.000000, 0.000416, 0.000000),slideActive=false,wallhopFlick=false},
            {type="keyframe",time=0.240748,cframe=CFrame.new(-24.903479,-147.000000,55.920662,0.998020,0.000000,-0.062896,0.000000,1.000000,0.000000,0.062896,0.000000,0.998020),velocity=Vector3.new(0.000000, 0.000416, 0.000000),slideActive=false,wallhopFlick=false},
            {type="keyframe",time=0.244664,cframe=CFrame.new(-24.903479,-147.000000,55.920662,0.998450,0.000000,-0.055648,0.000000,1.000000,0.000000,0.055648,0.000000,0.998450),velocity=Vector3.new(0.000000, 0.000416, 0.000000),slideActive=false,wallhopFlick=false},
            {type="keyframe",time=0.249715,cframe=CFrame.new(-24.903479,-147.000000,55.920662,0.998450,0.000000,-0.055648,0.000000,1.000000,0.000000,0.055648,0.000000,0.998450),velocity=Vector3.new(0.000000, 0.000416, 0.000000),slideActive=false,wallhopFlick=false},
            {type="keyframe",time=0.253583,cframe=CFrame.new(-24.903479,-147.000000,55.920662,0.998646,0.000000,-0.052023,0.000000,1.000000,0.000000,0.052023,0.000000,0.998646),velocity=Vector3.new(0.000000, 0.000416, 0.000000),slideActive=false,wallhopFlick=false},
            {type="keyframe",time=0.257141,cframe=CFrame.new(-24.903479,-147.000000,55.920662,0.998828,0.000000,-0.048397,0.000000,1.000000,0.000000,0.048397,0.000000,0.998828),velocity=Vector3.new(0.000000, 0.000416, 0.000000),slideActive=false,wallhopFlick=false},
            {type="keyframe",time=0.262108,cframe=CFrame.new(-24.903479,-147.000000,55.920662,0.998828,0.000000,-0.048397,0.000000,1.000000,0.000000,0.048397,0.000000,0.998828),velocity=Vector3.new(0.000000, 0.000416, 0.000000),slideActive=false,wallhopFlick=false},
            {type="keyframe",time=0.267140,cframe=CFrame.new(-24.903479,-147.000000,55.920662,0.999153,0.000000,-0.041144,0.000000,1.000000,0.000000,0.041144,0.000000,0.999153),velocity=Vector3.new(0.000000, 0.000416, 0.000000),slideActive=false,wallhopFlick=false},
            {type="keyframe",time=0.275074,cframe=CFrame.new(-24.903479,-147.000000,55.920662,0.999426,0.000000,-0.033889,0.000000,1.000000,0.000000,0.033889,0.000000,0.999426),velocity=Vector3.new(0.000000, 0.000416, 0.000000),slideActive=false,wallhopFlick=false},
            {type="keyframe",time=0.279081,cframe=CFrame.new(-24.903479,-147.000000,55.920662,0.999426,0.000000,-0.033889,0.000000,1.000000,0.000000,0.033889,0.000000,0.999426),velocity=Vector3.new(0.000000, 0.000416, 0.000000),slideActive=false,wallhopFlick=false},
            {type="keyframe",time=0.283147,cframe=CFrame.new(-24.903479,-147.000000,55.920662,0.999645,0.000000,-0.026632,0.000000,1.000000,0.000000,0.026632,0.000000,0.999645),velocity=Vector3.new(0.000000, 0.000416, 0.000000),slideActive=false,wallhopFlick=false},
            {type="keyframe",time=0.286119,cframe=CFrame.new(-24.903479,-147.000000,55.920662,0.999645,0.000000,-0.026632,0.000000,1.000000,0.000000,0.026632,0.000000,0.999645),velocity=Vector3.new(0.000000, 0.000416, 0.000000),slideActive=false,wallhopFlick=false},
            {type="keyframe",time=0.291050,cframe=CFrame.new(-24.903479,-147.000000,55.920662,0.999812,0.000000,-0.019373,0.000000,1.000000,0.000000,0.019373,0.000000,0.999812),velocity=Vector3.new(0.000000, 0.000416, 0.000000),slideActive=false,wallhopFlick=false},
            {type="keyframe",time=0.296084,cframe=CFrame.new(-24.903479,-147.000000,55.920662,0.999812,0.000000,-0.019373,0.000000,1.000000,0.000000,0.019373,0.000000,0.999812),velocity=Vector3.new(0.000000, 0.000416, 0.000000),slideActive=false,wallhopFlick=false},
            {type="keyframe",time=0.298634,cframe=CFrame.new(-24.903479,-147.000000,55.920662,0.999927,0.000000,-0.012113,0.000000,1.000000,0.000000,0.012113,0.000000,0.999927),velocity=Vector3.new(0.000000, 0.000416, 0.000000),slideActive=false,wallhopFlick=false},
            {type="keyframe",time=0.303106,cframe=CFrame.new(-24.903479,-147.000000,55.920662,0.999927,0.000000,-0.012113,0.000000,1.000000,0.000000,0.012113,0.000000,0.999927),velocity=Vector3.new(0.000000, 0.000416, 0.000000),slideActive=false,wallhopFlick=false},
            {type="keyframe",time=0.308015,cframe=CFrame.new(-24.903479,-147.000000,55.920662,0.999988,0.000000,-0.004853,0.000000,1.000000,0.000000,0.004853,0.000000,0.999988),velocity=Vector3.new(0.000000, 0.000416, 0.000000),slideActive=false,wallhopFlick=false},
            {type="keyframe",time=0.311985,cframe=CFrame.new(-24.903479,-147.000000,55.920662,0.999988,0.000000,-0.004853,0.000000,1.000000,0.000000,0.004853,0.000000,0.999988),velocity=Vector3.new(0.000000, 0.000416, 0.000000),slideActive=false,wallhopFlick=false},
            {type="keyframe",time=0.316333,cframe=CFrame.new(-24.903479,-147.000000,55.920662,0.999982,0.000000,0.006038,0.000000,1.000000,0.000000,-0.006038,0.000000,0.999982),velocity=Vector3.new(0.000000, 0.000416, 0.000000),slideActive=false,wallhopFlick=false},
            {type="keyframe",time=0.321047,cframe=CFrame.new(-24.903479,-147.000000,55.920662,0.999982,0.000000,0.006038,0.000000,1.000000,0.000000,-0.006038,0.000000,0.999982),velocity=Vector3.new(0.000000, 0.000416, 0.000000),slideActive=false,wallhopFlick=false},
            {type="keyframe",time=0.325087,cframe=CFrame.new(-24.903479,-147.000000,55.920662,0.999857,0.000000,0.016928,0.000000,1.000000,0.000000,-0.016928,0.000000,0.999857),velocity=Vector3.new(0.000000, 0.000416, 0.000000),slideActive=false,wallhopFlick=false},
            {type="keyframe",time=0.329197,cframe=CFrame.new(-24.903479,-147.000000,55.920662,0.999505,0.000000,0.031445,0.000000,1.000000,0.000000,-0.031445,0.000000,0.999505),velocity=Vector3.new(0.000000, 0.000416, 0.000000),slideActive=false,wallhopFlick=false},
            {type="keyframe",time=0.336119,cframe=CFrame.new(-24.903479,-147.000000,55.920662,0.998584,0.000000,0.053207,0.000000,1.000000,0.000000,-0.053207,0.000000,0.998584),velocity=Vector3.new(0.000000, 0.000416, 0.000000),slideActive=false,wallhopFlick=false},
            {type="keyframe",time=0.341143,cframe=CFrame.new(-24.903479,-147.000000,55.920662,0.998584,0.000000,0.053207,0.000000,1.000000,0.000000,-0.053207,0.000000,0.998584),velocity=Vector3.new(0.000000, 0.000416, 0.000000),slideActive=false,wallhopFlick=false},
            {type="keyframe",time=0.345079,cframe=CFrame.new(-24.903479,-147.000000,55.920662,0.997188,0.000000,0.074943,0.000000,1.000000,0.000000,-0.074943,0.000000,0.997188),velocity=Vector3.new(0.000000, 0.000416, 0.000000),slideActive=false,wallhopFlick=false},
            {type="keyframe",time=0.349283,cframe=CFrame.new(-24.903479,-147.000000,55.920662,0.997188,0.000000,0.074943,0.000000,1.000000,0.000000,-0.074943,0.000000,0.997188),velocity=Vector3.new(0.000000, 0.000416, 0.000000),slideActive=false,wallhopFlick=false},
            {type="input",time=0.349931,key="S",state=true},
            {type="keyframe",time=0.353019,cframe=CFrame.new(-24.903479,-147.000000,55.920662,0.995319,0.000000,0.096644,0.000000,1.000000,0.000000,-0.096644,0.000000,0.995319),velocity=Vector3.new(0.000000, 0.000416, 0.000000),slideActive=false,wallhopFlick=false},
            {type="keyframe",time=0.358132,cframe=CFrame.new(-24.904524,-147.000000,55.934570,0.995319,0.000000,0.096644,0.000000,1.000000,0.000000,-0.096644,0.000000,0.995319),velocity=Vector3.new(-0.250884, 0.000416, 3.338248),slideActive=false,wallhopFlick=false},
            {type="keyframe",time=0.361200,cframe=CFrame.new(-24.906979,-147.000000,55.962357,0.992093,0.000000,0.125506,0.000000,1.000000,0.000000,-0.125506,0.000000,0.992093),velocity=Vector3.new(-0.589002, 0.000416, 6.668792),slideActive=false,wallhopFlick=false},
            {type="keyframe",time=0.366199,cframe=CFrame.new(-24.910841,-147.000000,56.004021,0.992093,0.000000,0.125506,0.000000,1.000000,0.000000,-0.125506,0.000000,0.992093),velocity=Vector3.new(-0.927119, 0.000416, 9.999335),slideActive=false,wallhopFlick=false},
            {type="keyframe",time=0.370074,cframe=CFrame.new(-24.916920,-147.000000,56.059456,0.986884,0.000000,0.161431,0.000000,1.000000,0.000000,-0.161431,0.000000,0.986884),velocity=Vector3.new(-1.458700, 0.000416, 13.304523),slideActive=false,wallhopFlick=false},
            {type="keyframe",time=0.374153,cframe=CFrame.new(-24.925213,-147.000000,56.128662,0.986884,0.000000,0.161431,0.000000,1.000000,0.000000,-0.161431,0.000000,0.986884),velocity=Vector3.new(-1.990282, 0.000416, 16.609711),slideActive=false,wallhopFlick=false},
            {type="keyframe",time=0.379175,cframe=CFrame.new(-24.936731,-147.000000,56.206017,0.979652,0.000000,0.200701,0.000000,1.000000,0.000000,-0.200701,0.000000,0.979652),velocity=Vector3.new(-2.764242, 0.000416, 18.564692),slideActive=false,wallhopFlick=false},
            {type="keyframe",time=0.383036,cframe=CFrame.new(-24.962639,-147.000000,56.367977,0.979653,0.000000,0.200701,0.000000,1.000000,0.000000,-0.200701,0.000000,0.979653),velocity=Vector3.new(-3.163315, 0.000416, 19.572729),slideActive=false,wallhopFlick=false},
            {type="keyframe",time=0.390941,cframe=CFrame.new(-24.978035,-147.000000,56.449585,0.968192,0.000000,0.250210,0.000000,1.000000,0.000000,-0.250210,0.000000,0.968192),velocity=Vector3.new(-3.695006, 0.000416, 19.585430),slideActive=false,wallhopFlick=false},
            {type="keyframe",time=0.395033,cframe=CFrame.new(-24.996840,-147.000000,56.530613,0.953138,0.000000,0.302536,0.000000,1.000000,0.000000,-0.302536,0.000000,0.953138),velocity=Vector3.new(-4.513257, 0.000416, 19.446930),slideActive=false,wallhopFlick=false},
            {type="keyframe",time=0.399084,cframe=CFrame.new(-25.016924,-147.000000,56.611427,0.953138,0.000000,0.302536,0.000000,1.000000,0.000000,-0.302536,0.000000,0.953138),velocity=Vector3.new(-4.820101, 0.000416, 19.394993),slideActive=false,wallhopFlick=false},
            {type="keyframe",time=0.404125,cframe=CFrame.new(-25.040213,-147.000000,56.691376,0.933968,0.000000,0.357357,0.000000,1.000000,0.000000,-0.357357,0.000000,0.933968),velocity=Vector3.new(-5.589233, 0.000416, 19.187347),slideActive=false,wallhopFlick=false},
            {type="keyframe",time=0.407946,cframe=CFrame.new(-25.089643,-147.000000,56.850502,0.933968,0.000000,0.357357,0.000000,1.000000,0.000000,-0.357357,0.000000,0.933968),velocity=Vector3.new(-5.985820, 0.000416, 19.080282),slideActive=false,wallhopFlick=false},
            {type="keyframe",time=0.416081,cframe=CFrame.new(-25.117609,-147.003403,56.928959,0.907118,0.000000,0.420877,0.000000,1.000000,0.000000,-0.420877,0.000000,0.907118),velocity=Vector3.new(-6.711645, -0.817084, 18.829704),slideActive=false,wallhopFlick=false},
            {type="keyframe",time=0.419961,cframe=CFrame.new(-25.150017,-147.005127,57.005627,0.870648,0.000000,0.491906,0.000000,1.000000,0.000000,-0.491906,0.000000,0.870648),velocity=Vector3.new(-7.777827, -0.412451, 18.400110),slideActive=false,wallhopFlick=false},
            {type="keyframe",time=0.424920,cframe=CFrame.new(-25.184090,-147.005844,57.081623,0.870648,0.000000,0.491906,0.000000,1.000000,0.000000,-0.491906,0.000000,0.870648),velocity=Vector3.new(-8.177648, -0.171722, 18.239010),slideActive=false,wallhopFlick=false},
            {type="keyframe",time=0.432983,cframe=CFrame.new(-25.262506,-147.005798,57.228504,0.826590,0.000000,0.562804,0.000000,1.000000,0.000000,-0.562804,0.000000,0.826590),velocity=Vector3.new(-9.604626, 0.044841, 17.529123),slideActive=false,wallhopFlick=false},
            {type="keyframe",time=0.436228,cframe=CFrame.new(-25.306826,-147.005493,57.298946,0.772180,0.000000,0.635404,0.000000,1.000000,0.000000,-0.635404,0.000000,0.772180),velocity=Vector3.new(-10.636789, 0.071782, 16.905798),slideActive=false,wallhopFlick=false},
            {type="keyframe",time=0.441945,cframe=CFrame.new(-25.352758,-147.005142,57.368412,0.772180,0.000000,0.635404,0.000000,1.000000,0.000000,-0.635404,0.000000,0.772180),velocity=Vector3.new(-11.023851, 0.082560, 16.672050),slideActive=false,wallhopFlick=false},
            {type="keyframe",time=0.449967,cframe=CFrame.new(-25.455042,-147.004456,57.499748,0.708857,0.000000,0.705352,0.000000,1.000000,0.000000,-0.705352,0.000000,0.708857),velocity=Vector3.new(-12.471241, 0.080411, 15.616344),slideActive=false,wallhopFlick=false},
            {type="keyframe",time=0.458237,cframe=CFrame.new(-25.569086,-147.003876,57.620983,0.636429,0.000000,0.771335,0.000000,1.000000,0.000000,-0.771335,0.000000,0.636429),velocity=Vector3.new(-13.877002, 0.067120, 14.379537),slideActive=false,wallhopFlick=false},
            {type="input",time=0.458941,key="D",state=true},
            {type="keyframe",time=0.461301,cframe=CFrame.new(-25.630943,-147.003677,57.676598,0.560899,0.000000,0.827884,0.000000,1.000000,0.000000,-0.827884,0.000000,0.560899),velocity=Vector3.new(-14.845570, 0.047419, 13.347684),slideActive=false,wallhopFlick=false},
            {type="keyframe",time=0.466228,cframe=CFrame.new(-25.680359,-147.003540,57.738522,0.486732,0.000000,0.873551,0.000000,1.000000,0.000000,-0.873551,0.000000,0.486732),velocity=Vector3.new(-11.859894, 0.034268, 14.861813),slideActive=false,wallhopFlick=false},
            {type="keyframe",time=0.470245,cframe=CFrame.new(-25.717768,-147.006805,57.807545,0.486732,0.000000,0.873551,0.000000,1.000000,0.000000,-0.873551,0.000000,0.486732),velocity=Vector3.new(-8.978044, -0.783232, 16.565275),slideActive=false,wallhopFlick=false},
            {type="keyframe",time=0.474158,cframe=CFrame.new(-25.746042,-147.008423,57.883526,0.486732,0.000000,0.873551,0.000000,1.000000,0.000000,-0.873551,0.000000,0.486732),velocity=Vector3.new(-6.785797, -0.389155, 18.235298),slideActive=false,wallhopFlick=false},
            {type="input",time=0.474674,key="S",state=false},
            {type="keyframe",time=0.478153,cframe=CFrame.new(-25.770891,-147.009064,57.962116,0.412183,0.000000,0.911101,0.000000,1.000000,0.000000,-0.911101,0.000000,0.412183),velocity=Vector3.new(-5.963705, -0.155479, 18.861557),slideActive=false,wallhopFlick=false},
            {type="keyframe",time=0.482183,cframe=CFrame.new(-25.781845,-147.009201,58.039474,0.412183,0.000000,0.911101,0.000000,1.000000,0.000000,-0.911101,0.000000,0.412183),velocity=Vector3.new(-2.629098, -0.033292, 18.566183),slideActive=false,wallhopFlick=false},
            {type="keyframe",time=0.487223,cframe=CFrame.new(-25.778858,-147.009064,58.116394,0.345003,0.000000,0.938601,0.000000,1.000000,0.000000,-0.938601,0.000000,0.345003),velocity=Vector3.new(0.716889, 0.034610, 18.460272),slideActive=false,wallhopFlick=false},
            {type="keyframe",time=0.491140,cframe=CFrame.new(-25.761930,-147.008774,58.192871,0.345003,0.000000,0.938601,0.000000,1.000000,0.000000,-0.938601,0.000000,0.345003),velocity=Vector3.new(4.062876, 0.069673, 18.354361),slideActive=false,wallhopFlick=false},
            {type="keyframe",time=0.495123,cframe=CFrame.new(-25.737614,-147.008423,58.270435,0.279494,0.000000,0.960147,0.000000,1.000000,0.000000,-0.960147,0.000000,0.279494),velocity=Vector3.new(5.836124, 0.085042, 18.615402),slideActive=false,wallhopFlick=false},
            {type="keyframe",time=0.500210,cframe=CFrame.new(-25.710526,-147.008057,58.348408,0.279494,0.000000,0.960147,0.000000,1.000000,0.000000,-0.960147,0.000000,0.279494),velocity=Vector3.new(6.501091, 0.088980, 18.713293),slideActive=false,wallhopFlick=false},
            {type="keyframe",time=0.506944,cframe=CFrame.new(-25.661985,-147.007355,58.507381,0.162740,0.000000,0.986669,0.000000,1.000000,0.000000,-0.986669,0.000000,0.162740),velocity=Vector3.new(5.718024, 0.080633, 19.134090),slideActive=false,wallhopFlick=false},
            {type="keyframe",time=0.511039,cframe=CFrame.new(-25.641605,-147.007050,58.588089,0.162740,0.000000,0.986669,0.000000,1.000000,0.000000,-0.986669,0.000000,0.162740),velocity=Vector3.new(4.891062, 0.073240, 19.369753),slideActive=false,wallhopFlick=false},
            {type="keyframe",time=0.517129,cframe=CFrame.new(-25.625486,-147.006775,58.669743,0.112406,0.000000,0.993662,0.000000,1.000000,0.000000,-0.993662,0.000000,0.112406),velocity=Vector3.new(3.868404, 0.065421, 19.597019),slideActive=false,wallhopFlick=false},
            {type="keyframe",time=0.525107,cframe=CFrame.new(-25.597044,-147.006317,58.833893,0.065403,0.000000,0.997859,0.000000,1.000000,0.000000,-0.997859,0.000000,0.065403),velocity=Vector3.new(3.341096, 0.050547, 19.714203),slideActive=false,wallhopFlick=false},
            {type="keyframe",time=0.533048,cframe=CFrame.new(-25.575962,-147.005981,58.999161,0.021884,0.000000,0.999761,0.000000,1.000000,0.000000,-0.999761,0.000000,0.021884),velocity=Vector3.new(2.401815, 0.038124, 19.850882),slideActive=false,wallhopFlick=false},
            {type="keyframe",time=0.537048,cframe=CFrame.new(-25.571070,-147.005844,59.082249,0.021884,0.000000,0.999761,0.000000,1.000000,0.000000,-0.999761,0.000000,0.021884),velocity=Vector3.new(1.174237, 0.033048, 19.941088),slideActive=false,wallhopFlick=false},
            {type="keyframe",time=0.540970,cframe=CFrame.new(-25.568094,-147.005722,59.165478,-0.018046,0.000000,0.999837,0.000000,1.000000,0.000000,-0.999837,0.000000,-0.018046),velocity=Vector3.new(0.713894, 0.028582, 19.974915),slideActive=false,wallhopFlick=false},
            {type="keyframe",time=0.545956,cframe=CFrame.new(-25.565840,-147.005615,59.248760,-0.018046,0.000000,0.999837,0.000000,1.000000,0.000000,-0.999837,0.000000,-0.018046),velocity=Vector3.new(0.541266, 0.024637, 19.987600),slideActive=false,wallhopFlick=false},
            {type="keyframe",time=0.553941,cframe=CFrame.new(-25.566908,-147.005447,59.415379,-0.054323,0.000000,0.998523,0.000000,1.000000,0.000000,-0.998523,0.000000,-0.054323),velocity=Vector3.new(-0.234048, 0.018140, 19.995457),slideActive=false,wallhopFlick=false},
            {type="keyframe",time=0.561999,cframe=CFrame.new(-25.574131,-147.005325,59.581852,-0.086912,0.000000,0.996216,0.000000,1.000000,0.000000,-0.996216,0.000000,-0.086912),velocity=Vector3.new(-0.966585, 0.013381, 19.973982),slideActive=false,wallhopFlick=false},
            {type="keyframe",time=0.565992,cframe=CFrame.new(-25.580168,-147.005280,59.664948,-0.108589,0.000000,0.994087,0.000000,1.000000,0.000000,-0.994087,0.000000,-0.108589),velocity=Vector3.new(-1.448870, 0.011444, 19.942944),slideActive=false,wallhopFlick=false},
            {type="keyframe",time=0.570845,cframe=CFrame.new(-25.586958,-147.005234,59.747993,-0.126614,0.000000,0.991952,0.000000,1.000000,0.000000,-0.991952,0.000000,-0.126614),velocity=Vector3.new(-1.629727, 0.009823, 19.931303),slideActive=false,wallhopFlick=false},
            {type="keyframe",time=0.574870,cframe=CFrame.new(-25.603891,-147.005173,59.913780,-0.126614,0.000000,0.991952,0.000000,1.000000,0.000000,-0.991952,0.000000,-0.126614),velocity=Vector3.new(-2.095551, 0.007205, 19.888704),slideActive=false,wallhopFlick=false},
            {type="keyframe",time=0.578923,cframe=CFrame.new(-25.613760,-147.005142,59.996521,-0.137410,0.000000,0.990514,0.000000,1.000000,0.000000,-0.990514,0.000000,-0.137410),velocity=Vector3.new(-2.368505, 0.006192, 19.857664),slideActive=false,wallhopFlick=false},
            {type="keyframe",time=0.587969,cframe=CFrame.new(-25.624056,-147.005127,60.079212,-0.144597,0.000000,0.989491,0.000000,1.000000,0.000000,-0.989491,0.000000,-0.144597),velocity=Vector3.new(-2.470863, 0.005261, 19.846024),slideActive=false,wallhopFlick=false},
            {type="keyframe",time=0.595900,cframe=CFrame.new(-25.646360,-147.005096,60.244377,-0.144597,0.000000,0.989491,0.000000,1.000000,0.000000,-0.989491,0.000000,-0.144597),velocity=Vector3.new(-2.709192, 0.003999, 19.815311),slideActive=false,wallhopFlick=false},
            {type="keyframe",time=0.599931,cframe=CFrame.new(-25.670067,-147.005066,60.409348,-0.144597,0.000000,0.989491,0.000000,1.000000,0.000000,-0.989491,0.000000,-0.144597),velocity=Vector3.new(-2.866248, 0.003041, 19.793398),slideActive=false,wallhopFlick=false},
            {type="keyframe",time=0.603832,cframe=CFrame.new(-25.682077,-147.005051,60.491810,-0.144597,0.000000,0.989491,0.000000,1.000000,0.000000,-0.989491,0.000000,-0.144597),velocity=Vector3.new(-2.882311, 0.002601, 19.791157),slideActive=false,wallhopFlick=false},
            {type="input",time=0.608275,key="W",state=true},
            {type="keyframe",time=0.612947,cframe=CFrame.new(-25.694113,-147.005035,60.574268,-0.144597,0.000000,0.989491,0.000000,1.000000,0.000000,-0.989491,0.000000,-0.144597),velocity=Vector3.new(-2.888334, 0.002172, 19.790316),slideActive=false,wallhopFlick=false},
            {type="keyframe",time=0.619794,cframe=CFrame.new(-25.677614,-147.005035,60.728928,-0.148189,0.000000,0.988959,0.000000,1.000000,0.000000,-0.988959,0.000000,-0.148189),velocity=Vector3.new(3.602671, 0.001519, 18.148901),slideActive=false,wallhopFlick=false},
            {type="keyframe",time=0.623848,cframe=CFrame.new(-25.649069,-147.005035,60.801170,-0.148189,0.000000,0.988959,0.000000,1.000000,0.000000,-0.988959,0.000000,-0.148189),velocity=Vector3.new(6.850814, 0.001395, 17.338707),slideActive=false,wallhopFlick=false},
            {type="keyframe",time=0.628839,cframe=CFrame.new(-25.607401,-147.005035,60.870140,-0.148189,0.000000,0.988959,0.000000,1.000000,0.000000,-0.988959,0.000000,-0.148189),velocity=Vector3.new(10.000487, 0.001328, 16.553076),slideActive=false,wallhopFlick=false},
            {type="keyframe",time=0.632908,cframe=CFrame.new(-25.560810,-147.005035,60.937885,-0.148189,0.000000,0.988959,0.000000,1.000000,0.000000,-0.988959,0.000000,-0.148189),velocity=Vector3.new(11.181615, 0.001291, 16.258465),slideActive=false,wallhopFlick=false},
            {type="keyframe",time=0.638116,cframe=CFrame.new(-25.512375,-147.005035,61.005169,-0.151778,0.000000,0.988415,0.000000,1.000000,0.000000,-0.988415,0.000000,-0.151778),velocity=Vector3.new(11.624538, 0.001272, 16.147985),slideActive=false,wallhopFlick=false},
            {type="input",time=0.638649,key="D",state=false},
            {type="keyframe",time=0.645728,cframe=CFrame.new(-25.413860,-147.005035,61.139328,-0.151778,0.000000,0.988415,0.000000,1.000000,0.000000,-0.988415,0.000000,-0.151778),velocity=Vector3.new(11.852921, 0.001255, 16.091019),slideActive=false,wallhopFlick=false},
            {type="keyframe",time=0.652779,cframe=CFrame.new(-25.293390,-147.005035,61.237637,-0.155365,0.000000,0.987857,0.000000,1.000000,0.000000,-0.987857,0.000000,-0.155365),velocity=Vector3.new(15.324072, 0.001250, 10.365768),slideActive=false,wallhopFlick=false},
            {type="keyframe",time=0.657679,cframe=CFrame.new(-25.222269,-147.005035,61.268925,-0.155365,0.000000,0.987857,0.000000,1.000000,0.000000,-0.987857,0.000000,-0.155365),velocity=Vector3.new(17.068949, 0.001249, 7.508804),slideActive=false,wallhopFlick=false},
            {type="keyframe",time=0.662800,cframe=CFrame.new(-25.144148,-147.005035,61.288750,-0.158950,0.000000,0.987287,0.000000,1.000000,0.000000,-0.987287,0.000000,-0.158950),velocity=Vector3.new(18.749069, 0.001249, 4.757867),slideActive=false,wallhopFlick=false},
            {type="keyframe",time=0.669836,cframe=CFrame.new(-24.981672,-147.005035,61.318192,-0.162533,0.000000,0.986703,0.000000,1.000000,0.000000,-0.986703,0.000000,-0.162533),velocity=Vector3.new(19.615383, 0.001249, 3.339415),slideActive=false,wallhopFlick=false},
            {type="keyframe",time=0.674948,cframe=CFrame.new(-24.899632,-147.005035,61.331875,-0.166114,0.000000,0.986106,0.000000,1.000000,0.000000,-0.986106,0.000000,-0.166114),velocity=Vector3.new(19.689558, 0.001248, 3.283946),slideActive=false,wallhopFlick=false},
            {type="keyframe",time=0.678945,cframe=CFrame.new(-24.817476,-147.005035,61.345470,-0.166114,0.000000,0.986106,0.000000,1.000000,0.000000,-0.986106,0.000000,-0.166114),velocity=Vector3.new(19.717373, 0.001248, 3.263145),slideActive=false,wallhopFlick=false},
            {type="keyframe",time=0.681932,cframe=CFrame.new(-24.735308,-147.005035,61.359222,-0.169693,0.000000,0.985497,0.000000,1.000000,0.000000,-0.985497,0.000000,-0.169693),velocity=Vector3.new(19.720346, 0.001248, 3.300110),slideActive=false,wallhopFlick=false},
            {type="keyframe",time=0.686879,cframe=CFrame.new(-24.653135,-147.005035,61.373032,-0.169693,0.000000,0.985497,0.000000,1.000000,0.000000,-0.985497,0.000000,-0.169693),velocity=Vector3.new(19.721460, 0.001248, 3.313972),slideActive=false,wallhopFlick=false},
            {type="keyframe",time=0.690888,cframe=CFrame.new(-24.570993,-147.005035,61.387047,-0.173269,0.000000,0.984874,0.000000,1.000000,0.000000,-0.984874,0.000000,-0.173269),velocity=Vector3.new(19.714258, 0.001248, 3.363905),slideActive=false,wallhopFlick=false},
            {type="keyframe",time=0.694869,cframe=CFrame.new(-24.488861,-147.005035,61.401142,-0.173269,0.000000,0.984874,0.000000,1.000000,0.000000,-0.984874,0.000000,-0.173269),velocity=Vector3.new(19.711557, 0.001248, 3.382629),slideActive=false,wallhopFlick=false},
            {type="keyframe",time=0.698908,cframe=CFrame.new(-24.406767,-147.005035,61.415451,-0.176844,0.000000,0.984239,0.000000,1.000000,0.000000,-0.984239,0.000000,-0.176844),velocity=Vector3.new(19.702766, 0.001248, 3.434355),slideActive=false,wallhopFlick=false},
            {type="keyframe",time=0.702866,cframe=CFrame.new(-24.324686,-147.005035,61.429840,-0.176844,0.000000,0.984239,0.000000,1.000000,0.000000,-0.984239,0.000000,-0.176844),velocity=Vector3.new(19.699469, 0.001248, 3.453752),slideActive=false,wallhopFlick=false},
            {type="keyframe",time=0.707913,cframe=CFrame.new(-24.242643,-147.005035,61.444447,-0.180416,0.000000,0.983590,0.000000,1.000000,0.000000,-0.983590,0.000000,-0.180416),velocity=Vector3.new(19.690287, 0.001248, 3.505706),slideActive=false,wallhopFlick=false},
            {type="keyframe",time=0.711798,cframe=CFrame.new(-24.160614,-147.005035,61.459133,-0.180416,0.000000,0.983590,0.000000,1.000000,0.000000,-0.983590,0.000000,-0.180416),velocity=Vector3.new(19.686844, 0.001248, 3.525188),slideActive=false,wallhopFlick=false},
            {type="keyframe",time=0.716734,cframe=CFrame.new(-24.078625,-147.005035,61.474037,-0.183985,0.000000,0.982929,0.000000,1.000000,0.000000,-0.982929,0.000000,-0.183985),velocity=Vector3.new(19.677448, 0.001248, 3.577140),slideActive=false,wallhopFlick=false},
            {type="keyframe",time=0.720827,cframe=CFrame.new(-23.914682,-147.005035,61.504036,-0.183985,0.000000,0.982929,0.000000,1.000000,0.000000,-0.982929,0.000000,-0.183985),velocity=Vector3.new(19.672602, 0.001248, 3.603928),slideActive=false,wallhopFlick=false},
            {type="keyframe",time=0.728689,cframe=CFrame.new(-23.832750,-147.005035,61.519249,-0.187552,0.000000,0.982255,0.000000,1.000000,0.000000,-0.982255,0.000000,-0.187552),velocity=Vector3.new(19.663837, 0.001248, 3.651288),slideActive=false,wallhopFlick=false},
            {type="keyframe",time=0.732804,cframe=CFrame.new(-23.750866,-147.005035,61.534721,-0.194679,0.000000,0.980867,0.000000,1.000000,0.000000,-0.980867,0.000000,-0.194679),velocity=Vector3.new(19.652121, 0.001248, 3.713638),slideActive=false,wallhopFlick=false},
            {type="keyframe",time=0.736752,cframe=CFrame.new(-23.669001,-147.005035,61.550293,-0.194679,0.000000,0.980867,0.000000,1.000000,0.000000,-0.980867,0.000000,-0.194679),velocity=Vector3.new(19.647728, 0.001248, 3.737019),slideActive=false,wallhopFlick=false},
            {type="keyframe",time=0.741667,cframe=CFrame.new(-23.587214,-147.005035,61.566273,-0.201795,0.000000,0.979428,0.000000,1.000000,0.000000,-0.979428,0.000000,-0.201795),velocity=Vector3.new(19.628735, 0.001248, 3.834873),slideActive=false,wallhopFlick=false},
