local TAS_LIBRARY = {}

function TAS_LIBRARY.getTAS(mapName)
    local tasData = nil
        if mapName == "lobby_test" then
        tasData = {
            {type="keyframe",time=0.003379,cframe=CFrame.new(-32.036705,-147.000000,52.496025,-0.855338,-0.000000,0.518070,0.000000,1.000000,0.000000,-0.518070,0.000000,-0.855338),velocity=Vector3.new(0.000000, 0.000416, 0.000000),slideActive=false,wallhopFlick=false},
            {type="keyframe",time=0.006871,cframe=CFrame.new(-32.036705,-147.000000,52.496025,-0.855338,-0.000000,0.518070,0.000000,1.000000,0.000000,-0.518070,0.000000,-0.855338),velocity=Vector3.new(0.000000, 0.000416, 0.000000),slideActive=false,wallhopFlick=false},
            {type="keyframe",time=0.016228,cframe=CFrame.new(-32.036705,-147.000000,52.496025,-0.855338,0.000000,0.518070,-0.000000,1.000000,-0.000000,-0.518070,-0.000000,-0.855338),velocity=Vector3.new(0.000000, 0.000416, 0.000000),slideActive=false,wallhopFlick=false},
            {type="keyframe",time=0.020682,cframe=CFrame.new(-32.036705,-147.000000,52.496025,-0.855338,0.000000,0.518070,-0.000000,1.000000,-0.000000,-0.518070,-0.000000,-0.855338),velocity=Vector3.new(0.000000, 0.000416, 0.000000),slideActive=false,wallhopFlick=false},
            {type="keyframe",time=0.024681,cframe=CFrame.new(-32.036705,-147.000000,52.496025,-0.855338,0.000000,0.518070,-0.000000,1.000000,-0.000000,-0.518070,-0.000000,-0.855338),velocity=Vector3.new(0.000000, 0.000416, 0.000000),slideActive=false,wallhopFlick=false},
            {type="keyframe",time=0.029716,cframe=CFrame.new(-32.036705,-147.000000,52.496025,-0.855338,0.000000,0.518070,-0.000000,1.000000,-0.000000,-0.518070,-0.000000,-0.855338),velocity=Vector3.new(0.000000, 0.000416, 0.000000),slideActive=false,wallhopFlick=false},
            {type="keyframe",time=0.034990,cframe=CFrame.new(-32.036705,-147.000000,52.496025,-0.855338,0.000000,0.518070,-0.000000,1.000000,-0.000000,-0.518070,-0.000000,-0.855338),velocity=Vector3.new(0.000000, 0.000416, 0.000000),slideActive=false,wallhopFlick=false},
            {type="keyframe",time=0.038775,cframe=CFrame.new(-32.036705,-147.000000,52.496025,-0.855338,0.000000,0.518070,-0.000000,1.000000,-0.000000,-0.518070,-0.000000,-0.855338),velocity=Vector3.new(0.000000, 0.000416, 0.000000),slideActive=false,wallhopFlick=false},
            {type="keyframe",time=0.043537,cframe=CFrame.new(-32.036705,-147.000000,52.496025,-0.855338,0.000000,0.518070,-0.000000,1.000000,-0.000000,-0.518070,-0.000000,-0.855338),velocity=Vector3.new(0.000000, 0.000416, 0.000000),slideActive=false,wallhopFlick=false},
            {type="keyframe",time=0.047893,cframe=CFrame.new(-32.036705,-147.000000,52.496025,-0.855338,0.000000,0.518070,-0.000000,1.000000,-0.000000,-0.518070,-0.000000,-0.855338),velocity=Vector3.new(0.000000, 0.000416, 0.000000),slideActive=false,wallhopFlick=false},
            {type="keyframe",time=0.052397,cframe=CFrame.new(-32.036705,-147.000000,52.496025,-0.855338,0.000000,0.518070,-0.000000,1.000000,-0.000000,-0.518070,-0.000000,-0.855338),velocity=Vector3.new(0.000000, 0.000416, 0.000000),slideActive=false,wallhopFlick=false},
            {type="keyframe",time=0.056425,cframe=CFrame.new(-32.036705,-147.000000,52.496025,-0.855338,0.000000,0.518070,-0.000000,1.000000,-0.000000,-0.518070,-0.000000,-0.855338),velocity=Vector3.new(0.000000, 0.000416, 0.000000),slideActive=false,wallhopFlick=false},
            {type="keyframe",time=0.061416,cframe=CFrame.new(-32.036705,-147.000000,52.496025,-0.855338,0.000000,0.518070,-0.000000,1.000000,-0.000000,-0.518070,-0.000000,-0.855338),velocity=Vector3.new(0.000000, 0.000416, 0.000000),slideActive=false,wallhopFlick=false},
            {type="keyframe",time=0.067150,cframe=CFrame.new(-32.036705,-147.000000,52.496025,-0.855338,0.000000,0.518070,-0.000000,1.000000,-0.000000,-0.518070,-0.000000,-0.855338),velocity=Vector3.new(0.000000, 0.000416, 0.000000),slideActive=false,wallhopFlick=false},
            {type="keyframe",time=0.071167,cframe=CFrame.new(-32.036705,-147.000000,52.496025,-0.855338,0.000000,0.518070,-0.000000,1.000000,-0.000000,-0.518070,-0.000000,-0.855338),velocity=Vector3.new(0.000000, 0.000416, 0.000000),slideActive=false,wallhopFlick=false},
            {type="keyframe",time=0.075337,cframe=CFrame.new(-32.036705,-147.000000,52.496025,-0.855338,0.000000,0.518070,-0.000000,1.000000,-0.000000,-0.518070,-0.000000,-0.855338),velocity=Vector3.new(0.000000, 0.000416, 0.000000),slideActive=false,wallhopFlick=false},
            {type="keyframe",time=0.079539,cframe=CFrame.new(-32.036705,-147.000000,52.496025,-0.855338,0.000000,0.518070,-0.000000,1.000000,-0.000000,-0.518070,-0.000000,-0.855338),velocity=Vector3.new(0.000000, 0.000416, 0.000000),slideActive=false,wallhopFlick=false},
            {type="keyframe",time=0.084582,cframe=CFrame.new(-32.036705,-147.000000,52.496025,-0.855338,0.000000,0.518070,-0.000000,1.000000,-0.000000,-0.518070,-0.000000,-0.855338),velocity=Vector3.new(0.000000, 0.000416, 0.000000),slideActive=false,wallhopFlick=false},
            {type="keyframe",time=0.088744,cframe=CFrame.new(-32.036705,-147.000000,52.496025,-0.855338,0.000000,0.518070,-0.000000,1.000000,-0.000000,-0.518070,-0.000000,-0.855338),velocity=Vector3.new(0.000000, 0.000416, 0.000000),slideActive=false,wallhopFlick=false},
            {type="keyframe",time=0.092810,cframe=CFrame.new(-32.036705,-147.000000,52.496025,-0.855338,0.000000,0.518070,-0.000000,1.000000,-0.000000,-0.518070,-0.000000,-0.855338),velocity=Vector3.new(0.000000, 0.000416, 0.000000),slideActive=false,wallhopFlick=false},
            {type="keyframe",time=0.098177,cframe=CFrame.new(-32.036705,-147.000000,52.496025,-0.855338,0.000000,0.518070,-0.000000,1.000000,-0.000000,-0.518070,-0.000000,-0.855338),velocity=Vector3.new(0.000000, 0.000416, 0.000000),slideActive=false,wallhopFlick=false},
            {type="keyframe",time=0.102130,cframe=CFrame.new(-32.036705,-147.000000,52.496025,-0.855338,0.000000,0.518070,-0.000000,1.000000,-0.000000,-0.518070,-0.000000,-0.855338),velocity=Vector3.new(0.000000, 0.000416, 0.000000),slideActive=false,wallhopFlick=false},
            {type="keyframe",time=0.106383,cframe=CFrame.new(-32.036705,-147.000000,52.496025,-0.855338,0.000000,0.518070,-0.000000,1.000000,-0.000000,-0.518070,-0.000000,-0.855338),velocity=Vector3.new(0.000000, 0.000416, 0.000000),slideActive=false,wallhopFlick=false},
            {type="keyframe",time=0.110984,cframe=CFrame.new(-32.036705,-147.000000,52.496025,-0.855338,0.000000,0.518070,-0.000000,1.000000,-0.000000,-0.518070,-0.000000,-0.855338),velocity=Vector3.new(0.000000, 0.000416, 0.000000),slideActive=false,wallhopFlick=false},
            {type="keyframe",time=0.116068,cframe=CFrame.new(-32.036705,-147.000000,52.496025,-0.855338,0.000000,0.518070,-0.000000,1.000000,-0.000000,-0.518070,-0.000000,-0.855338),velocity=Vector3.new(0.000000, 0.000416, 0.000000),slideActive=false,wallhopFlick=false},
            {type="keyframe",time=0.120058,cframe=CFrame.new(-32.036705,-147.000000,52.496025,-0.855338,0.000000,0.518070,-0.000000,1.000000,-0.000000,-0.518070,-0.000000,-0.855338),velocity=Vector3.new(0.000000, 0.000416, 0.000000),slideActive=false,wallhopFlick=false},
            {type="keyframe",time=0.124696,cframe=CFrame.new(-32.036705,-147.000000,52.496025,-0.855338,0.000000,0.518070,-0.000000,1.000000,-0.000000,-0.518070,-0.000000,-0.855338),velocity=Vector3.new(0.000000, 0.000416, 0.000000),slideActive=false,wallhopFlick=false},
            {type="keyframe",time=0.128685,cframe=CFrame.new(-32.036705,-147.000000,52.496025,-0.855338,-0.000000,0.518070,0.000000,1.000000,0.000000,-0.518070,0.000000,-0.855338),velocity=Vector3.new(0.000000, 0.000416, 0.000000),slideActive=false,wallhopFlick=false},
            {type="keyframe",time=0.133946,cframe=CFrame.new(-32.036705,-147.000000,52.496025,-0.855338,-0.000000,0.518070,0.000000,1.000000,0.000000,-0.518070,0.000000,-0.855338),velocity=Vector3.new(0.000000, 0.000416, 0.000000),slideActive=false,wallhopFlick=false},
            {type="input",time=0.134829,key="W",state=true},
            {type="keyframe",time=0.137927,cframe=CFrame.new(-32.036705,-147.000000,52.496025,-0.855338,-0.000000,0.518070,0.000000,1.000000,0.000000,-0.518070,0.000000,-0.855338),velocity=Vector3.new(0.000000, 0.000416, 0.000000),slideActive=false,wallhopFlick=false},
            {type="keyframe",time=0.142158,cframe=CFrame.new(-32.036705,-147.000000,52.496025,-0.855338,-0.000000,0.518070,0.000000,1.000000,0.000000,-0.518070,0.000000,-0.855338),velocity=Vector3.new(0.000000, 0.000416, 0.000000),slideActive=false,wallhopFlick=false},
            {type="keyframe",time=0.147559,cframe=CFrame.new(-31.989054,-147.000000,52.467003,-0.806850,-0.000000,0.590756,0.000000,1.000000,0.000000,-0.590756,0.000000,-0.806850),velocity=Vector3.new(5.718212, 0.000416, -3.482735),slideActive=false,wallhopFlick=false},
            {type="keyframe",time=0.151529,cframe=CFrame.new(-31.989054,-147.000000,52.467003,-0.806850,-0.000000,0.590756,0.000000,1.000000,0.000000,-0.590756,0.000000,-0.806850),velocity=Vector3.new(5.718212, 0.000416, -3.482735),slideActive=false,wallhopFlick=false},
            {type="keyframe",time=0.155386,cframe=CFrame.new(-31.893751,-147.000000,52.408958,-0.745792,-0.000000,0.666179,0.000000,1.000000,0.000000,-0.666179,0.000000,-0.745792),velocity=Vector3.new(11.436422, 0.000416, -6.965471),slideActive=false,wallhopFlick=false},
            {type="keyframe",time=0.159874,cframe=CFrame.new(-31.893751,-147.000000,52.408958,-0.745792,-0.000000,0.666179,0.000000,1.000000,0.000000,-0.666179,0.000000,-0.745792),velocity=Vector3.new(11.436422, 0.000416, -6.965471),slideActive=false,wallhopFlick=false},
            {type="keyframe",time=0.164956,cframe=CFrame.new(-31.760113,-147.000000,52.327564,-0.680490,-0.000000,0.732758,0.000000,1.000000,0.000000,-0.732758,0.000000,-0.680490),velocity=Vector3.new(16.036575, 0.000416, -9.767242),slideActive=false,wallhopFlick=false},
            {type="keyframe",time=0.169007,cframe=CFrame.new(-31.760113,-147.000000,52.327564,-0.680490,-0.000000,0.732758,0.000000,1.000000,0.000000,-0.732758,0.000000,-0.680490),velocity=Vector3.new(16.036575, 0.000416, -9.767242),slideActive=false,wallhopFlick=false},
            {type="keyframe",time=0.172984,cframe=CFrame.new(-31.618994,-147.000000,52.241615,-0.613867,-0.000000,0.789409,0.000000,1.000000,0.000000,-0.789409,0.000000,-0.613867),velocity=Vector3.new(16.934301, 0.000416, -10.314014),slideActive=false,wallhopFlick=false},
            {type="keyframe",time=0.177648,cframe=CFrame.new(-31.618994,-147.000000,52.241615,-0.613867,-0.000000,0.789409,0.000000,1.000000,0.000000,-0.789409,0.000000,-0.613867),velocity=Vector3.new(16.934301, 0.000416, -10.314014),slideActive=false,wallhopFlick=false},
            {type="keyframe",time=0.182910,cframe=CFrame.new(-31.476822,-147.000000,52.155025,-0.547435,-0.000000,0.836848,0.000000,1.000000,0.000000,-0.836848,0.000000,-0.547435),velocity=Vector3.new(17.060545, 0.000416, -10.390903),slideActive=false,wallhopFlick=false},
            {type="keyframe",time=0.187964,cframe=CFrame.new(-31.334503,-147.000000,52.068344,-0.482185,-0.000000,0.876069,0.000000,1.000000,0.000000,-0.876069,0.000000,-0.482185),velocity=Vector3.new(17.078299, 0.000416, -10.401715),slideActive=false,wallhopFlick=false},
            {type="keyframe",time=0.191369,cframe=CFrame.new(-31.334503,-147.000000,52.068344,-0.482185,-0.000000,0.876069,0.000000,1.000000,0.000000,-0.876069,0.000000,-0.482185),velocity=Vector3.new(17.078299, 0.000416, -10.401715),slideActive=false,wallhopFlick=false},
            {type="keyframe",time=0.196480,cframe=CFrame.new(-31.192163,-147.000000,51.981651,-0.418818,-0.000000,0.908070,0.000000,1.000000,0.000000,-0.908070,0.000000,-0.418818),velocity=Vector3.new(17.080795, 0.000416, -10.403234),slideActive=false,wallhopFlick=false},
            {type="keyframe",time=0.200930,cframe=CFrame.new(-31.192163,-147.000000,51.981651,-0.418818,-0.000000,0.908070,0.000000,1.000000,0.000000,-0.908070,0.000000,-0.418818),velocity=Vector3.new(17.080795, 0.000416, -10.403234),slideActive=false,wallhopFlick=false},
            {type="keyframe",time=0.204913,cframe=CFrame.new(-31.050093,-147.000000,51.894512,-0.357639,-0.000000,0.933860,0.000000,1.000000,0.000000,-0.933860,0.000000,-0.357639),velocity=Vector3.new(17.048594, 0.000416, -10.456680),slideActive=false,wallhopFlick=false},
            {type="keyframe",time=0.209327,cframe=CFrame.new(-31.050093,-147.000000,51.894512,-0.357639,-0.000000,0.933860,0.000000,1.000000,0.000000,-0.933860,0.000000,-0.357639),velocity=Vector3.new(17.048594, 0.000416, -10.456680),slideActive=false,wallhopFlick=false},
            {type="keyframe",time=0.214604,cframe=CFrame.new(-30.908058,-147.000000,51.807312,-0.299136,-0.000000,0.954211,0.000000,1.000000,0.000000,-0.954211,0.000000,-0.299136),velocity=Vector3.new(17.044062, 0.000416, -10.464192),slideActive=false,wallhopFlick=false},
            {type="keyframe",time=0.218383,cframe=CFrame.new(-30.908058,-147.000000,51.807312,-0.299136,-0.000000,0.954211,0.000000,1.000000,0.000000,-0.954211,0.000000,-0.299136),velocity=Vector3.new(17.044062, 0.000416, -10.464192),slideActive=false,wallhopFlick=false},
            {type="keyframe",time=0.222650,cframe=CFrame.new(-30.765221,-147.000000,51.721436,-0.244130,-0.000000,0.969743,0.000000,1.000000,0.000000,-0.969743,0.000000,-0.244130),velocity=Vector3.new(17.140509, 0.000416, -10.305203),slideActive=false,wallhopFlick=false},
            {type="keyframe",time=0.227034,cframe=CFrame.new(-30.765221,-147.000000,51.721436,-0.244130,-0.000000,0.969743,0.000000,1.000000,0.000000,-0.969743,0.000000,-0.244130),velocity=Vector3.new(17.140509, 0.000416, -10.305203),slideActive=false,wallhopFlick=false},
            {type="keyframe",time=0.232214,cframe=CFrame.new(-30.620440,-147.000000,51.638889,-0.193611,-0.000000,0.981078,0.000000,1.000000,0.000000,-0.981078,0.000000,-0.193611),velocity=Vector3.new(17.373770, 0.000416, -9.905366),slideActive=false,wallhopFlick=false},
            {type="keyframe",time=0.235989,cframe=CFrame.new(-30.475386,-147.000000,51.556812,-0.146305,0.000000,0.989240,-0.000000,1.000000,-0.000000,-0.989240,-0.000000,-0.146305),velocity=Vector3.new(17.406572, 0.000416, -9.849139),slideActive=false,wallhopFlick=false},
            {type="keyframe",time=0.240307,cframe=CFrame.new(-30.475386,-147.000000,51.556812,-0.146305,0.000000,0.989240,-0.000000,1.000000,-0.000000,-0.989240,-0.000000,-0.146305),velocity=Vector3.new(17.406572, 0.000416, -9.849139),slideActive=false,wallhopFlick=false},
            {type="keyframe",time=0.244851,cframe=CFrame.new(-30.329035,-147.000000,51.477077,-0.102943,0.000000,0.994687,-0.000000,1.000000,-0.000000,-0.994687,-0.000000,-0.102943),velocity=Vector3.new(17.562201, 0.000416, -9.568251),slideActive=false,wallhopFlick=false},
            {type="keyframe",time=0.250017,cframe=CFrame.new(-30.329035,-147.000000,51.477077,-0.102943,0.000000,0.994687,-0.000000,1.000000,-0.000000,-0.994687,-0.000000,-0.102943),velocity=Vector3.new(17.562201, 0.000416, -9.568251),slideActive=false,wallhopFlick=false},
            {type="keyframe",time=0.253702,cframe=CFrame.new(-30.181284,-147.000000,51.399967,-0.063528,0.000000,0.997980,-0.000000,1.000000,-0.000000,-0.997980,-0.000000,-0.063528),velocity=Vector3.new(17.730125, 0.000416, -9.253068),slideActive=false,wallhopFlick=false},
            {type="keyframe",time=0.258212,cframe=CFrame.new(-30.181284,-147.000000,51.399967,-0.063528,0.000000,0.997980,-0.000000,1.000000,-0.000000,-0.997980,-0.000000,-0.063528),velocity=Vector3.new(17.730125, 0.000416, -9.253068),slideActive=false,wallhopFlick=false},
            {type="keyframe",time=0.262555,cframe=CFrame.new(-30.032162,-147.000000,51.325546,-0.027908,0.000000,0.999610,-0.000000,1.000000,-0.000000,-0.999610,-0.000000,-0.027908),velocity=Vector3.new(17.894747, 0.000416, -8.930461),slideActive=false,wallhopFlick=false},
            {type="keyframe",time=0.267574,cframe=CFrame.new(-30.032162,-147.000000,51.325546,-0.027908,0.000000,0.999610,-0.000000,1.000000,-0.000000,-0.999610,-0.000000,-0.027908),velocity=Vector3.new(17.894747, 0.000416, -8.930461),slideActive=false,wallhopFlick=false},
            {type="keyframe",time=0.271566,cframe=CFrame.new(-29.880409,-147.000000,51.256680,0.002900,0.000000,0.999996,-0.000000,1.000000,-0.000000,-0.999996,-0.000000,0.002900),velocity=Vector3.new(18.210199, 0.000416, -8.264149),slideActive=false,wallhopFlick=false},
            {type="keyframe",time=0.276179,cframe=CFrame.new(-29.880409,-147.000000,51.256680,0.002900,0.000000,0.999996,-0.000000,1.000000,-0.000000,-0.999996,-0.000000,0.002900),velocity=Vector3.new(18.210199, 0.000416, -8.264149),slideActive=false,wallhopFlick=false},
            {type="keyframe",time=0.281342,cframe=CFrame.new(-29.727249,-147.000000,51.190975,0.030181,0.000000,0.999544,-0.000000,1.000000,-0.000000,-0.999544,-0.000000,0.030181),velocity=Vector3.new(18.379183, 0.000416, -7.884447),slideActive=false,wallhopFlick=false},
            {type="keyframe",time=0.285247,cframe=CFrame.new(-29.727249,-147.000000,51.190975,0.030181,0.000000,0.999544,-0.000000,1.000000,-0.000000,-0.999544,-0.000000,0.030181),velocity=Vector3.new(18.379183, 0.000416, -7.884447),slideActive=false,wallhopFlick=false},
            {type="keyframe",time=0.289422,cframe=CFrame.new(-29.572897,-147.000000,51.128117,0.054334,0.000000,0.998523,-0.000000,1.000000,-0.000000,-0.998523,-0.000000,0.054334),velocity=Vector3.new(18.522350, 0.000416, -7.542834),slideActive=false,wallhopFlick=false},
            {type="keyframe",time=0.294025,cframe=CFrame.new(-29.572897,-147.000000,51.128117,0.054334,0.000000,0.998523,-0.000000,1.000000,-0.000000,-0.998523,-0.000000,0.054334),velocity=Vector3.new(18.522350, 0.000416, -7.542834),slideActive=false,wallhopFlick=false},
            {type="keyframe",time=0.298971,cframe=CFrame.new(-29.417801,-147.000000,51.067108,0.075998,0.000000,0.997108,-0.000000,1.000000,-0.000000,-0.997108,-0.000000,0.075998),velocity=Vector3.new(18.611607, 0.000416, -7.320842),slideActive=false,wallhopFlick=false},
            {type="keyframe",time=0.303132,cframe=CFrame.new(-29.262600,-147.000000,51.006363,0.096017,0.000000,0.995380,-0.000000,1.000000,-0.000000,-0.995380,-0.000000,0.096017),velocity=Vector3.new(18.624159, 0.000416, -7.289624),slideActive=false,wallhopFlick=false},
            {type="keyframe",time=0.307448,cframe=CFrame.new(-29.262600,-147.000000,51.006363,0.096017,0.000000,0.995380,-0.000000,1.000000,-0.000000,-0.995380,-0.000000,0.096017),velocity=Vector3.new(18.624159, 0.000416, -7.289624),slideActive=false,wallhopFlick=false},
            {type="keyframe",time=0.311853,cframe=CFrame.new(-29.106823,-147.000000,50.947109,0.114021,0.000000,0.993478,-0.000000,1.000000,-0.000000,-0.993478,-0.000000,0.114021),velocity=Vector3.new(18.693153, 0.000416, -7.110535),slideActive=false,wallhopFlick=false},
            {type="keyframe",time=0.317157,cframe=CFrame.new(-29.106823,-147.000000,50.947109,0.114021,0.000000,0.993478,-0.000000,1.000000,-0.000000,-0.993478,-0.000000,0.114021),velocity=Vector3.new(18.693153, 0.000416, -7.110535),slideActive=false,wallhopFlick=false},
            {type="keyframe",time=0.321123,cframe=CFrame.new(-28.950966,-147.000000,50.888065,0.130662,0.000000,0.991427,-0.000000,1.000000,-0.000000,-0.991427,-0.000000,0.130662),velocity=Vector3.new(18.702856, 0.000416, -7.085351),slideActive=false,wallhopFlick=false},
            {type="keyframe",time=0.325478,cframe=CFrame.new(-28.950966,-147.000000,50.888065,0.130662,0.000000,0.991427,-0.000000,1.000000,-0.000000,-0.991427,-0.000000,0.130662),velocity=Vector3.new(18.702856, 0.000416, -7.085351),slideActive=false,wallhopFlick=false},
            {type="keyframe",time=0.329977,cframe=CFrame.new(-28.795097,-147.000000,50.829052,0.146125,0.000000,0.989266,-0.000000,1.000000,-0.000000,-0.989266,-0.000000,0.146125),velocity=Vector3.new(18.704218, 0.000416, -7.081811),slideActive=false,wallhopFlick=false},
            {type="keyframe",time=0.334378,cframe=CFrame.new(-28.795097,-147.000000,50.829052,0.146125,0.000000,0.989266,-0.000000,1.000000,-0.000000,-0.989266,-0.000000,0.146125),velocity=Vector3.new(18.704218, 0.000416, -7.081811),slideActive=false,wallhopFlick=false},
            {type="keyframe",time=0.338678,cframe=CFrame.new(-28.639227,-147.000000,50.770042,0.160507,0.000000,0.987035,-0.000000,1.000000,-0.000000,-0.987035,-0.000000,0.160507),velocity=Vector3.new(18.704411, 0.000416, -7.081314),slideActive=false,wallhopFlick=false},
            {type="keyframe",time=0.343100,cframe=CFrame.new(-28.639227,-147.000000,50.770042,0.160507,0.000000,0.987035,-0.000000,1.000000,-0.000000,-0.987035,-0.000000,0.160507),velocity=Vector3.new(18.704411, 0.000416, -7.081314),slideActive=false,wallhopFlick=false},
            {type="keyframe",time=0.348392,cframe=CFrame.new(-28.483356,-147.000000,50.711033,0.173886,0.000000,0.984766,-0.000000,1.000000,-0.000000,-0.984766,-0.000000,0.173886),velocity=Vector3.new(18.704437, 0.000416, -7.081243),slideActive=false,wallhopFlick=false},
            {type="keyframe",time=0.352191,cframe=CFrame.new(-28.483356,-147.000000,50.711033,0.173886,0.000000,0.984766,-0.000000,1.000000,-0.000000,-0.984766,-0.000000,0.173886),velocity=Vector3.new(18.704437, 0.000416, -7.081243),slideActive=false,wallhopFlick=false},
            {type="keyframe",time=0.356306,cframe=CFrame.new(-28.327486,-147.000000,50.652023,0.186331,0.000000,0.982487,-0.000000,1.000000,-0.000000,-0.982487,-0.000000,0.186331),velocity=Vector3.new(18.704441, 0.000416, -7.081234),slideActive=false,wallhopFlick=false},
            {type="keyframe",time=0.360832,cframe=CFrame.new(-28.327486,-147.000000,50.652023,0.186331,0.000000,0.982487,-0.000000,1.000000,-0.000000,-0.982487,-0.000000,0.186331),velocity=Vector3.new(18.704441, 0.000416, -7.081234),slideActive=false,wallhopFlick=false},
            {type="keyframe",time=0.365728,cframe=CFrame.new(-28.171616,-147.000000,50.593014,0.197908,-0.000000,0.980220,0.000000,1.000000,0.000000,-0.980220,0.000000,0.197908),velocity=Vector3.new(18.704441, 0.000416, -7.081233),slideActive=false,wallhopFlick=false},
            {type="keyframe",time=0.369654,cframe=CFrame.new(-28.015745,-147.000000,50.534004,0.208678,-0.000000,0.977984,0.000000,1.000000,0.000000,-0.977984,0.000000,0.208678),velocity=Vector3.new(18.704441, 0.000416, -7.081233),slideActive=false,wallhopFlick=false},
            {type="keyframe",time=0.373793,cframe=CFrame.new(-28.015745,-147.000000,50.534004,0.208678,-0.000000,0.977984,0.000000,1.000000,0.000000,-0.977984,0.000000,0.208678),velocity=Vector3.new(18.704441, 0.000416, -7.081233),slideActive=false,wallhopFlick=false},
            {type="keyframe",time=0.378306,cframe=CFrame.new(-27.859875,-147.000000,50.474995,0.218697,-0.000000,0.975793,0.000000,1.000000,0.000000,-0.975793,0.000000,0.218697),velocity=Vector3.new(18.704443, 0.000416, -7.081232),slideActive=false,wallhopFlick=false},
            {type="keyframe",time=0.383447,cframe=CFrame.new(-27.859875,-147.000000,50.474995,0.218697,-0.000000,0.975793,0.000000,1.000000,0.000000,-0.975793,0.000000,0.218697),velocity=Vector3.new(18.704443, 0.000416, -7.081232),slideActive=false,wallhopFlick=false},
            {type="keyframe",time=0.387196,cframe=CFrame.new(-27.704004,-147.000000,50.415985,0.228017,-0.000000,0.973657,0.000000,1.000000,0.000000,-0.973657,0.000000,0.228017),velocity=Vector3.new(18.704441, 0.000416, -7.081232),slideActive=false,wallhopFlick=false},
            {type="keyframe",time=0.392587,cframe=CFrame.new(-27.704004,-147.000000,50.415985,0.228017,-0.000000,0.973657,0.000000,1.000000,0.000000,-0.973657,0.000000,0.228017),velocity=Vector3.new(18.704441, 0.000416, -7.081232),slideActive=false,wallhopFlick=false},
            {type="keyframe",time=0.395896,cframe=CFrame.new(-27.548134,-147.000000,50.356976,0.236688,-0.000000,0.971586,0.000000,1.000000,0.000000,-0.971586,0.000000,0.236688),velocity=Vector3.new(18.704441, 0.000416, -7.081233),slideActive=false,wallhopFlick=false},
            {type="keyframe",time=0.401051,cframe=CFrame.new(-27.548134,-147.000000,50.356976,0.236688,-0.000000,0.971586,0.000000,1.000000,0.000000,-0.971586,0.000000,0.236688),velocity=Vector3.new(18.704441, 0.000416, -7.081233),slideActive=false,wallhopFlick=false},
            {type="keyframe",time=0.404836,cframe=CFrame.new(-27.391899,-147.000000,50.298939,0.244366,-0.000000,0.969683,0.000000,1.000000,0.000000,-0.969683,0.000000,0.244366),velocity=Vector3.new(18.748199, 0.000416, -6.964369),slideActive=false,wallhopFlick=false},
            {type="keyframe",time=0.409156,cframe=CFrame.new(-27.391899,-147.000000,50.298939,0.244366,-0.000000,0.969683,0.000000,1.000000,0.000000,-0.969683,0.000000,0.244366),velocity=Vector3.new(18.748199, 0.000416, -6.964369),slideActive=false,wallhopFlick=false},
            {type="keyframe",time=0.413861,cframe=CFrame.new(-27.235434,-147.000000,50.241528,0.251245,-0.000000,0.967923,0.000000,1.000000,0.000000,-0.967923,0.000000,0.251245),velocity=Vector3.new(18.775919, 0.000416, -6.889381),slideActive=false,wallhopFlick=false},
            {type="keyframe",time=0.418226,cframe=CFrame.new(-27.235434,-147.000000,50.241528,0.251245,-0.000000,0.967923,0.000000,1.000000,0.000000,-0.967923,0.000000,0.251245),velocity=Vector3.new(18.775919, 0.000416, -6.889381),slideActive=false,wallhopFlick=false},
            {type="keyframe",time=0.422369,cframe=CFrame.new(-27.078936,-147.000000,50.184204,0.257601,-0.000000,0.966251,0.000000,1.000000,0.000000,-0.966251,0.000000,0.257601),velocity=Vector3.new(18.779816, 0.000416, -6.878835),slideActive=false,wallhopFlick=false},
            {type="keyframe",time=0.426534,cframe=CFrame.new(-27.078936,-147.000000,50.184204,0.257601,-0.000000,0.966251,0.000000,1.000000,0.000000,-0.966251,0.000000,0.257601),velocity=Vector3.new(18.779816, 0.000416, -6.878835),slideActive=false,wallhopFlick=false},
            {type="keyframe",time=0.431661,cframe=CFrame.new(-26.922432,-147.000000,50.126892,0.263509,-0.000000,0.964657,0.000000,1.000000,0.000000,-0.964657,0.000000,0.263509),velocity=Vector3.new(18.780363, 0.000416, -6.877350),slideActive=false,wallhopFlick=false},
            {type="keyframe",time=0.435292,cframe=CFrame.new(-26.922432,-147.000000,50.126892,0.263509,-0.000000,0.964657,0.000000,1.000000,0.000000,-0.964657,0.000000,0.263509),velocity=Vector3.new(18.780363, 0.000416, -6.877350),slideActive=false,wallhopFlick=false},
            {type="keyframe",time=0.439615,cframe=CFrame.new(-26.766108,-147.000000,50.069096,0.269201,-0.000000,0.963084,0.000000,1.000000,0.000000,-0.963084,0.000000,0.269201),velocity=Vector3.new(18.758879, 0.000416, -6.935691),slideActive=false,wallhopFlick=false},
            {type="keyframe",time=0.444068,cframe=CFrame.new(-26.766108,-147.000000,50.069096,0.269201,-0.000000,0.963084,0.000000,1.000000,0.000000,-0.963084,0.000000,0.269201),velocity=Vector3.new(18.758879, 0.000416, -6.935691),slideActive=false,wallhopFlick=false},
            {type="keyframe",time=0.449056,cframe=CFrame.new(-26.609991,-147.000000,50.010742,0.274729,-0.000000,0.961522,0.000000,1.000000,0.000000,-0.961522,0.000000,0.274729),velocity=Vector3.new(18.734085, 0.000416, -7.002367),slideActive=false,wallhopFlick=false},
            {type="keyframe",time=0.456977,cframe=CFrame.new(-26.453903,-147.000000,49.952312,0.279914,-0.000000,0.960025,0.000000,1.000000,0.000000,-0.960025,0.000000,0.279914),velocity=Vector3.new(18.730598, 0.000416, -7.011743),slideActive=false,wallhopFlick=false},
            {type="keyframe",time=0.461820,cframe=CFrame.new(-26.453903,-147.000000,49.952312,0.279914,-0.000000,0.960025,0.000000,1.000000,0.000000,-0.960025,0.000000,0.279914),velocity=Vector3.new(18.730598, 0.000416, -7.011743),slideActive=false,wallhopFlick=false},
            {type="keyframe",time=0.466482,cframe=CFrame.new(-26.298374,-147.000000,49.892414,0.285330,-0.000000,0.958429,0.000000,1.000000,0.000000,-0.958429,0.000000,0.285330),velocity=Vector3.new(18.663515, 0.000416, -7.187998),slideActive=false,wallhopFlick=false},
            {type="keyframe",time=0.470372,cframe=CFrame.new(-26.142923,-147.000000,49.832306,0.290475,0.000000,0.956883,-0.000000,1.000000,-0.000000,-0.956883,-0.000000,0.290475),velocity=Vector3.new(18.654081, 0.000416, -7.212784),slideActive=false,wallhopFlick=false},
            {type="keyframe",time=0.474483,cframe=CFrame.new(-26.142923,-147.000000,49.832306,0.290475,0.000000,0.956883,-0.000000,1.000000,-0.000000,-0.956883,-0.000000,0.290475),velocity=Vector3.new(18.654081, 0.000416, -7.212784),slideActive=false,wallhopFlick=false},
            {type="keyframe",time=0.478943,cframe=CFrame.new(-25.988054,-147.000000,49.770718,0.295862,0.000000,0.955231,-0.000000,1.000000,-0.000000,-0.955231,-0.000000,0.295862),velocity=Vector3.new(18.584263, 0.000416, -7.390472),slideActive=false,wallhopFlick=false},
            {type="keyframe",time=0.483934,cframe=CFrame.new(-25.988054,-147.000000,49.770718,0.295862,0.000000,0.955231,-0.000000,1.000000,-0.000000,-0.955231,-0.000000,0.295862),velocity=Vector3.new(18.584263, 0.000416, -7.390472),slideActive=false,wallhopFlick=false},
            {type="keyframe",time=0.487835,cframe=CFrame.new(-25.833462,-147.000000,49.708439,0.301174,0.000000,0.953569,-0.000000,1.000000,-0.000000,-0.953569,-0.000000,0.301174),velocity=Vector3.new(18.551195, 0.000416, -7.473359),slideActive=false,wallhopFlick=false},
            {type="keyframe",time=0.492099,cframe=CFrame.new(-25.833462,-147.000000,49.708439,0.301174,0.000000,0.953569,-0.000000,1.000000,-0.000000,-0.953569,-0.000000,0.301174),velocity=Vector3.new(18.551195, 0.000416, -7.473359),slideActive=false,wallhopFlick=false},
            {type="keyframe",time=0.496975,cframe=CFrame.new(-25.679102,-147.000000,49.645580,0.306364,0.000000,0.951914,-0.000000,1.000000,-0.000000,-0.951914,-0.000000,0.306364),velocity=Vector3.new(18.523079, 0.000416, -7.542832),slideActive=false,wallhopFlick=false},
            {type="keyframe",time=0.501406,cframe=CFrame.new(-25.679102,-147.000000,49.645580,0.306364,0.000000,0.951914,-0.000000,1.000000,-0.000000,-0.951914,-0.000000,0.306364),velocity=Vector3.new(18.523079, 0.000416, -7.542832),slideActive=false,wallhopFlick=false},
            {type="keyframe",time=0.505585,cframe=CFrame.new(-25.524973,-147.000000,49.582161,0.311430,0.000000,0.950269,-0.000000,1.000000,-0.000000,-0.950269,-0.000000,0.311430),velocity=Vector3.new(18.495453, 0.000416, -7.610335),slideActive=false,wallhopFlick=false},
            {type="keyframe",time=0.509829,cframe=CFrame.new(-25.524973,-147.000000,49.582161,0.311430,0.000000,0.950269,-0.000000,1.000000,-0.000000,-0.950269,-0.000000,0.311430),velocity=Vector3.new(18.495453, 0.000416, -7.610335),slideActive=false,wallhopFlick=false},
            {type="keyframe",time=0.514954,cframe=CFrame.new(-25.371075,-147.000000,49.518181,0.316379,0.000000,0.948633,-0.000000,1.000000,-0.000000,-0.948633,-0.000000,0.316379),velocity=Vector3.new(18.467684, 0.000416, -7.677469),slideActive=false,wallhopFlick=false},
            {type="keyframe",time=0.518814,cframe=CFrame.new(-25.371075,-147.000000,49.518181,0.316379,0.000000,0.948633,-0.000000,1.000000,-0.000000,-0.948633,-0.000000,0.316379),velocity=Vector3.new(18.467684, 0.000416, -7.677469),slideActive=false,wallhopFlick=false},
            {type="keyframe",time=0.522951,cframe=CFrame.new(-25.217411,-147.000000,49.453644,0.321218,0.000000,0.947005,-0.000000,1.000000,-0.000000,-0.947005,-0.000000,0.321218),velocity=Vector3.new(18.439692, 0.000416, -7.744465),slideActive=false,wallhopFlick=false},
            {type="keyframe",time=0.527409,cframe=CFrame.new(-25.217411,-147.000000,49.453644,0.321218,0.000000,0.947005,-0.000000,1.000000,-0.000000,-0.947005,-0.000000,0.321218),velocity=Vector3.new(18.439692, 0.000416, -7.744465),slideActive=false,wallhopFlick=false},
            {type="keyframe",time=0.532480,cframe=CFrame.new(-25.063982,-147.000000,49.388550,0.325955,0.000000,0.945385,-0.000000,1.000000,-0.000000,-0.945385,-0.000000,0.325955),velocity=Vector3.new(18.411457, 0.000416, -7.811354),slideActive=false,wallhopFlick=false},
            {type="keyframe",time=0.536268,cframe=CFrame.new(-24.910791,-147.000000,49.322899,0.330595,0.000000,0.943773,-0.000000,1.000000,-0.000000,-0.943773,-0.000000,0.330595),velocity=Vector3.new(18.382980, 0.000416, -7.878139),slideActive=false,wallhopFlick=false},
            {type="keyframe",time=0.540520,cframe=CFrame.new(-24.910791,-147.000000,49.322899,0.330595,0.000000,0.943773,-0.000000,1.000000,-0.000000,-0.943773,-0.000000,0.330595),velocity=Vector3.new(18.382980, 0.000416, -7.878139),slideActive=false,wallhopFlick=false},
            {type="keyframe",time=0.544919,cframe=CFrame.new(-24.757633,-147.000000,49.257168,0.334956,0.000000,0.942234,-0.000000,1.000000,-0.000000,-0.942234,-0.000000,0.334956),velocity=Vector3.new(18.378975, 0.000416, -7.887532),slideActive=false,wallhopFlick=false},
            {type="keyframe",time=0.550041,cframe=CFrame.new(-24.757633,-147.000000,49.257168,0.334956,0.000000,0.942234,-0.000000,1.000000,-0.000000,-0.942234,-0.000000,0.334956),velocity=Vector3.new(18.378975, 0.000416, -7.887532),slideActive=false,wallhopFlick=false},
            {type="keyframe",time=0.553740,cframe=CFrame.new(-24.604685,-147.000000,49.190948,0.339213,0.000000,0.940710,-0.000000,1.000000,-0.000000,-0.940710,-0.000000,0.339213),velocity=Vector3.new(18.353695, 0.000416, -7.946142),slideActive=false,wallhopFlick=false},
            {type="keyframe",time=0.558022,cframe=CFrame.new(-24.604685,-147.000000,49.190948,0.339213,0.000000,0.940710,-0.000000,1.000000,-0.000000,-0.940710,-0.000000,0.339213),velocity=Vector3.new(18.353695, 0.000416, -7.946142),slideActive=false,wallhopFlick=false},
            {type="keyframe",time=0.562446,cframe=CFrame.new(-24.451975,-147.000000,49.124184,0.343400,0.000000,0.939189,-0.000000,1.000000,-0.000000,-0.939189,-0.000000,0.343400),velocity=Vector3.new(18.325216, 0.000416, -8.011586),slideActive=false,wallhopFlick=false},
            {type="keyframe",time=0.567410,cframe=CFrame.new(-24.451975,-147.000000,49.124184,0.343400,0.000000,0.939189,-0.000000,1.000000,-0.000000,-0.939189,-0.000000,0.343400),velocity=Vector3.new(18.325216, 0.000416, -8.011586),slideActive=false,wallhopFlick=false},
            {type="keyframe",time=0.571297,cframe=CFrame.new(-24.299297,-147.000000,49.057343,0.347338,0.000000,0.937740,-0.000000,1.000000,-0.000000,-0.937740,-0.000000,0.347338),velocity=Vector3.new(18.321213, 0.000416, -8.020789),slideActive=false,wallhopFlick=false},
            {type="keyframe",time=0.575713,cframe=CFrame.new(-24.299297,-147.000000,49.057343,0.347338,0.000000,0.937740,-0.000000,1.000000,-0.000000,-0.937740,-0.000000,0.347338),velocity=Vector3.new(18.321213, 0.000416, -8.020789),slideActive=false,wallhopFlick=false},
            {type="keyframe",time=0.580088,cframe=CFrame.new(-24.146835,-147.000000,48.990017,0.351200,0.000000,0.936301,0.000000,1.000000,-0.000000,-0.936301,0.000000,0.351200),velocity=Vector3.new(18.295517, 0.000416, -8.079196),slideActive=false,wallhopFlick=false},
            {type="keyframe",time=0.584728,cframe=CFrame.new(-24.146835,-147.000000,48.990017,0.351200,0.000000,0.936301,0.000000,1.000000,-0.000000,-0.936301,0.000000,0.351200),velocity=Vector3.new(18.295517, 0.000416, -8.079196),slideActive=false,wallhopFlick=false},
            {type="keyframe",time=0.588857,cframe=CFrame.new(-23.994614,-147.000000,48.922146,0.355019,-0.000000,0.934859,0.000000,1.000000,0.000000,-0.934859,0.000000,0.355019),velocity=Vector3.new(18.266562, 0.000416, -8.144427),slideActive=false,wallhopFlick=false},
            {type="keyframe",time=0.594390,cframe=CFrame.new(-23.994614,-147.000000,48.922146,0.355019,-0.000000,0.934859,0.000000,1.000000,0.000000,-0.934859,0.000000,0.355019),velocity=Vector3.new(18.266562, 0.000416, -8.144427),slideActive=false,wallhopFlick=false},
            {type="keyframe",time=0.602394,cframe=CFrame.new(-23.842640,-147.000000,48.853725,0.358802,-0.000000,0.933414,0.000000,1.000000,0.000000,-0.933414,0.000000,0.358802),velocity=Vector3.new(18.236948, 0.000416, -8.210526),slideActive=false,wallhopFlick=false},
            {type="keyframe",time=0.606116,cframe=CFrame.new(-23.690914,-147.000000,48.784752,0.362553,-0.000000,0.931963,0.000000,1.000000,0.000000,-0.931963,0.000000,0.362553),velocity=Vector3.new(18.207029, 0.000416, -8.276657),slideActive=false,wallhopFlick=false},
            {type="keyframe",time=0.610431,cframe=CFrame.new(-23.690914,-147.000000,48.784752,0.362553,-0.000000,0.931963,0.000000,1.000000,0.000000,-0.931963,0.000000,0.362553),velocity=Vector3.new(18.207029, 0.000416, -8.276657),slideActive=false,wallhopFlick=false},
            {type="keyframe",time=0.615586,cframe=CFrame.new(-23.539879,-147.000000,48.714287,0.366649,-0.000000,0.930359,0.000000,1.000000,0.000000,-0.930359,0.000000,0.366649),velocity=Vector3.new(18.124334, 0.000416, -8.455888),slideActive=false,wallhopFlick=false},
            {type="keyframe",time=0.619469,cframe=CFrame.new(-23.388939,-147.000000,48.643612,0.370569,-0.000000,0.928805,0.000000,1.000000,0.000000,-0.928805,0.000000,0.370569),velocity=Vector3.new(18.112703, 0.000416, -8.481095),slideActive=false,wallhopFlick=false},
            {type="keyframe",time=0.628201,cframe=CFrame.new(-23.388939,-147.000000,48.643612,0.370569,-0.000000,0.928805,0.000000,1.000000,0.000000,-0.928805,0.000000,0.370569),velocity=Vector3.new(18.112703, 0.000416, -8.481095),slideActive=false,wallhopFlick=false},
            {type="keyframe",time=0.633685,cframe=CFrame.new(-23.238235,-147.000000,48.572437,0.374424,-0.000000,0.927258,0.000000,1.000000,0.000000,-0.927258,0.000000,0.374424),velocity=Vector3.new(18.084492, 0.000416, -8.541094),slideActive=false,wallhopFlick=false},
            {type="keyframe",time=0.637919,cframe=CFrame.new(-23.087564,-147.000000,48.501190,0.378049,-0.000000,0.925786,0.000000,1.000000,0.000000,-0.925786,0.000000,0.378049),velocity=Vector3.new(18.080524, 0.000416, -8.549532),slideActive=false,wallhopFlick=false},
            {type="keyframe",time=0.641880,cframe=CFrame.new(-23.087564,-147.000000,48.501190,0.378049,-0.000000,0.925786,0.000000,1.000000,0.000000,-0.925786,0.000000,0.378049),velocity=Vector3.new(18.080524, 0.000416, -8.549532),slideActive=false,wallhopFlick=false},
            {type="keyframe",time=0.647023,cframe=CFrame.new(-22.936897,-147.000000,48.429935,0.381431,-0.000000,0.924398,0.000000,1.000000,0.000000,-0.924398,0.000000,0.381431),velocity=Vector3.new(18.079969, 0.000416, -8.550718),slideActive=false,wallhopFlick=false},
            {type="keyframe",time=0.651463,cframe=CFrame.new(-22.936897,-147.000000,48.429935,0.381431,-0.000000,0.924398,0.000000,1.000000,0.000000,-0.924398,0.000000,0.381431),velocity=Vector3.new(18.079969, 0.000416, -8.550718),slideActive=false,wallhopFlick=false},
            {type="keyframe",time=0.655807,cframe=CFrame.new(-22.786455,-147.000000,48.358208,0.384766,-0.000000,0.923014,0.000000,1.000000,0.000000,-0.923014,0.000000,0.384766),velocity=Vector3.new(18.053108, 0.000416, -8.607244),slideActive=false,wallhopFlick=false},
            {type="keyframe",time=0.660672,cframe=CFrame.new(-22.786455,-147.000000,48.358208,0.384766,-0.000000,0.923014,0.000000,1.000000,0.000000,-0.923014,0.000000,0.384766),velocity=Vector3.new(18.053108, 0.000416, -8.607244),slideActive=false,wallhopFlick=false},
            {type="keyframe",time=0.665502,cframe=CFrame.new(-22.636044,-147.000000,48.286415,0.387905,-0.000000,0.921699,0.000000,1.000000,0.000000,-0.921699,0.000000,0.387905),velocity=Vector3.new(18.049334, 0.000416, -8.615194),slideActive=false,wallhopFlick=false},
