local TAS_LIBRARY = {}

function TAS_LIBRARY.getTAS(mapName)
    local tasData = nil
    -- Cole aqui os blocos EXPORTADOS pelo seu script, por exemplo:
        if mapName == "walk_test_v1" then
        tasData = {
            {type="keyframe",time=0.004966,cframe=CFrame.new(-44.763866,-147.000000,38.253654,0.999124,0.000000,-0.041836,0.000000,1.000000,0.000000,0.041836,0.000000,0.999124),velocity=Vector3.new(0.000000, 0.000416, 0.000000),slideActive=false,wallhopFlick=false},
            {type="keyframe",time=0.008716,cframe=CFrame.new(-44.763866,-147.000000,38.253654,0.999124,0.000000,-0.041836,0.000000,1.000000,0.000000,0.041836,0.000000,0.999124),velocity=Vector3.new(0.000000, 0.000416, 0.000000),slideActive=false,wallhopFlick=false},
            {type="keyframe",time=0.013385,cframe=CFrame.new(-44.763866,-147.000000,38.253654,0.999124,0.000000,-0.041836,0.000000,1.000000,0.000000,0.041836,0.000000,0.999124),velocity=Vector3.new(0.000000, 0.000416, 0.000000),slideActive=false,wallhopFlick=false},
            {type="keyframe",time=0.019161,cframe=CFrame.new(-44.763866,-147.000000,38.253654,0.999124,0.000000,-0.041836,0.000000,1.000000,0.000000,0.041836,0.000000,0.999124),velocity=Vector3.new(0.000000, 0.000416, 0.000000),slideActive=false,wallhopFlick=false},
            {type="keyframe",time=0.023250,cframe=CFrame.new(-44.763866,-147.000000,38.253654,0.999124,0.000000,-0.041836,0.000000,1.000000,0.000000,0.041836,0.000000,0.999124),velocity=Vector3.new(0.000000, 0.000416, 0.000000),slideActive=false,wallhopFlick=false},
            {type="keyframe",time=0.027908,cframe=CFrame.new(-44.763866,-147.000000,38.253654,0.999124,0.000000,-0.041836,0.000000,1.000000,0.000000,0.041836,0.000000,0.999124),velocity=Vector3.new(0.000000, 0.000416, 0.000000),slideActive=false,wallhopFlick=false},
            {type="keyframe",time=0.033069,cframe=CFrame.new(-44.763866,-147.000000,38.253654,0.999124,0.000000,-0.041836,0.000000,1.000000,0.000000,0.041836,0.000000,0.999124),velocity=Vector3.new(0.000000, 0.000416, 0.000000),slideActive=false,wallhopFlick=false},
            {type="keyframe",time=0.038203,cframe=CFrame.new(-44.763866,-147.000000,38.253654,0.999124,0.000000,-0.041836,0.000000,1.000000,0.000000,0.041836,0.000000,0.999124),velocity=Vector3.new(0.000000, 0.000416, 0.000000),slideActive=false,wallhopFlick=false},
            {type="keyframe",time=0.043417,cframe=CFrame.new(-44.763866,-147.000000,38.253654,0.999124,0.000000,-0.041836,0.000000,1.000000,0.000000,0.041836,0.000000,0.999124),velocity=Vector3.new(0.000000, 0.000416, 0.000000),slideActive=false,wallhopFlick=false},
            {type="keyframe",time=0.047912,cframe=CFrame.new(-44.763866,-147.000000,38.253654,0.999124,0.000000,-0.041836,0.000000,1.000000,0.000000,0.041836,0.000000,0.999124),velocity=Vector3.new(0.000000, 0.000416, 0.000000),slideActive=false,wallhopFlick=false},
            {type="keyframe",time=0.053401,cframe=CFrame.new(-44.763866,-147.000000,38.253654,0.999124,0.000000,-0.041836,0.000000,1.000000,0.000000,0.041836,0.000000,0.999124),velocity=Vector3.new(0.000000, 0.000416, 0.000000),slideActive=false,wallhopFlick=false},
            {type="keyframe",time=0.057810,cframe=CFrame.new(-44.763866,-147.000000,38.253654,0.999124,0.000000,-0.041836,0.000000,1.000000,0.000000,0.041836,0.000000,0.999124),velocity=Vector3.new(0.000000, 0.000416, 0.000000),slideActive=false,wallhopFlick=false},
            {type="keyframe",time=0.063042,cframe=CFrame.new(-44.763866,-147.000000,38.253654,0.999124,0.000000,-0.041836,0.000000,1.000000,0.000000,0.041836,0.000000,0.999124),velocity=Vector3.new(0.000000, 0.000416, 0.000000),slideActive=false,wallhopFlick=false},
            {type="keyframe",time=0.068000,cframe=CFrame.new(-44.763866,-147.000000,38.253654,0.999124,0.000000,-0.041836,0.000000,1.000000,0.000000,0.041836,0.000000,0.999124),velocity=Vector3.new(0.000000, 0.000416, 0.000000),slideActive=false,wallhopFlick=false},
            {type="keyframe",time=0.072326,cframe=CFrame.new(-44.763866,-147.000000,38.253654,0.999124,0.000000,-0.041836,0.000000,1.000000,0.000000,0.041836,0.000000,0.999124),velocity=Vector3.new(0.000000, 0.000416, 0.000000),slideActive=false,wallhopFlick=false},
            {type="keyframe",time=0.077201,cframe=CFrame.new(-44.763866,-147.000000,38.253654,0.999124,0.000000,-0.041836,0.000000,1.000000,0.000000,0.041836,0.000000,0.999124),velocity=Vector3.new(0.000000, 0.000416, 0.000000),slideActive=false,wallhopFlick=false},
            {type="keyframe",time=0.082304,cframe=CFrame.new(-44.763866,-147.000000,38.253654,0.999124,0.000000,-0.041836,0.000000,1.000000,0.000000,0.041836,0.000000,0.999124),velocity=Vector3.new(0.000000, 0.000416, 0.000000),slideActive=false,wallhopFlick=false},
            {type="keyframe",time=0.087498,cframe=CFrame.new(-44.763866,-147.000000,38.253654,0.999124,0.000000,-0.041836,0.000000,1.000000,0.000000,0.041836,0.000000,0.999124),velocity=Vector3.new(0.000000, 0.000416, 0.000000),slideActive=false,wallhopFlick=false},
            {type="keyframe",time=0.091761,cframe=CFrame.new(-44.763866,-147.000000,38.253654,0.999124,0.000000,-0.041836,0.000000,1.000000,0.000000,0.041836,0.000000,0.999124),velocity=Vector3.new(0.000000, 0.000416, 0.000000),slideActive=false,wallhopFlick=false},
            {type="keyframe",time=0.096302,cframe=CFrame.new(-44.763866,-147.000000,38.253654,0.999124,0.000000,-0.041836,0.000000,1.000000,0.000000,0.041836,0.000000,0.999124),velocity=Vector3.new(0.000000, 0.000416, 0.000000),slideActive=false,wallhopFlick=false},
            {type="keyframe",time=0.102098,cframe=CFrame.new(-44.763866,-147.000000,38.253654,0.999124,0.000000,-0.041836,0.000000,1.000000,0.000000,0.041836,0.000000,0.999124),velocity=Vector3.new(0.000000, 0.000416, 0.000000),slideActive=false,wallhopFlick=false},
            {type="keyframe",time=0.106077,cframe=CFrame.new(-44.763866,-147.000000,38.253654,0.999124,0.000000,-0.041836,0.000000,1.000000,0.000000,0.041836,0.000000,0.999124),velocity=Vector3.new(0.000000, 0.000416, 0.000000),slideActive=false,wallhopFlick=false},
            {type="keyframe",time=0.110722,cframe=CFrame.new(-44.763866,-147.000000,38.253654,0.999124,0.000000,-0.041836,0.000000,1.000000,0.000000,0.041836,0.000000,0.999124),velocity=Vector3.new(0.000000, 0.000416, 0.000000),slideActive=false,wallhopFlick=false},
            {type="keyframe",time=0.115697,cframe=CFrame.new(-44.763866,-147.000000,38.253654,0.999124,0.000000,-0.041836,0.000000,1.000000,0.000000,0.041836,0.000000,0.999124),velocity=Vector3.new(0.000000, 0.000416, 0.000000),slideActive=false,wallhopFlick=false},
            {type="keyframe",time=0.121221,cframe=CFrame.new(-44.763866,-147.000000,38.253654,0.999124,0.000000,-0.041836,0.000000,1.000000,0.000000,0.041836,0.000000,0.999124),velocity=Vector3.new(0.000000, 0.000416, 0.000000),slideActive=false,wallhopFlick=false},
            {type="keyframe",time=0.125167,cframe=CFrame.new(-44.763866,-147.000000,38.253654,0.999124,0.000000,-0.041836,0.000000,1.000000,0.000000,0.041836,0.000000,0.999124),velocity=Vector3.new(0.000000, 0.000416, 0.000000),slideActive=false,wallhopFlick=false},
            {type="keyframe",time=0.129945,cframe=CFrame.new(-44.763866,-147.000000,38.253654,0.999124,0.000000,-0.041836,0.000000,1.000000,0.000000,0.041836,0.000000,0.999124),velocity=Vector3.new(0.000000, 0.000416, 0.000000),slideActive=false,wallhopFlick=false},
            {type="keyframe",time=0.135773,cframe=CFrame.new(-44.763866,-147.000000,38.253654,0.999124,0.000000,-0.041836,0.000000,1.000000,0.000000,0.041836,0.000000,0.999124),velocity=Vector3.new(0.000000, 0.000416, 0.000000),slideActive=false,wallhopFlick=false},
            {type="keyframe",time=0.139969,cframe=CFrame.new(-44.763866,-147.000000,38.253654,0.999124,0.000000,-0.041836,0.000000,1.000000,0.000000,0.041836,0.000000,0.999124),velocity=Vector3.new(0.000000, 0.000416, 0.000000),slideActive=false,wallhopFlick=false},
            {type="keyframe",time=0.144271,cframe=CFrame.new(-44.763866,-147.000000,38.253654,0.999124,0.000000,-0.041836,0.000000,1.000000,0.000000,0.041836,0.000000,0.999124),velocity=Vector3.new(0.000000, 0.000416, 0.000000),slideActive=false,wallhopFlick=false},
            {type="keyframe",time=0.149354,cframe=CFrame.new(-44.763866,-147.000000,38.253654,0.999124,0.000000,-0.041836,0.000000,1.000000,0.000000,0.041836,0.000000,0.999124),velocity=Vector3.new(0.000000, 0.000416, 0.000000),slideActive=false,wallhopFlick=false},
            {type="keyframe",time=0.154456,cframe=CFrame.new(-44.763866,-147.000000,38.253654,0.999124,0.000000,-0.041836,0.000000,1.000000,0.000000,0.041836,0.000000,0.999124),velocity=Vector3.new(0.000000, 0.000416, 0.000000),slideActive=false,wallhopFlick=false},
            {type="keyframe",time=0.158649,cframe=CFrame.new(-44.763866,-147.000000,38.253654,0.999124,0.000000,-0.041836,0.000000,1.000000,0.000000,0.041836,0.000000,0.999124),velocity=Vector3.new(0.000000, 0.000416, 0.000000),slideActive=false,wallhopFlick=false},
            {type="keyframe",time=0.164547,cframe=CFrame.new(-44.763866,-147.000000,38.253654,0.999124,0.000000,-0.041836,0.000000,1.000000,0.000000,0.041836,0.000000,0.999124),velocity=Vector3.new(0.000000, 0.000416, 0.000000),slideActive=false,wallhopFlick=false},
            {type="keyframe",time=0.168947,cframe=CFrame.new(-44.763866,-147.000000,38.253654,0.999124,0.000000,-0.041836,0.000000,1.000000,0.000000,0.041836,0.000000,0.999124),velocity=Vector3.new(0.000000, 0.000416, 0.000000),slideActive=false,wallhopFlick=false},
            {type="keyframe",time=0.173212,cframe=CFrame.new(-44.763866,-147.000000,38.253654,0.999124,0.000000,-0.041836,0.000000,1.000000,0.000000,0.041836,0.000000,0.999124),velocity=Vector3.new(0.000000, 0.000416, 0.000000),slideActive=false,wallhopFlick=false},
            {type="keyframe",time=0.177790,cframe=CFrame.new(-44.763866,-147.000000,38.253654,0.999124,0.000000,-0.041836,0.000000,1.000000,0.000000,0.041836,0.000000,0.999124),velocity=Vector3.new(0.000000, 0.000416, 0.000000),slideActive=false,wallhopFlick=false},
            {type="keyframe",time=0.183077,cframe=CFrame.new(-44.763866,-147.000000,38.253654,0.999124,0.000000,-0.041836,0.000000,1.000000,0.000000,0.041836,0.000000,0.999124),velocity=Vector3.new(0.000000, 0.000416, 0.000000),slideActive=false,wallhopFlick=false},
            {type="keyframe",time=0.188044,cframe=CFrame.new(-44.763866,-147.000000,38.253654,0.999124,0.000000,-0.041836,0.000000,1.000000,0.000000,0.041836,0.000000,0.999124),velocity=Vector3.new(0.000000, 0.000416, 0.000000),slideActive=false,wallhopFlick=false},
            {type="keyframe",time=0.192486,cframe=CFrame.new(-44.763866,-147.000000,38.253654,0.999124,0.000000,-0.041836,0.000000,1.000000,0.000000,0.041836,0.000000,0.999124),velocity=Vector3.new(0.000000, 0.000416, 0.000000),slideActive=false,wallhopFlick=false},
            {type="keyframe",time=0.197163,cframe=CFrame.new(-44.763866,-147.000000,38.253654,0.999124,0.000000,-0.041836,0.000000,1.000000,0.000000,0.041836,0.000000,0.999124),velocity=Vector3.new(0.000000, 0.000416, 0.000000),slideActive=false,wallhopFlick=false},
            {type="keyframe",time=0.202643,cframe=CFrame.new(-44.763866,-147.000000,38.253654,0.999124,0.000000,-0.041836,0.000000,1.000000,0.000000,0.041836,0.000000,0.999124),velocity=Vector3.new(0.000000, 0.000416, 0.000000),slideActive=false,wallhopFlick=false},
            {type="keyframe",time=0.207425,cframe=CFrame.new(-44.763866,-147.000000,38.253654,0.999124,0.000000,-0.041836,0.000000,1.000000,0.000000,0.041836,0.000000,0.999124),velocity=Vector3.new(0.000000, 0.000416, 0.000000),slideActive=false,wallhopFlick=false},
            {type="keyframe",time=0.211645,cframe=CFrame.new(-44.763866,-147.000000,38.253654,0.999124,0.000000,-0.041836,0.000000,1.000000,0.000000,0.041836,0.000000,0.999124),velocity=Vector3.new(0.000000, 0.000416, 0.000000),slideActive=false,wallhopFlick=false},
            {type="keyframe",time=0.216616,cframe=CFrame.new(-44.763866,-147.000000,38.253654,0.999124,0.000000,-0.041836,0.000000,1.000000,0.000000,0.041836,0.000000,0.999124),velocity=Vector3.new(0.000000, 0.000416, 0.000000),slideActive=false,wallhopFlick=false},
            {type="keyframe",time=0.221386,cframe=CFrame.new(-44.763866,-147.000000,38.253654,0.999124,0.000000,-0.041836,0.000000,1.000000,0.000000,0.041836,0.000000,0.999124),velocity=Vector3.new(0.000000, 0.000416, 0.000000),slideActive=false,wallhopFlick=false},
            {type="keyframe",time=0.226339,cframe=CFrame.new(-44.763866,-147.000000,38.253654,0.999124,0.000000,-0.041836,0.000000,1.000000,0.000000,0.041836,0.000000,0.999124),velocity=Vector3.new(0.000000, 0.000416, 0.000000),slideActive=false,wallhopFlick=false},
            {type="keyframe",time=0.231066,cframe=CFrame.new(-44.763866,-147.000000,38.253654,0.999124,0.000000,-0.041836,0.000000,1.000000,0.000000,0.041836,0.000000,0.999124),velocity=Vector3.new(0.000000, 0.000416, 0.000000),slideActive=false,wallhopFlick=false},
            {type="keyframe",time=0.236400,cframe=CFrame.new(-44.763866,-147.000000,38.253654,0.999124,0.000000,-0.041836,0.000000,1.000000,0.000000,0.041836,0.000000,0.999124),velocity=Vector3.new(0.000000, 0.000416, 0.000000),slideActive=false,wallhopFlick=false},
            {type="keyframe",time=0.240746,cframe=CFrame.new(-44.763866,-147.000000,38.253654,0.999124,0.000000,-0.041836,0.000000,1.000000,0.000000,0.041836,0.000000,0.999124),velocity=Vector3.new(0.000000, 0.000416, 0.000000),slideActive=false,wallhopFlick=false},
            {type="keyframe",time=0.245487,cframe=CFrame.new(-44.763866,-147.000000,38.253654,0.999124,0.000000,-0.041836,0.000000,1.000000,0.000000,0.041836,0.000000,0.999124),velocity=Vector3.new(0.000000, 0.000416, 0.000000),slideActive=false,wallhopFlick=false},
            {type="keyframe",time=0.250571,cframe=CFrame.new(-44.763866,-147.000000,38.253654,0.999124,0.000000,-0.041836,0.000000,1.000000,0.000000,0.041836,0.000000,0.999124),velocity=Vector3.new(0.000000, 0.000416, 0.000000),slideActive=false,wallhopFlick=false},
            {type="keyframe",time=0.255705,cframe=CFrame.new(-44.763866,-147.000000,38.253654,0.999124,0.000000,-0.041836,0.000000,1.000000,0.000000,0.041836,0.000000,0.999124),velocity=Vector3.new(0.000000, 0.000416, 0.000000),slideActive=false,wallhopFlick=false},
            {type="keyframe",time=0.260222,cframe=CFrame.new(-44.763866,-147.000000,38.253654,0.999124,0.000000,-0.041836,0.000000,1.000000,0.000000,0.041836,0.000000,0.999124),velocity=Vector3.new(0.000000, 0.000416, 0.000000),slideActive=false,wallhopFlick=false},
            {type="keyframe",time=0.264925,cframe=CFrame.new(-44.763866,-147.000000,38.253654,0.999124,0.000000,-0.041836,0.000000,1.000000,0.000000,0.041836,0.000000,0.999124),velocity=Vector3.new(0.000000, 0.000416, 0.000000),slideActive=false,wallhopFlick=false},
            {type="keyframe",time=0.270715,cframe=CFrame.new(-44.763866,-147.000000,38.253654,0.999124,0.000000,-0.041836,0.000000,1.000000,0.000000,0.041836,0.000000,0.999124),velocity=Vector3.new(0.000000, 0.000416, 0.000000),slideActive=false,wallhopFlick=false},
            {type="keyframe",time=0.274757,cframe=CFrame.new(-44.763866,-147.000000,38.253654,0.999124,0.000000,-0.041836,0.000000,1.000000,0.000000,0.041836,0.000000,0.999124),velocity=Vector3.new(0.000000, 0.000416, 0.000000),slideActive=false,wallhopFlick=false},
            {type="keyframe",time=0.279395,cframe=CFrame.new(-44.763866,-147.000000,38.253654,0.999124,0.000000,-0.041836,0.000000,1.000000,0.000000,0.041836,0.000000,0.999124),velocity=Vector3.new(0.000000, 0.000416, 0.000000),slideActive=false,wallhopFlick=false},
            {type="keyframe",time=0.284881,cframe=CFrame.new(-44.763866,-147.000000,38.253654,0.999124,0.000000,-0.041836,0.000000,1.000000,0.000000,0.041836,0.000000,0.999124),velocity=Vector3.new(0.000000, 0.000416, 0.000000),slideActive=false,wallhopFlick=false},
            {type="keyframe",time=0.289668,cframe=CFrame.new(-44.763866,-147.000000,38.253654,0.999124,0.000000,-0.041836,0.000000,1.000000,0.000000,0.041836,0.000000,0.999124),velocity=Vector3.new(0.000000, 0.000416, 0.000000),slideActive=false,wallhopFlick=false},
            {type="keyframe",time=0.294107,cframe=CFrame.new(-44.763866,-147.000000,38.253654,0.999124,0.000000,-0.041836,0.000000,1.000000,0.000000,0.041836,0.000000,0.999124),velocity=Vector3.new(0.000000, 0.000416, 0.000000),slideActive=false,wallhopFlick=false},
            {type="keyframe",time=0.298981,cframe=CFrame.new(-44.763866,-147.000000,38.253654,0.999124,0.000000,-0.041836,0.000000,1.000000,0.000000,0.041836,0.000000,0.999124),velocity=Vector3.new(0.000000, 0.000416, 0.000000),slideActive=false,wallhopFlick=false},
            {type="keyframe",time=0.304471,cframe=CFrame.new(-44.763866,-147.000000,38.253654,0.999124,0.000000,-0.041836,0.000000,1.000000,0.000000,0.041836,0.000000,0.999124),velocity=Vector3.new(0.000000, 0.000416, 0.000000),slideActive=false,wallhopFlick=false},
            {type="keyframe",time=0.309086,cframe=CFrame.new(-44.763866,-147.000000,38.253654,0.999124,0.000000,-0.041836,0.000000,1.000000,0.000000,0.041836,0.000000,0.999124),velocity=Vector3.new(0.000000, 0.000416, 0.000000),slideActive=false,wallhopFlick=false},
            {type="keyframe",time=0.313589,cframe=CFrame.new(-44.763866,-147.000000,38.253654,0.999124,0.000000,-0.041836,0.000000,1.000000,0.000000,0.041836,0.000000,0.999124),velocity=Vector3.new(0.000000, 0.000416, 0.000000),slideActive=false,wallhopFlick=false},
            {type="keyframe",time=0.319227,cframe=CFrame.new(-44.763866,-147.000000,38.253654,0.999124,0.000000,-0.041836,0.000000,1.000000,0.000000,0.041836,0.000000,0.999124),velocity=Vector3.new(0.000000, 0.000416, 0.000000),slideActive=false,wallhopFlick=false},
            {type="keyframe",time=0.323585,cframe=CFrame.new(-44.763866,-147.000000,38.253654,0.999124,0.000000,-0.041836,0.000000,1.000000,0.000000,0.041836,0.000000,0.999124),velocity=Vector3.new(0.000000, 0.000416, 0.000000),slideActive=false,wallhopFlick=false},
            {type="keyframe",time=0.328287,cframe=CFrame.new(-44.763866,-147.000000,38.253654,0.999124,0.000000,-0.041836,0.000000,1.000000,0.000000,0.041836,0.000000,0.999124),velocity=Vector3.new(0.000000, 0.000416, 0.000000),slideActive=false,wallhopFlick=false},
            {type="keyframe",time=0.333780,cframe=CFrame.new(-44.763866,-147.000000,38.253654,0.999124,0.000000,-0.041836,0.000000,1.000000,0.000000,0.041836,0.000000,0.999124),velocity=Vector3.new(0.000000, 0.000416, 0.000000),slideActive=false,wallhopFlick=false},
            {type="keyframe",time=0.338410,cframe=CFrame.new(-44.763866,-147.000000,38.253654,0.999124,0.000000,-0.041836,0.000000,1.000000,0.000000,0.041836,0.000000,0.999124),velocity=Vector3.new(0.000000, 0.000416, 0.000000),slideActive=false,wallhopFlick=false},
            {type="keyframe",time=0.343118,cframe=CFrame.new(-44.763866,-147.000000,38.253654,0.999124,0.000000,-0.041836,0.000000,1.000000,0.000000,0.041836,0.000000,0.999124),velocity=Vector3.new(0.000000, 0.000416, 0.000000),slideActive=false,wallhopFlick=false},
            {type="keyframe",time=0.348266,cframe=CFrame.new(-44.763866,-147.000000,38.253654,0.999124,0.000000,-0.041836,0.000000,1.000000,0.000000,0.041836,0.000000,0.999124),velocity=Vector3.new(0.000000, 0.000416, 0.000000),slideActive=false,wallhopFlick=false},
            {type="keyframe",time=0.354293,cframe=CFrame.new(-44.763866,-147.000000,38.253654,0.999124,0.000000,-0.041836,0.000000,1.000000,0.000000,0.041836,0.000000,0.999124),velocity=Vector3.new(0.000000, 0.000416, 0.000000),slideActive=false,wallhopFlick=false},
            {type="keyframe",time=0.358229,cframe=CFrame.new(-44.763866,-147.000000,38.253654,0.999124,0.000000,-0.041836,0.000000,1.000000,0.000000,0.041836,0.000000,0.999124),velocity=Vector3.new(0.000000, 0.000416, 0.000000),slideActive=false,wallhopFlick=false},
            {type="keyframe",time=0.363204,cframe=CFrame.new(-44.763866,-147.000000,38.253654,0.999124,0.000000,-0.041836,0.000000,1.000000,0.000000,0.041836,0.000000,0.999124),velocity=Vector3.new(0.000000, 0.000416, 0.000000),slideActive=false,wallhopFlick=false},
            {type="keyframe",time=0.369060,cframe=CFrame.new(-44.763866,-147.000000,38.253654,0.999124,0.000000,-0.041836,0.000000,1.000000,0.000000,0.041836,0.000000,0.999124),velocity=Vector3.new(0.000000, 0.000416, 0.000000),slideActive=false,wallhopFlick=false},
            {type="keyframe",time=0.373819,cframe=CFrame.new(-44.763866,-147.000000,38.253654,0.999124,0.000000,-0.041836,0.000000,1.000000,0.000000,0.041836,0.000000,0.999124),velocity=Vector3.new(0.000000, 0.000416, 0.000000),slideActive=false,wallhopFlick=false},
            {type="keyframe",time=0.378580,cframe=CFrame.new(-44.763866,-147.000000,38.253654,0.999124,0.000000,-0.041836,0.000000,1.000000,0.000000,0.041836,0.000000,0.999124),velocity=Vector3.new(0.000000, 0.000416, 0.000000),slideActive=false,wallhopFlick=false},
            {type="keyframe",time=0.383839,cframe=CFrame.new(-44.763866,-147.000000,38.253654,0.999124,0.000000,-0.041836,0.000000,1.000000,0.000000,0.041836,0.000000,0.999124),velocity=Vector3.new(0.000000, 0.000416, 0.000000),slideActive=false,wallhopFlick=false},
            {type="keyframe",time=0.388650,cframe=CFrame.new(-44.763866,-147.000000,38.253654,0.999124,0.000000,-0.041836,0.000000,1.000000,0.000000,0.041836,0.000000,0.999124),velocity=Vector3.new(0.000000, 0.000416, 0.000000),slideActive=false,wallhopFlick=false},
            {type="keyframe",time=0.393803,cframe=CFrame.new(-44.763866,-147.000000,38.253654,0.999124,0.000000,-0.041836,0.000000,1.000000,0.000000,0.041836,0.000000,0.999124),velocity=Vector3.new(0.000000, 0.000416, 0.000000),slideActive=false,wallhopFlick=false},
            {type="keyframe",time=0.398443,cframe=CFrame.new(-44.763866,-147.000000,38.253654,0.999124,0.000000,-0.041836,0.000000,1.000000,0.000000,0.041836,0.000000,0.999124),velocity=Vector3.new(0.000000, 0.000416, 0.000000),slideActive=false,wallhopFlick=false},
            {type="keyframe",time=0.403816,cframe=CFrame.new(-44.763866,-147.000000,38.253654,0.999124,0.000000,-0.041836,0.000000,1.000000,0.000000,0.041836,0.000000,0.999124),velocity=Vector3.new(0.000000, 0.000416, 0.000000),slideActive=false,wallhopFlick=false},
            {type="keyframe",time=0.408311,cframe=CFrame.new(-44.763866,-147.000000,38.253654,0.999124,0.000000,-0.041836,0.000000,1.000000,0.000000,0.041836,0.000000,0.999124),velocity=Vector3.new(0.000000, 0.000416, 0.000000),slideActive=false,wallhopFlick=false},
            {type="keyframe",time=0.413246,cframe=CFrame.new(-44.763866,-147.000000,38.253654,0.999124,0.000000,-0.041836,0.000000,1.000000,0.000000,0.041836,0.000000,0.999124),velocity=Vector3.new(0.000000, 0.000416, 0.000000),slideActive=false,wallhopFlick=false},
            {type="keyframe",time=0.418668,cframe=CFrame.new(-44.763866,-147.000000,38.253654,0.999124,0.000000,-0.041836,0.000000,1.000000,0.000000,0.041836,0.000000,0.999124),velocity=Vector3.new(0.000000, 0.000416, 0.000000),slideActive=false,wallhopFlick=false},
            {type="keyframe",time=0.423074,cframe=CFrame.new(-44.763866,-147.000000,38.253654,0.999124,0.000000,-0.041836,0.000000,1.000000,0.000000,0.041836,0.000000,0.999124),velocity=Vector3.new(0.000000, 0.000416, 0.000000),slideActive=false,wallhopFlick=false},
            {type="keyframe",time=0.427739,cframe=CFrame.new(-44.763866,-147.000000,38.253654,0.999124,0.000000,-0.041836,0.000000,1.000000,0.000000,0.041836,0.000000,0.999124),velocity=Vector3.new(0.000000, 0.000416, 0.000000),slideActive=false,wallhopFlick=false},
            {type="keyframe",time=0.433121,cframe=CFrame.new(-44.763866,-147.000000,38.253654,0.999124,0.000000,-0.041836,0.000000,1.000000,0.000000,0.041836,0.000000,0.999124),velocity=Vector3.new(0.000000, 0.000416, 0.000000),slideActive=false,wallhopFlick=false},
            {type="keyframe",time=0.437979,cframe=CFrame.new(-44.763866,-147.000000,38.253654,0.999124,0.000000,-0.041836,0.000000,1.000000,0.000000,0.041836,0.000000,0.999124),velocity=Vector3.new(0.000000, 0.000416, 0.000000),slideActive=false,wallhopFlick=false},
            {type="keyframe",time=0.442320,cframe=CFrame.new(-44.763866,-147.000000,38.253654,0.999124,0.000000,-0.041836,0.000000,1.000000,0.000000,0.041836,0.000000,0.999124),velocity=Vector3.new(0.000000, 0.000416, 0.000000),slideActive=false,wallhopFlick=false},
            {type="keyframe",time=0.447079,cframe=CFrame.new(-44.763866,-147.000000,38.253654,0.999124,0.000000,-0.041836,0.000000,1.000000,0.000000,0.041836,0.000000,0.999124),velocity=Vector3.new(0.000000, 0.000416, 0.000000),slideActive=false,wallhopFlick=false},
            {type="keyframe",time=0.452547,cframe=CFrame.new(-44.763866,-147.000000,38.253654,0.999124,0.000000,-0.041836,0.000000,1.000000,0.000000,0.041836,0.000000,0.999124),velocity=Vector3.new(0.000000, 0.000416, 0.000000),slideActive=false,wallhopFlick=false},
            {type="keyframe",time=0.457182,cframe=CFrame.new(-44.763866,-147.000000,38.253654,0.999124,0.000000,-0.041836,0.000000,1.000000,0.000000,0.041836,0.000000,0.999124),velocity=Vector3.new(0.000000, 0.000416, 0.000000),slideActive=false,wallhopFlick=false},
            {type="keyframe",time=0.461375,cframe=CFrame.new(-44.763866,-147.000000,38.253654,0.999124,0.000000,-0.041836,0.000000,1.000000,0.000000,0.041836,0.000000,0.999124),velocity=Vector3.new(0.000000, 0.000416, 0.000000),slideActive=false,wallhopFlick=false},
            {type="keyframe",time=0.466601,cframe=CFrame.new(-44.763866,-147.000000,38.253654,0.999124,0.000000,-0.041836,0.000000,1.000000,0.000000,0.041836,0.000000,0.999124),velocity=Vector3.new(0.000000, 0.000416, 0.000000),slideActive=false,wallhopFlick=false},
            {type="keyframe",time=0.471285,cframe=CFrame.new(-44.763866,-147.000000,38.253654,0.999124,0.000000,-0.041836,0.000000,1.000000,0.000000,0.041836,0.000000,0.999124),velocity=Vector3.new(0.000000, 0.000416, 0.000000),slideActive=false,wallhopFlick=false},
            {type="keyframe",time=0.476370,cframe=CFrame.new(-44.763866,-147.000000,38.253654,0.999124,0.000000,-0.041836,0.000000,1.000000,0.000000,0.041836,0.000000,0.999124),velocity=Vector3.new(0.000000, 0.000416, 0.000000),slideActive=false,wallhopFlick=false},
            {type="keyframe",time=0.480628,cframe=CFrame.new(-44.763866,-147.000000,38.253654,0.999124,0.000000,-0.041836,0.000000,1.000000,0.000000,0.041836,0.000000,0.999124),velocity=Vector3.new(0.000000, 0.000416, 0.000000),slideActive=false,wallhopFlick=false},
            {type="keyframe",time=0.486489,cframe=CFrame.new(-44.763866,-147.000000,38.253654,0.999124,0.000000,-0.041836,0.000000,1.000000,0.000000,0.041836,0.000000,0.999124),velocity=Vector3.new(0.000000, 0.000416, 0.000000),slideActive=false,wallhopFlick=false},
            {type="keyframe",time=0.490415,cframe=CFrame.new(-44.763866,-147.000000,38.253654,0.999124,0.000000,-0.041836,0.000000,1.000000,0.000000,0.041836,0.000000,0.999124),velocity=Vector3.new(0.000000, 0.000416, 0.000000),slideActive=false,wallhopFlick=false},
            {type="keyframe",time=0.495195,cframe=CFrame.new(-44.763866,-147.000000,38.253654,0.999124,0.000000,-0.041836,0.000000,1.000000,0.000000,0.041836,0.000000,0.999124),velocity=Vector3.new(0.000000, 0.000416, 0.000000),slideActive=false,wallhopFlick=false},
            {type="keyframe",time=0.500465,cframe=CFrame.new(-44.763866,-147.000000,38.253654,0.999124,0.000000,-0.041836,0.000000,1.000000,0.000000,0.041836,0.000000,0.999124),velocity=Vector3.new(0.000000, 0.000416, 0.000000),slideActive=false,wallhopFlick=false},
            {type="keyframe",time=0.504911,cframe=CFrame.new(-44.763866,-147.000000,38.253654,0.999124,0.000000,-0.041836,0.000000,1.000000,0.000000,0.041836,0.000000,0.999124),velocity=Vector3.new(0.000000, 0.000416, 0.000000),slideActive=false,wallhopFlick=false},
            {type="keyframe",time=0.509644,cframe=CFrame.new(-44.763866,-147.000000,38.253654,0.999124,0.000000,-0.041836,0.000000,1.000000,0.000000,0.041836,0.000000,0.999124),velocity=Vector3.new(0.000000, 0.000416, 0.000000),slideActive=false,wallhopFlick=false},
            {type="keyframe",time=0.514672,cframe=CFrame.new(-44.763866,-147.000000,38.253654,0.999124,0.000000,-0.041836,0.000000,1.000000,0.000000,0.041836,0.000000,0.999124),velocity=Vector3.new(0.000000, 0.000416, 0.000000),slideActive=false,wallhopFlick=false},
            {type="keyframe",time=0.520117,cframe=CFrame.new(-44.763866,-147.000000,38.253654,0.999124,0.000000,-0.041836,0.000000,1.000000,0.000000,0.041836,0.000000,0.999124),velocity=Vector3.new(0.000000, 0.000416, 0.000000),slideActive=false,wallhopFlick=false},
            {type="keyframe",time=0.524128,cframe=CFrame.new(-44.763866,-147.000000,38.253654,0.999124,0.000000,-0.041836,0.000000,1.000000,0.000000,0.041836,0.000000,0.999124),velocity=Vector3.new(0.000000, 0.000416, 0.000000),slideActive=false,wallhopFlick=false},
            {type="keyframe",time=0.528705,cframe=CFrame.new(-44.763866,-147.000000,38.253654,0.999124,0.000000,-0.041836,0.000000,1.000000,0.000000,0.041836,0.000000,0.999124),velocity=Vector3.new(0.000000, 0.000416, 0.000000),slideActive=false,wallhopFlick=false},
            {type="keyframe",time=0.534103,cframe=CFrame.new(-44.763866,-147.000000,38.253654,0.999124,0.000000,-0.041836,0.000000,1.000000,0.000000,0.041836,0.000000,0.999124),velocity=Vector3.new(0.000000, 0.000416, 0.000000),slideActive=false,wallhopFlick=false},
            {type="keyframe",time=0.538586,cframe=CFrame.new(-44.763866,-147.000000,38.253654,0.999124,0.000000,-0.041836,0.000000,1.000000,0.000000,0.041836,0.000000,0.999124),velocity=Vector3.new(0.000000, 0.000416, 0.000000),slideActive=false,wallhopFlick=false},
            {type="keyframe",time=0.542988,cframe=CFrame.new(-44.763866,-147.000000,38.253654,0.999124,0.000000,-0.041836,0.000000,1.000000,0.000000,0.041836,0.000000,0.999124),velocity=Vector3.new(0.000000, 0.000416, 0.000000),slideActive=false,wallhopFlick=false},
            {type="keyframe",time=0.548472,cframe=CFrame.new(-44.763866,-147.000000,38.253654,0.999124,0.000000,-0.041836,0.000000,1.000000,0.000000,0.041836,0.000000,0.999124),velocity=Vector3.new(0.000000, 0.000416, 0.000000),slideActive=false,wallhopFlick=false},
            {type="keyframe",time=0.553228,cframe=CFrame.new(-44.763866,-147.000000,38.253654,0.999124,0.000000,-0.041836,0.000000,1.000000,0.000000,0.041836,0.000000,0.999124),velocity=Vector3.new(0.000000, 0.000416, 0.000000),slideActive=false,wallhopFlick=false},
            {type="keyframe",time=0.557666,cframe=CFrame.new(-44.763866,-147.000000,38.253654,0.999124,0.000000,-0.041836,0.000000,1.000000,0.000000,0.041836,0.000000,0.999124),velocity=Vector3.new(0.000000, 0.000416, 0.000000),slideActive=false,wallhopFlick=false},
            {type="keyframe",time=0.562165,cframe=CFrame.new(-44.763866,-147.000000,38.253654,0.999124,0.000000,-0.041836,0.000000,1.000000,0.000000,0.041836,0.000000,0.999124),velocity=Vector3.new(0.000000, 0.000416, 0.000000),slideActive=false,wallhopFlick=false},
            {type="keyframe",time=0.567519,cframe=CFrame.new(-44.763866,-147.000000,38.253654,0.999124,0.000000,-0.041836,0.000000,1.000000,0.000000,0.041836,0.000000,0.999124),velocity=Vector3.new(0.000000, 0.000416, 0.000000),slideActive=false,wallhopFlick=false},
            {type="keyframe",time=0.572193,cframe=CFrame.new(-44.763866,-147.000000,38.253654,0.999124,0.000000,-0.041836,0.000000,1.000000,0.000000,0.041836,0.000000,0.999124),velocity=Vector3.new(0.000000, 0.000416, 0.000000),slideActive=false,wallhopFlick=false},
            {type="keyframe",time=0.576904,cframe=CFrame.new(-44.763866,-147.000000,38.253654,0.999124,0.000000,-0.041836,0.000000,1.000000,0.000000,0.041836,0.000000,0.999124),velocity=Vector3.new(0.000000, 0.000416, 0.000000),slideActive=false,wallhopFlick=false},
            {type="keyframe",time=0.582554,cframe=CFrame.new(-44.763866,-147.000000,38.253654,0.999124,0.000000,-0.041836,0.000000,1.000000,0.000000,0.041836,0.000000,0.999124),velocity=Vector3.new(0.000000, 0.000416, 0.000000),slideActive=false,wallhopFlick=false},
            {type="keyframe",time=0.587277,cframe=CFrame.new(-44.763866,-147.000000,38.253654,0.999124,0.000000,-0.041836,0.000000,1.000000,0.000000,0.041836,0.000000,0.999124),velocity=Vector3.new(0.000000, 0.000416, 0.000000),slideActive=false,wallhopFlick=false},
            {type="keyframe",time=0.591532,cframe=CFrame.new(-44.763866,-147.000000,38.253654,0.999124,0.000000,-0.041836,0.000000,1.000000,0.000000,0.041836,0.000000,0.999124),velocity=Vector3.new(0.000000, 0.000416, 0.000000),slideActive=false,wallhopFlick=false},
            {type="keyframe",time=0.596464,cframe=CFrame.new(-44.763866,-147.000000,38.253654,0.999124,0.000000,-0.041836,0.000000,1.000000,0.000000,0.041836,0.000000,0.999124),velocity=Vector3.new(0.000000, 0.000416, 0.000000),slideActive=false,wallhopFlick=false},
            {type="keyframe",time=0.602018,cframe=CFrame.new(-44.763866,-147.000000,38.253654,0.999124,0.000000,-0.041836,0.000000,1.000000,0.000000,0.041836,0.000000,0.999124),velocity=Vector3.new(0.000000, 0.000416, 0.000000),slideActive=false,wallhopFlick=false},
            {type="keyframe",time=0.605973,cframe=CFrame.new(-44.763866,-147.000000,38.253654,0.999124,0.000000,-0.041836,0.000000,1.000000,0.000000,0.041836,0.000000,0.999124),velocity=Vector3.new(0.000000, 0.000416, 0.000000),slideActive=false,wallhopFlick=false},
            {type="keyframe",time=0.610363,cframe=CFrame.new(-44.763866,-147.000000,38.253654,0.999124,0.000000,-0.041836,0.000000,1.000000,0.000000,0.041836,0.000000,0.999124),velocity=Vector3.new(0.000000, 0.000416, 0.000000),slideActive=false,wallhopFlick=false},
            {type="keyframe",time=0.615127,cframe=CFrame.new(-44.763866,-147.000000,38.253654,0.999124,0.000000,-0.041836,0.000000,1.000000,0.000000,0.041836,0.000000,0.999124),velocity=Vector3.new(0.000000, 0.000416, 0.000000),slideActive=false,wallhopFlick=false},
            {type="keyframe",time=0.620572,cframe=CFrame.new(-44.763866,-147.000000,38.253654,0.999124,0.000000,-0.041836,0.000000,1.000000,0.000000,0.041836,0.000000,0.999124),velocity=Vector3.new(0.000000, 0.000416, 0.000000),slideActive=false,wallhopFlick=false},
            {type="keyframe",time=0.625139,cframe=CFrame.new(-44.763866,-147.000000,38.253654,0.999124,0.000000,-0.041836,0.000000,1.000000,0.000000,0.041836,0.000000,0.999124),velocity=Vector3.new(0.000000, 0.000416, 0.000000),slideActive=false,wallhopFlick=false},
            {type="keyframe",time=0.629564,cframe=CFrame.new(-44.763866,-147.000000,38.253654,0.999124,0.000000,-0.041836,0.000000,1.000000,0.000000,0.041836,0.000000,0.999124),velocity=Vector3.new(0.000000, 0.000416, 0.000000),slideActive=false,wallhopFlick=false},
            {type="keyframe",time=0.634978,cframe=CFrame.new(-44.763866,-147.000000,38.253654,0.999124,0.000000,-0.041836,0.000000,1.000000,0.000000,0.041836,0.000000,0.999124),velocity=Vector3.new(0.000000, 0.000416, 0.000000),slideActive=false,wallhopFlick=false},
            {type="keyframe",time=0.639336,cframe=CFrame.new(-44.763866,-147.000000,38.253654,0.999124,0.000000,-0.041836,0.000000,1.000000,0.000000,0.041836,0.000000,0.999124),velocity=Vector3.new(0.000000, 0.000416, 0.000000),slideActive=false,wallhopFlick=false},
            {type="keyframe",time=0.644550,cframe=CFrame.new(-44.763866,-147.000000,38.253654,0.999124,0.000000,-0.041836,0.000000,1.000000,0.000000,0.041836,0.000000,0.999124),velocity=Vector3.new(0.000000, 0.000416, 0.000000),slideActive=false,wallhopFlick=false},
            {type="keyframe",time=0.649608,cframe=CFrame.new(-44.763866,-147.000000,38.253654,0.999124,0.000000,-0.041836,0.000000,1.000000,0.000000,0.041836,0.000000,0.999124),velocity=Vector3.new(0.000000, 0.000416, 0.000000),slideActive=false,wallhopFlick=false},
            {type="keyframe",time=0.654442,cframe=CFrame.new(-44.763866,-147.000000,38.253654,0.999124,0.000000,-0.041836,0.000000,1.000000,0.000000,0.041836,0.000000,0.999124),velocity=Vector3.new(0.000000, 0.000416, 0.000000),slideActive=false,wallhopFlick=false},
            {type="keyframe",time=0.658482,cframe=CFrame.new(-44.763866,-147.000000,38.253654,0.999124,0.000000,-0.041836,0.000000,1.000000,0.000000,0.041836,0.000000,0.999124),velocity=Vector3.new(0.000000, 0.000416, 0.000000),slideActive=false,wallhopFlick=false},
            {type="keyframe",time=0.663394,cframe=CFrame.new(-44.763866,-147.000000,38.253654,0.999124,0.000000,-0.041836,0.000000,1.000000,0.000000,0.041836,0.000000,0.999124),velocity=Vector3.new(0.000000, 0.000416, 0.000000),slideActive=false,wallhopFlick=false},
            {type="keyframe",time=0.668628,cframe=CFrame.new(-44.763866,-147.000000,38.253654,0.999124,0.000000,-0.041836,0.000000,1.000000,0.000000,0.041836,0.000000,0.999124),velocity=Vector3.new(0.000000, 0.000416, 0.000000),slideActive=false,wallhopFlick=false},
            {type="keyframe",time=0.672852,cframe=CFrame.new(-44.763866,-147.000000,38.253654,0.999124,0.000000,-0.041836,0.000000,1.000000,0.000000,0.041836,0.000000,0.999124),velocity=Vector3.new(0.000000, 0.000416, 0.000000),slideActive=false,wallhopFlick=false},
            {type="keyframe",time=0.677473,cframe=CFrame.new(-44.763866,-147.000000,38.253654,0.999124,0.000000,-0.041836,0.000000,1.000000,0.000000,0.041836,0.000000,0.999124),velocity=Vector3.new(0.000000, 0.000416, 0.000000),slideActive=false,wallhopFlick=false},
            {type="keyframe",time=0.682219,cframe=CFrame.new(-44.763866,-147.000000,38.253654,0.999124,0.000000,-0.041836,0.000000,1.000000,0.000000,0.041836,0.000000,0.999124),velocity=Vector3.new(0.000000, 0.000416, 0.000000),slideActive=false,wallhopFlick=false},
            {type="keyframe",time=0.687931,cframe=CFrame.new(-44.763866,-147.000000,38.253654,0.999124,0.000000,-0.041836,0.000000,1.000000,0.000000,0.041836,0.000000,0.999124),velocity=Vector3.new(0.000000, 0.000416, 0.000000),slideActive=false,wallhopFlick=false},
            {type="keyframe",time=0.692025,cframe=CFrame.new(-44.763866,-147.000000,38.253654,0.999124,0.000000,-0.041836,0.000000,1.000000,0.000000,0.041836,0.000000,0.999124),velocity=Vector3.new(0.000000, 0.000416, 0.000000),slideActive=false,wallhopFlick=false},
            {type="keyframe",time=0.696638,cframe=CFrame.new(-44.763866,-147.000000,38.253654,0.999124,0.000000,-0.041836,0.000000,1.000000,0.000000,0.041836,0.000000,0.999124),velocity=Vector3.new(0.000000, 0.000416, 0.000000),slideActive=false,wallhopFlick=false},
            {type="keyframe",time=0.701977,cframe=CFrame.new(-44.763866,-147.000000,38.253654,0.999124,0.000000,-0.041836,0.000000,1.000000,0.000000,0.041836,0.000000,0.999124),velocity=Vector3.new(0.000000, 0.000416, 0.000000),slideActive=false,wallhopFlick=false},
            {type="keyframe",time=0.706613,cframe=CFrame.new(-44.763866,-147.000000,38.253654,0.999124,0.000000,-0.041836,0.000000,1.000000,0.000000,0.041836,0.000000,0.999124),velocity=Vector3.new(0.000000, 0.000416, 0.000000),slideActive=false,wallhopFlick=false},
            {type="keyframe",time=0.710846,cframe=CFrame.new(-44.763866,-147.000000,38.253654,0.999124,0.000000,-0.041836,0.000000,1.000000,0.000000,0.041836,0.000000,0.999124),velocity=Vector3.new(0.000000, 0.000416, 0.000000),slideActive=false,wallhopFlick=false},
            {type="keyframe",time=0.715624,cframe=CFrame.new(-44.763866,-147.000000,38.253654,0.999124,0.000000,-0.041836,0.000000,1.000000,0.000000,0.041836,0.000000,0.999124),velocity=Vector3.new(0.000000, 0.000416, 0.000000),slideActive=false,wallhopFlick=false},
            {type="keyframe",time=0.721039,cframe=CFrame.new(-44.763866,-147.000000,38.253654,0.999124,0.000000,-0.041836,0.000000,1.000000,0.000000,0.041836,0.000000,0.999124),velocity=Vector3.new(0.000000, 0.000416, 0.000000),slideActive=false,wallhopFlick=false},
