local TAS_LIBRARY = {}

function TAS_LIBRARY.getTAS(mapName)
    local tasData = nil
    -- Cole aqui os blocos EXPORTADOS pelo seu script, por exemplo:
    if mapName == "lobby run" then
        tasData = { --    elseif mapName == "lobby_run" then
        tasData = {
            {type="keyframe",time=0.003028,cframe=CFrame.new(9.323387,-141.005035,19.086788,0.366342,0.000000,0.930480,0.000000,1.000000,0.000000,-0.930480,0.000000,0.366342),velocity=Vector3.new(0.000000, 0.000416, -0.000000),slideActive=false,wallhopFlick=false},
            {type="keyframe",time=0.008254,cframe=CFrame.new(9.323387,-141.005035,19.086788,0.366342,0.000000,0.930480,0.000000,1.000000,0.000000,-0.930480,0.000000,0.366342),velocity=Vector3.new(0.000000, 0.000416, -0.000000),slideActive=false,wallhopFlick=false},
            {type="keyframe",time=0.013410,cframe=CFrame.new(9.323387,-141.005035,19.086788,0.366342,0.000000,0.930480,0.000000,1.000000,0.000000,-0.930480,0.000000,0.366342),velocity=Vector3.new(0.000000, 0.000416, -0.000000),slideActive=false,wallhopFlick=false},
            {type="keyframe",time=0.017582,cframe=CFrame.new(9.323387,-141.005035,19.086788,0.366342,0.000000,0.930480,0.000000,1.000000,0.000000,-0.930480,0.000000,0.366342),velocity=Vector3.new(0.000000, 0.000416, -0.000000),slideActive=false,wallhopFlick=false},
            {type="keyframe",time=0.021446,cframe=CFrame.new(9.323387,-141.005035,19.086788,0.366342,0.000000,0.930480,0.000000,1.000000,0.000000,-0.930480,0.000000,0.366342),velocity=Vector3.new(0.000000, 0.000416, -0.000000),slideActive=false,wallhopFlick=false},
            {type="keyframe",time=0.025633,cframe=CFrame.new(9.323387,-141.005035,19.086788,0.366342,0.000000,0.930480,0.000000,1.000000,0.000000,-0.930480,0.000000,0.366342),velocity=Vector3.new(0.000000, 0.000416, -0.000000),slideActive=false,wallhopFlick=false},
            {type="keyframe",time=0.030329,cframe=CFrame.new(9.323387,-141.005035,19.086788,0.366342,0.000000,0.930480,0.000000,1.000000,0.000000,-0.930480,0.000000,0.366342),velocity=Vector3.new(0.000000, 0.000416, -0.000000),slideActive=false,wallhopFlick=false},
            {type="keyframe",time=0.034589,cframe=CFrame.new(9.323387,-141.005035,19.086788,0.366342,0.000000,0.930480,0.000000,1.000000,0.000000,-0.930480,0.000000,0.366342),velocity=Vector3.new(0.000000, 0.000416, -0.000000),slideActive=false,wallhopFlick=false},
            {type="input",time=0.035654,key="W",state=true},
            {type="keyframe",time=0.039170,cframe=CFrame.new(9.323387,-141.005035,19.086788,0.366342,0.000000,0.930480,0.000000,1.000000,0.000000,-0.930480,0.000000,0.366342),velocity=Vector3.new(0.000000, 0.000416, -0.000000),slideActive=false,wallhopFlick=false},
            {type="keyframe",time=0.042755,cframe=CFrame.new(9.323387,-141.005035,19.086788,0.366342,0.000000,0.930480,0.000000,1.000000,0.000000,-0.930480,0.000000,0.366342),velocity=Vector3.new(0.000000, 0.000416, -0.000000),slideActive=false,wallhopFlick=false},
            {type="keyframe",time=0.048256,cframe=CFrame.new(9.333364,-141.005035,19.045046,0.415479,0.000000,0.909603,0.000000,1.000000,0.000000,-0.909603,0.000000,0.415479),velocity=Vector3.new(1.197247, 0.000416, -5.009160),slideActive=false,wallhopFlick=false},
            {type="keyframe",time=0.052744,cframe=CFrame.new(9.333364,-141.005035,19.045046,0.415479,0.000000,0.909603,0.000000,1.000000,0.000000,-0.909603,0.000000,0.415479),velocity=Vector3.new(1.197247, 0.000416, -5.009160),slideActive=false,wallhopFlick=false},
            {type="keyframe",time=0.056630,cframe=CFrame.new(9.353318,-141.005035,18.961559,0.468661,0.000000,0.883378,0.000000,1.000000,0.000000,-0.883378,0.000000,0.468661),velocity=Vector3.new(2.394494, 0.000416, -10.018319),slideActive=false,wallhopFlick=false},
            {type="keyframe",time=0.060875,cframe=CFrame.new(9.353318,-141.005035,18.961559,0.468661,0.000000,0.883378,0.000000,1.000000,0.000000,-0.883378,0.000000,0.468661),velocity=Vector3.new(2.394494, 0.000416, -10.018319),slideActive=false,wallhopFlick=false},
            {type="keyframe",time=0.065772,cframe=CFrame.new(9.382936,-141.005035,18.836256,0.518391,0.000000,0.855143,0.000000,1.000000,0.000000,-0.855143,0.000000,0.518391),velocity=Vector3.new(3.554212, 0.000416, -15.036301),slideActive=false,wallhopFlick=false},
            {type="keyframe",time=0.069720,cframe=CFrame.new(9.419703,-141.005035,18.680027,0.563515,0.000000,0.826106,0.000000,1.000000,0.000000,-0.826106,0.000000,0.563515),velocity=Vector3.new(4.411920, 0.000416, -18.747517),slideActive=false,wallhopFlick=false},
            {type="keyframe",time=0.074958,cframe=CFrame.new(9.419703,-141.005035,18.680027,0.563515,0.000000,0.826106,0.000000,1.000000,0.000000,-0.826106,0.000000,0.563515),velocity=Vector3.new(4.411920, 0.000416, -18.747517),slideActive=false,wallhopFlick=false},
            {type="keyframe",time=0.078502,cframe=CFrame.new(9.457156,-141.005035,18.518515,0.604338,0.000000,0.796728,0.000000,1.000000,0.000000,-0.796728,0.000000,0.604338),velocity=Vector3.new(4.494423, 0.000416, -19.381588),slideActive=false,wallhopFlick=false},
            {type="keyframe",time=0.082616,cframe=CFrame.new(9.457156,-141.005035,18.518515,0.604338,0.000000,0.796728,0.000000,1.000000,0.000000,-0.796728,0.000000,0.604338),velocity=Vector3.new(4.494423, 0.000416, -19.381588),slideActive=false,wallhopFlick=false},
            {type="keyframe",time=0.086885,cframe=CFrame.new(9.494706,-141.005035,18.356258,0.641062,0.000000,0.767489,0.000000,1.000000,0.000000,-0.767489,0.000000,0.641062),velocity=Vector3.new(4.506025, 0.000416, -19.470753),slideActive=false,wallhopFlick=false},
            {type="keyframe",time=0.090711,cframe=CFrame.new(9.494706,-141.005035,18.356258,0.641062,0.000000,0.767489,0.000000,1.000000,0.000000,-0.767489,0.000000,0.641062),velocity=Vector3.new(4.506025, 0.000416, -19.470753),slideActive=false,wallhopFlick=false},
            {type="keyframe",time=0.095241,cframe=CFrame.new(9.531763,-141.005035,18.193781,0.674186,0.000000,0.738561,0.000000,1.000000,0.000000,-0.738561,0.000000,0.674186),velocity=Vector3.new(4.446841, 0.000416, -19.497244),slideActive=false,wallhopFlick=false},
            {type="keyframe",time=0.103592,cframe=CFrame.new(9.531763,-141.005035,18.193781,0.674186,0.000000,0.738561,0.000000,1.000000,0.000000,-0.738561,0.000000,0.674186),velocity=Vector3.new(4.446841, 0.000416, -19.497244),slideActive=false,wallhopFlick=false},
            {type="keyframe",time=0.107562,cframe=CFrame.new(9.567228,-141.005035,18.030935,0.704354,0.000000,0.709849,0.000000,1.000000,0.000000,-0.709849,0.000000,0.704354),velocity=Vector3.new(4.255773, 0.000416, -19.541506),slideActive=false,wallhopFlick=false},
            {type="keyframe",time=0.112524,cframe=CFrame.new(9.602469,-141.005035,17.868038,0.731461,0.000000,0.681883,0.000000,1.000000,0.000000,-0.681883,0.000000,0.731461),velocity=Vector3.new(4.228904, 0.000416, -19.547729),slideActive=false,wallhopFlick=false},
            {type="keyframe",time=0.116691,cframe=CFrame.new(9.602469,-141.005035,17.868038,0.731461,0.000000,0.681883,0.000000,1.000000,0.000000,-0.681883,0.000000,0.731461),velocity=Vector3.new(4.228904, 0.000416, -19.547729),slideActive=false,wallhopFlick=false},
            {type="keyframe",time=0.120220,cframe=CFrame.new(9.637171,-141.005035,17.705025,0.755882,0.000000,0.654708,0.000000,1.000000,0.000000,-0.654708,0.000000,0.755882),velocity=Vector3.new(4.164115, 0.000416, -19.561674),slideActive=false,wallhopFlick=false},
            {type="keyframe",time=0.123931,cframe=CFrame.new(9.637171,-141.005035,17.705025,0.755882,0.000000,0.654708,0.000000,1.000000,0.000000,-0.654708,0.000000,0.755882),velocity=Vector3.new(4.164115, 0.000416, -19.561674),slideActive=false,wallhopFlick=false},
            {type="keyframe",time=0.133585,cframe=CFrame.new(9.671287,-141.005035,17.541887,0.777895,0.000000,0.628394,0.000000,1.000000,0.000000,-0.628394,0.000000,0.777895),velocity=Vector3.new(4.093946, 0.000416, -19.576481),slideActive=false,wallhopFlick=false},
            {type="keyframe",time=0.137571,cframe=CFrame.new(9.704302,-141.005035,17.378525,0.797865,0.000000,0.602836,0.000000,1.000000,0.000000,-0.602836,0.000000,0.797865),velocity=Vector3.new(3.961823, 0.000416, -19.603592),slideActive=false,wallhopFlick=false},
            {type="keyframe",time=0.142273,cframe=CFrame.new(9.704302,-141.005035,17.378525,0.797865,0.000000,0.602836,0.000000,1.000000,0.000000,-0.602836,0.000000,0.797865),velocity=Vector3.new(3.961823, 0.000416, -19.603592),slideActive=false,wallhopFlick=false},
            {type="keyframe",time=0.145651,cframe=CFrame.new(9.736142,-141.005035,17.214928,0.816008,0.000000,0.578041,0.000000,1.000000,0.000000,-0.578041,0.000000,0.816008),velocity=Vector3.new(3.820810, 0.000416, -19.631546),slideActive=false,wallhopFlick=false},
            {type="keyframe",time=0.150144,cframe=CFrame.new(9.736142,-141.005035,17.214928,0.816008,0.000000,0.578041,0.000000,1.000000,0.000000,-0.578041,0.000000,0.816008),velocity=Vector3.new(3.820810, 0.000416, -19.631546),slideActive=false,wallhopFlick=false},
            {type="keyframe",time=0.154557,cframe=CFrame.new(9.766795,-141.005035,17.051105,0.832502,0.000000,0.554022,0.000000,1.000000,0.000000,-0.554022,0.000000,0.832502),velocity=Vector3.new(3.678374, 0.000416, -19.658730),slideActive=false,wallhopFlick=false},
            {type="keyframe",time=0.158963,cframe=CFrame.new(9.766795,-141.005035,17.051105,0.832502,0.000000,0.554022,0.000000,1.000000,0.000000,-0.554022,0.000000,0.832502),velocity=Vector3.new(3.678374, 0.000416, -19.658730),slideActive=false,wallhopFlick=false},
            {type="keyframe",time=0.163914,cframe=CFrame.new(9.795746,-141.005035,16.886974,0.847612,0.000000,0.530616,0.000000,1.000000,0.000000,-0.530616,0.000000,0.847612),velocity=Vector3.new(3.474127, 0.000416, -19.695757),slideActive=false,wallhopFlick=false},
            {type="keyframe",time=0.168159,cframe=CFrame.new(9.795746,-141.005035,16.886974,0.847612,0.000000,0.530616,0.000000,1.000000,0.000000,-0.530616,0.000000,0.847612),velocity=Vector3.new(3.474127, 0.000416, -19.695757),slideActive=false,wallhopFlick=false},
            {type="keyframe",time=0.172349,cframe=CFrame.new(9.821893,-141.005035,16.722376,0.861683,0.000000,0.507447,0.000000,1.000000,0.000000,-0.507447,0.000000,0.861683),velocity=Vector3.new(3.137609, 0.000416, -19.751842),slideActive=false,wallhopFlick=false},
            {type="keyframe",time=0.176395,cframe=CFrame.new(9.821893,-141.005035,16.722376,0.861683,0.000000,0.507447,0.000000,1.000000,0.000000,-0.507447,0.000000,0.861683),velocity=Vector3.new(3.137609, 0.000416, -19.751842),slideActive=false,wallhopFlick=false},
            {type="keyframe",time=0.180770,cframe=CFrame.new(9.846103,-141.005035,16.557480,0.874624,0.000000,0.484802,0.000000,1.000000,0.000000,-0.484802,0.000000,0.874624),velocity=Vector3.new(2.905183, 0.000416, -19.787575),slideActive=false,wallhopFlick=false},
            {type="keyframe",time=0.184508,cframe=CFrame.new(9.846103,-141.005035,16.557480,0.874624,0.000000,0.484802,0.000000,1.000000,0.000000,-0.484802,0.000000,0.874624),velocity=Vector3.new(2.905183, 0.000416, -19.787575),slideActive=false,wallhopFlick=false},
            {type="keyframe",time=0.188613,cframe=CFrame.new(9.869011,-141.005035,16.392397,0.886407,0.000000,0.462906,0.000000,1.000000,0.000000,-0.462906,0.000000,0.886407),velocity=Vector3.new(2.748932, 0.000416, -19.810038),slideActive=false,wallhopFlick=false},
            {type="keyframe",time=0.193217,cframe=CFrame.new(9.869011,-141.005035,16.392397,0.886407,0.000000,0.462906,0.000000,1.000000,0.000000,-0.462906,0.000000,0.886407),velocity=Vector3.new(2.748932, 0.000416, -19.810038),slideActive=false,wallhopFlick=false},
            {type="keyframe",time=0.198439,cframe=CFrame.new(9.890189,-141.005035,16.227083,0.897211,0.000000,0.441602,0.000000,1.000000,0.000000,-0.441602,0.000000,0.897211),velocity=Vector3.new(2.541381, 0.000416, -19.837677),slideActive=false,wallhopFlick=false},
            {type="keyframe",time=0.201380,cframe=CFrame.new(9.890189,-141.005035,16.227083,0.897211,0.000000,0.441602,0.000000,1.000000,0.000000,-0.441602,0.000000,0.897211),velocity=Vector3.new(2.541381, 0.000416, -19.837677),slideActive=false,wallhopFlick=false},
            {type="keyframe",time=0.205592,cframe=CFrame.new(9.910092,-141.005035,16.061609,0.907046,0.000000,0.421031,0.000000,1.000000,0.000000,-0.421031,0.000000,0.907046),velocity=Vector3.new(2.388331, 0.000416, -19.856760),slideActive=false,wallhopFlick=false},
            {type="keyframe",time=0.209780,cframe=CFrame.new(9.910092,-141.005035,16.061609,0.907046,0.000000,0.421031,0.000000,1.000000,0.000000,-0.421031,0.000000,0.907046),velocity=Vector3.new(2.388331, 0.000416, -19.856760),slideActive=false,wallhopFlick=false},
            {type="keyframe",time=0.214949,cframe=CFrame.new(9.928266,-141.005035,15.895938,0.916072,0.000000,0.401014,0.000000,1.000000,0.000000,-0.401014,0.000000,0.916072),velocity=Vector3.new(2.180817, 0.000416, -19.880548),slideActive=false,wallhopFlick=false},
            {type="keyframe",time=0.219034,cframe=CFrame.new(9.928266,-141.005035,15.895938,0.916072,0.000000,0.401014,0.000000,1.000000,0.000000,-0.401014,0.000000,0.916072),velocity=Vector3.new(2.180817, 0.000416, -19.880548),slideActive=false,wallhopFlick=false},
            {type="keyframe",time=0.227692,cframe=CFrame.new(9.945162,-141.005035,15.730131,0.924292,0.000000,0.381687,0.000000,1.000000,0.000000,-0.381687,0.000000,0.924292),velocity=Vector3.new(2.027517, 0.000416, -19.896839),slideActive=false,wallhopFlick=false},
            {type="keyframe",time=0.232240,cframe=CFrame.new(9.960843,-141.005035,15.564205,0.931769,0.000000,0.363052,0.000000,1.000000,0.000000,-0.363052,0.000000,0.931769),velocity=Vector3.new(1.881751, 0.000416, -19.911173),slideActive=false,wallhopFlick=false},
            {type="keyframe",time=0.236054,cframe=CFrame.new(9.960843,-141.005035,15.564205,0.931769,0.000000,0.363052,0.000000,1.000000,0.000000,-0.363052,0.000000,0.931769),velocity=Vector3.new(1.881751, 0.000416, -19.911173),slideActive=false,wallhopFlick=false},
            {type="keyframe",time=0.240692,cframe=CFrame.new(9.974799,-141.005035,15.398126,0.938642,0.000000,0.344893,0.000000,1.000000,0.000000,-0.344893,0.000000,0.938642),velocity=Vector3.new(1.674784, 0.000416, -19.929562),slideActive=false,wallhopFlick=false},
            {type="keyframe",time=0.244744,cframe=CFrame.new(9.987476,-141.005035,15.231943,0.944904,0.000000,0.327347,0.000000,1.000000,0.000000,-0.327347,0.000000,0.944904),velocity=Vector3.new(1.521274, 0.000416, -19.941936),slideActive=false,wallhopFlick=false},
            {type="keyframe",time=0.249825,cframe=CFrame.new(9.987476,-141.005035,15.231943,0.944904,0.000000,0.327347,0.000000,1.000000,0.000000,-0.327347,0.000000,0.944904),velocity=Vector3.new(1.521274, 0.000416, -19.941936),slideActive=false,wallhopFlick=false},
            {type="keyframe",time=0.253888,cframe=CFrame.new(9.998937,-141.005035,15.065672,0.950602,0.000000,0.310412,0.000000,1.000000,0.000000,-0.310412,0.000000,0.950602),velocity=Vector3.new(1.375212, 0.000416, -19.952559),slideActive=false,wallhopFlick=false},
            {type="keyframe",time=0.258496,cframe=CFrame.new(9.998937,-141.005035,15.065672,0.950602,0.000000,0.310412,0.000000,1.000000,0.000000,-0.310412,0.000000,0.950602),velocity=Vector3.new(1.375212, 0.000416, -19.952559),slideActive=false,wallhopFlick=false},
            {type="keyframe",time=0.262835,cframe=CFrame.new(10.009188,-141.005035,14.899322,0.955786,0.000000,0.294063,0.000000,1.000000,0.000000,-0.294063,0.000000,0.955786),velocity=Vector3.new(1.230137, 0.000416, -19.962030),slideActive=false,wallhopFlick=false},
            {type="keyframe",time=0.266992,cframe=CFrame.new(10.009188,-141.005035,14.899322,0.955786,0.000000,0.294063,0.000000,1.000000,0.000000,-0.294063,0.000000,0.955786),velocity=Vector3.new(1.230137, 0.000416, -19.962030),slideActive=false,wallhopFlick=false},
            {type="keyframe",time=0.271759,cframe=CFrame.new(10.017712,-141.005035,14.732875,0.960559,0.000000,0.278075,0.000000,1.000000,0.000000,-0.278075,0.000000,0.960559),velocity=Vector3.new(1.022832, 0.000416, -19.973637),slideActive=false,wallhopFlick=false},
            {type="keyframe",time=0.275661,cframe=CFrame.new(10.017712,-141.005035,14.732875,0.960559,0.000000,0.278075,0.000000,1.000000,0.000000,-0.278075,0.000000,0.960559),velocity=Vector3.new(1.022832, 0.000416, -19.973637),slideActive=false,wallhopFlick=false},
            {type="keyframe",time=0.281256,cframe=CFrame.new(10.024954,-141.005035,14.566366,0.964908,0.000000,0.262590,0.000000,1.000000,0.000000,-0.262590,0.000000,0.964908),velocity=Vector3.new(0.869020, 0.000416, -19.980988),slideActive=false,wallhopFlick=false},
            {type="keyframe",time=0.284798,cframe=CFrame.new(10.024954,-141.005035,14.566366,0.964908,0.000000,0.262590,0.000000,1.000000,0.000000,-0.262590,0.000000,0.964908),velocity=Vector3.new(0.869020, 0.000416, -19.980988),slideActive=false,wallhopFlick=false},
            {type="keyframe",time=0.288967,cframe=CFrame.new(10.030976,-141.005035,14.399809,0.968860,0.000000,0.247609,0.000000,1.000000,0.000000,-0.247609,0.000000,0.968860),velocity=Vector3.new(0.722693, 0.000416, -19.986835),slideActive=false,wallhopFlick=false},
            {type="keyframe",time=0.293374,cframe=CFrame.new(10.030976,-141.005035,14.399809,0.968860,0.000000,0.247609,0.000000,1.000000,0.000000,-0.247609,0.000000,0.968860),velocity=Vector3.new(0.722693, 0.000416, -19.986835),slideActive=false,wallhopFlick=false},
            {type="keyframe",time=0.298411,cframe=CFrame.new(10.035268,-141.005035,14.233199,0.972498,0.000000,0.232913,0.000000,1.000000,0.000000,-0.232913,0.000000,0.972498),velocity=Vector3.new(0.515012, 0.000416, -19.993177),slideActive=false,wallhopFlick=false},
            {type="keyframe",time=0.302895,cframe=CFrame.new(10.035268,-141.005035,14.233199,0.972498,0.000000,0.232913,0.000000,1.000000,0.000000,-0.232913,0.000000,0.972498),velocity=Vector3.new(0.515012, 0.000416, -19.993177),slideActive=false,wallhopFlick=false},
            {type="keyframe",time=0.306868,cframe=CFrame.new(10.038277,-141.005035,14.066561,0.975804,0.000000,0.218647,0.000000,1.000000,0.000000,-0.218647,0.000000,0.975804),velocity=Vector3.new(0.361042, 0.000416, -19.996618),slideActive=false,wallhopFlick=false},
            {type="keyframe",time=0.310891,cframe=CFrame.new(10.038277,-141.005035,14.066561,0.975804,0.000000,0.218647,0.000000,1.000000,0.000000,-0.218647,0.000000,0.975804),velocity=Vector3.new(0.361042, 0.000416, -19.996618),slideActive=false,wallhopFlick=false},
            {type="keyframe",time=0.316237,cframe=CFrame.new(10.039545,-141.005035,13.899900,0.978841,0.000000,0.204620,0.000000,1.000000,0.000000,-0.204620,0.000000,0.978841),velocity=Vector3.new(0.152216, 0.000416, -19.999226),slideActive=false,wallhopFlick=false},
            {type="keyframe",time=0.320333,cframe=CFrame.new(10.040568,-141.005035,13.733237,0.981516,0.000000,0.191381,0.000000,1.000000,0.000000,-0.191381,0.000000,0.981516),velocity=Vector3.new(0.122850, 0.000416, -19.999594),slideActive=false,wallhopFlick=false},
            {type="keyframe",time=0.324311,cframe=CFrame.new(10.040568,-141.005035,13.733237,0.981516,0.000000,0.191381,0.000000,1.000000,0.000000,-0.191381,0.000000,0.981516),velocity=Vector3.new(0.122850, 0.000416, -19.999594),slideActive=false,wallhopFlick=false},
            {type="keyframe",time=0.328666,cframe=CFrame.new(10.040518,-141.005035,13.566571,0.983924,0.000000,0.178587,0.000000,1.000000,0.000000,-0.178587,0.000000,0.983924),velocity=Vector3.new(-0.006071, 0.000416, -19.999929),slideActive=false,wallhopFlick=false},
            {type="keyframe",time=0.333907,cframe=CFrame.new(10.040518,-141.005035,13.566571,0.983924,0.000000,0.178587,0.000000,1.000000,0.000000,-0.178587,0.000000,0.983924),velocity=Vector3.new(-0.006071, 0.000416, -19.999929),slideActive=false,wallhopFlick=false},
            {type="keyframe",time=0.337899,cframe=CFrame.new(10.039796,-141.005035,13.399906,0.986066,0.000000,0.166357,0.000000,1.000000,0.000000,-0.166357,0.000000,0.986066),velocity=Vector3.new(-0.086595, 0.000416, -19.999775),slideActive=false,wallhopFlick=false},
            {type="keyframe",time=0.343817,cframe=CFrame.new(10.039796,-141.005035,13.399906,0.986066,0.000000,0.166357,0.000000,1.000000,0.000000,-0.166357,0.000000,0.986066),velocity=Vector3.new(-0.086595, 0.000416, -19.999775),slideActive=false,wallhopFlick=false},
            {type="keyframe",time=0.347054,cframe=CFrame.new(10.037940,-141.005035,13.233251,0.987996,0.000000,0.154483,0.000000,1.000000,0.000000,-0.154483,0.000000,0.987996),velocity=Vector3.new(-0.222705, 0.000416, -19.998678),slideActive=false,wallhopFlick=false},
            {type="keyframe",time=0.351338,cframe=CFrame.new(10.037940,-141.005035,13.233251,0.987996,0.000000,0.154483,0.000000,1.000000,0.000000,-0.154483,0.000000,0.987996),velocity=Vector3.new(-0.222705, 0.000416, -19.998678),slideActive=false,wallhopFlick=false},
            {type="keyframe",time=0.355840,cframe=CFrame.new(10.034884,-141.005035,13.066613,0.989735,0.000000,0.142912,0.000000,1.000000,0.000000,-0.142912,0.000000,0.989735),velocity=Vector3.new(-0.366620, 0.000416, -19.996542),slideActive=false,wallhopFlick=false},
            {type="keyframe",time=0.359906,cframe=CFrame.new(10.034884,-141.005035,13.066613,0.989735,0.000000,0.142912,0.000000,1.000000,0.000000,-0.142912,0.000000,0.989735),velocity=Vector3.new(-0.366620, 0.000416, -19.996542),slideActive=false,wallhopFlick=false},
            {type="keyframe",time=0.365514,cframe=CFrame.new(10.028543,-141.005035,12.900073,0.991406,0.000000,0.130821,0.000000,1.000000,0.000000,-0.130821,0.000000,0.991406),velocity=Vector3.new(-0.761050, 0.000416, -19.984863),slideActive=false,wallhopFlick=false},
            {type="keyframe",time=0.369188,cframe=CFrame.new(10.021738,-141.005035,12.733546,0.992858,0.000000,0.119301,0.000000,1.000000,0.000000,-0.119301,0.000000,0.992858),velocity=Vector3.new(-0.816517, 0.000416, -19.983223),slideActive=false,wallhopFlick=false},
            {type="keyframe",time=0.377158,cframe=CFrame.new(10.021738,-141.005035,12.733546,0.992858,0.000000,0.119301,0.000000,1.000000,0.000000,-0.119301,0.000000,0.992858),velocity=Vector3.new(-0.816517, 0.000416, -19.983223),slideActive=false,wallhopFlick=false},
            {type="keyframe",time=0.382786,cframe=CFrame.new(10.011234,-141.005035,12.567218,0.994248,0.000000,0.107100,0.000000,1.000000,0.000000,-0.107100,0.000000,0.994248),velocity=Vector3.new(-1.260436, 0.000416, -19.959417),slideActive=false,wallhopFlick=false},
            {type="keyframe",time=0.386513,cframe=CFrame.new(10.000211,-141.005035,12.400917,0.995434,0.000000,0.095452,0.000000,1.000000,0.000000,-0.095452,0.000000,0.995434),velocity=Vector3.new(-1.322862, 0.000416, -19.956070),slideActive=false,wallhopFlick=false},
            {type="keyframe",time=0.390391,cframe=CFrame.new(10.000211,-141.005035,12.400917,0.995434,0.000000,0.095452,0.000000,1.000000,0.000000,-0.095452,0.000000,0.995434),velocity=Vector3.new(-1.322862, 0.000416, -19.956070),slideActive=false,wallhopFlick=false},
            {type="keyframe",time=0.395146,cframe=CFrame.new(9.985486,-141.005035,12.234909,0.996539,0.000000,0.083126,0.000000,1.000000,0.000000,-0.083126,0.000000,0.996539),velocity=Vector3.new(-1.767022, 0.000416, -19.920954),slideActive=false,wallhopFlick=false},
            {type="keyframe",time=0.400164,cframe=CFrame.new(9.985486,-141.005035,12.234909,0.996539,0.000000,0.083126,0.000000,1.000000,0.000000,-0.083126,0.000000,0.996539),velocity=Vector3.new(-1.767022, 0.000416, -19.920954),slideActive=false,wallhopFlick=false},
            {type="keyframe",time=0.404141,cframe=CFrame.new(9.970241,-141.005035,12.068942,0.997450,0.000000,0.071363,0.000000,1.000000,0.000000,-0.071363,0.000000,0.997450),velocity=Vector3.new(-1.829482, 0.000416, -19.916016),slideActive=false,wallhopFlick=false},
            {type="keyframe",time=0.408221,cframe=CFrame.new(9.970241,-141.005035,12.068942,0.997450,0.000000,0.071363,0.000000,1.000000,0.000000,-0.071363,0.000000,0.997450),velocity=Vector3.new(-1.829482, 0.000416, -19.916016),slideActive=false,wallhopFlick=false},
            {type="keyframe",time=0.413131,cframe=CFrame.new(9.950786,-141.005035,11.903423,0.998274,0.000000,0.058730,0.000000,1.000000,0.000000,-0.058730,0.000000,0.998274),velocity=Vector3.new(-2.334578, 0.000416, -19.862194),slideActive=false,wallhopFlick=false},
            {type="keyframe",time=0.416942,cframe=CFrame.new(9.950786,-141.005035,11.903423,0.998274,0.000000,0.058730,0.000000,1.000000,0.000000,-0.058730,0.000000,0.998274),velocity=Vector3.new(-2.334578, 0.000416, -19.862194),slideActive=false,wallhopFlick=false},
            {type="keyframe",time=0.421534,cframe=CFrame.new(9.928677,-141.005035,11.738235,0.998949,0.000000,0.045841,0.000000,1.000000,0.000000,-0.045841,0.000000,0.998949),velocity=Vector3.new(-2.653132, 0.000416, -19.822662),slideActive=false,wallhopFlick=false},
            {type="keyframe",time=0.425834,cframe=CFrame.new(9.928677,-141.005035,11.738235,0.998949,0.000000,0.045841,0.000000,1.000000,0.000000,-0.045841,0.000000,0.998949),velocity=Vector3.new(-2.653132, 0.000416, -19.822662),slideActive=false,wallhopFlick=false},
            {type="keyframe",time=0.431453,cframe=CFrame.new(9.904136,-141.005035,11.573388,0.999461,0.000000,0.032813,0.000000,1.000000,0.000000,-0.032813,0.000000,0.999461),velocity=Vector3.new(-2.944964, 0.000416, -19.781551),slideActive=false,wallhopFlick=false},
            {type="keyframe",time=0.435358,cframe=CFrame.new(9.904136,-141.005035,11.573388,0.999461,0.000000,0.032813,0.000000,1.000000,0.000000,-0.032813,0.000000,0.999461),velocity=Vector3.new(-2.944964, 0.000416, -19.781551),slideActive=false,wallhopFlick=false},
            {type="keyframe",time=0.439703,cframe=CFrame.new(9.876685,-141.005035,11.409002,0.999810,0.000000,0.019474,0.000000,1.000000,0.000000,-0.019474,0.000000,0.999810),velocity=Vector3.new(-3.294027, 0.000416, -19.726290),slideActive=false,wallhopFlick=false},
            {type="keyframe",time=0.444072,cframe=CFrame.new(9.876685,-141.005035,11.409002,0.999810,0.000000,0.019474,0.000000,1.000000,0.000000,-0.019474,0.000000,0.999810),velocity=Vector3.new(-3.294027, 0.000416, -19.726290),slideActive=false,wallhopFlick=false},
            {type="keyframe",time=0.449061,cframe=CFrame.new(9.846778,-141.005035,11.245045,0.999982,0.000000,0.006016,0.000000,1.000000,0.000000,-0.006016,0.000000,0.999982),velocity=Vector3.new(-3.588856, 0.000416, -19.674913),slideActive=false,wallhopFlick=false},
            {type="keyframe",time=0.453036,cframe=CFrame.new(9.813973,-141.005035,11.081643,0.999970,0.000000,-0.007724,0.000000,1.000000,0.000000,0.007724,0.000000,0.999970),velocity=Vector3.new(-3.936559, 0.000416, -19.608173),slideActive=false,wallhopFlick=false},
            {type="keyframe",time=0.461716,cframe=CFrame.new(9.813973,-141.005035,11.081643,0.999970,0.000000,-0.007724,0.000000,1.000000,0.000000,0.007724,0.000000,0.999970),velocity=Vector3.new(-3.936559, 0.000416, -19.608173),slideActive=false,wallhopFlick=false},
            {type="keyframe",time=0.466424,cframe=CFrame.new(9.778218,-141.005035,10.918862,0.999763,0.000000,-0.021754,0.000000,1.000000,0.000000,0.021754,0.000000,0.999763),velocity=Vector3.new(-4.290568, 0.000416, -19.533726),slideActive=false,wallhopFlick=false},
            {type="keyframe",time=0.471207,cframe=CFrame.new(9.740022,-141.005035,10.756636,0.999357,0.000000,-0.035855,0.000000,1.000000,0.000000,0.035855,0.000000,0.999357),velocity=Vector3.new(-4.583560, 0.000416, -19.467224),slideActive=false,wallhopFlick=false},
            {type="keyframe",time=0.474643,cframe=CFrame.new(9.740022,-141.005035,10.756636,0.999357,0.000000,-0.035855,0.000000,1.000000,0.000000,0.035855,0.000000,0.999357),velocity=Vector3.new(-4.583560, 0.000416, -19.467224),slideActive=false,wallhopFlick=false},
            {type="keyframe",time=0.479711,cframe=CFrame.new(9.698958,-141.005035,10.595112,0.998740,0.000000,-0.050186,0.000000,1.000000,0.000000,0.050186,0.000000,0.998740),velocity=Vector3.new(-4.927587, 0.000416, -19.382872),slideActive=false,wallhopFlick=false},
            {type="keyframe",time=0.483619,cframe=CFrame.new(9.698958,-141.005035,10.595112,0.998740,0.000000,-0.050186,0.000000,1.000000,0.000000,0.050186,0.000000,0.998740),velocity=Vector3.new(-4.927587, 0.000416, -19.382872),slideActive=false,wallhopFlick=false},
            {type="keyframe",time=0.487945,cframe=CFrame.new(9.654981,-141.005035,10.434358,0.997901,0.000000,-0.064757,0.000000,1.000000,0.000000,0.064757,0.000000,0.997901),velocity=Vector3.new(-5.277380, 0.000416, -19.290531),slideActive=false,wallhopFlick=false},
            {type="keyframe",time=0.492624,cframe=CFrame.new(9.654981,-141.005035,10.434358,0.997901,0.000000,-0.064757,0.000000,1.000000,0.000000,0.064757,0.000000,0.997901),velocity=Vector3.new(-5.277380, 0.000416, -19.290531),slideActive=false,wallhopFlick=false},
            {type="keyframe",time=0.497235,cframe=CFrame.new(9.607595,-141.005035,10.274576,0.996815,0.000000,-0.079754,0.000000,1.000000,0.000000,0.079754,0.000000,0.996815),velocity=Vector3.new(-5.686264, 0.000416, -19.173767),slideActive=false,wallhopFlick=false},
            {type="keyframe",time=0.501399,cframe=CFrame.new(9.607595,-141.005035,10.274576,0.996815,0.000000,-0.079754,0.000000,1.000000,0.000000,0.079754,0.000000,0.996815),velocity=Vector3.new(-5.686264, 0.000416, -19.173767),slideActive=false,wallhopFlick=false},
            {type="keyframe",time=0.505684,cframe=CFrame.new(9.556753,-141.005035,10.115862,0.995460,0.000000,-0.095178,0.000000,1.000000,0.000000,0.095178,0.000000,0.995460),velocity=Vector3.new(-6.101113, 0.000416, -19.045759),slideActive=false,wallhopFlick=false},
            {type="keyframe",time=0.510241,cframe=CFrame.new(9.556753,-141.005035,10.115862,0.995460,0.000000,-0.095178,0.000000,1.000000,0.000000,0.095178,0.000000,0.995460),velocity=Vector3.new(-6.101113, 0.000416, -19.045759),slideActive=false,wallhopFlick=false},
            {type="keyframe",time=0.515412,cframe=CFrame.new(9.502467,-141.005035,9.958292,0.993820,0.000000,-0.111002,0.000000,1.000000,0.000000,0.111002,0.000000,0.993820),velocity=Vector3.new(-6.514285, 0.000416, -18.908413),slideActive=false,wallhopFlick=false},
            {type="keyframe",time=0.519239,cframe=CFrame.new(9.502467,-141.005035,9.958292,0.993820,0.000000,-0.111002,0.000000,1.000000,0.000000,0.111002,0.000000,0.993820),velocity=Vector3.new(-6.514285, 0.000416, -18.908413),slideActive=false,wallhopFlick=false},
            {type="keyframe",time=0.523455,cframe=CFrame.new(9.444762,-141.005035,9.801942,0.991878,0.000000,-0.127191,0.000000,1.000000,0.000000,0.127191,0.000000,0.991878),velocity=Vector3.new(-6.924537, 0.000416, -18.762053),slideActive=false,wallhopFlick=false},
            {type="keyframe",time=0.527757,cframe=CFrame.new(9.444762,-141.005035,9.801942,0.991878,0.000000,-0.127191,0.000000,1.000000,0.000000,0.127191,0.000000,0.991878),velocity=Vector3.new(-6.924537, 0.000416, -18.762053),slideActive=false,wallhopFlick=false},
            {type="keyframe",time=0.534350,cframe=CFrame.new(9.381740,-141.005035,9.647669,0.989503,0.000000,-0.144511,0.000000,1.000000,0.000000,0.144511,0.000000,0.989503),velocity=Vector3.new(-7.562729, 0.000416, -18.512787),slideActive=false,wallhopFlick=false},
            {type="keyframe",time=0.541436,cframe=CFrame.new(9.317969,-141.005035,9.493688,0.986951,0.000000,-0.161022,0.000000,1.000000,0.000000,0.161022,0.000000,0.986951),velocity=Vector3.new(-7.652475, 0.000416, -18.477732),slideActive=false,wallhopFlick=false},
            {type="keyframe",time=0.546278,cframe=CFrame.new(9.317969,-141.005035,9.493688,0.986951,0.000000,-0.161022,0.000000,1.000000,0.000000,0.161022,0.000000,0.986951),velocity=Vector3.new(-7.652475, 0.000416, -18.477732),slideActive=false,wallhopFlick=false},
            {type="keyframe",time=0.551101,cframe=CFrame.new(9.249329,-141.005035,9.341827,0.983952,0.000000,-0.178432,0.000000,1.000000,0.000000,0.178432,0.000000,0.983952),velocity=Vector3.new(-8.236912, 0.000416, -18.223198),slideActive=false,wallhopFlick=false},
            {type="keyframe",time=0.555620,cframe=CFrame.new(9.180003,-141.005035,9.190266,0.980807,0.000000,-0.194980,0.000000,1.000000,0.000000,0.194980,0.000000,0.980807),velocity=Vector3.new(-8.319098, 0.000416, -18.187405),slideActive=false,wallhopFlick=false},
            {type="keyframe",time=0.559922,cframe=CFrame.new(9.180003,-141.005035,9.190266,0.980807,0.000000,-0.194980,0.000000,1.000000,0.000000,0.194980,0.000000,0.980807),velocity=Vector3.new(-8.319098, 0.000416, -18.187405),slideActive=false,wallhopFlick=false},
            {type="keyframe",time=0.563782,cframe=CFrame.new(9.106825,-141.005035,9.040534,0.977269,0.000000,-0.212002,0.000000,1.000000,0.000000,0.212002,0.000000,0.977269),velocity=Vector3.new(-8.781350, 0.000416, -17.967848),slideActive=false,wallhopFlick=false},
            {type="keyframe",time=0.568311,cframe=CFrame.new(9.106825,-141.005035,9.040534,0.977269,0.000000,-0.212002,0.000000,1.000000,0.000000,0.212002,0.000000,0.977269),velocity=Vector3.new(-8.781350, 0.000416, -17.967848),slideActive=false,wallhopFlick=false},
            {type="keyframe",time=0.571843,cframe=CFrame.new(9.031247,-141.005035,8.891994,0.973452,0.000000,-0.228892,0.000000,1.000000,0.000000,0.228892,0.000000,0.973452),velocity=Vector3.new(-9.069318, 0.000416, -17.824823),slideActive=false,wallhopFlick=false},
            {type="keyframe",time=0.576010,cframe=CFrame.new(9.031247,-141.005035,8.891994,0.973452,0.000000,-0.228892,0.000000,1.000000,0.000000,0.228892,0.000000,0.973452),velocity=Vector3.new(-9.069318, 0.000416, -17.824823),slideActive=false,wallhopFlick=false},
            {type="keyframe",time=0.580884,cframe=CFrame.new(8.953487,-141.005035,8.744582,0.969383,0.000000,-0.245552,0.000000,1.000000,0.000000,0.245552,0.000000,0.969383),velocity=Vector3.new(-9.331125, 0.000416, -17.689337),slideActive=false,wallhopFlick=false},
            {type="keyframe",time=0.584562,cframe=CFrame.new(8.953487,-141.005035,8.744582,0.969383,0.000000,-0.245552,0.000000,1.000000,0.000000,0.245552,0.000000,0.969383),velocity=Vector3.new(-9.331125, 0.000416, -17.689337),slideActive=false,wallhopFlick=false},
            {type="keyframe",time=0.588763,cframe=CFrame.new(8.873591,-141.005035,8.598318,0.965075,0.000000,-0.261972,0.000000,1.000000,0.000000,0.261972,0.000000,0.965075),velocity=Vector3.new(-9.587557, 0.000416, -17.551710),slideActive=false,wallhopFlick=false},
            {type="keyframe",time=0.593202,cframe=CFrame.new(8.873591,-141.005035,8.598318,0.965075,0.000000,-0.261972,0.000000,1.000000,0.000000,0.261972,0.000000,0.965075),velocity=Vector3.new(-9.587557, 0.000416, -17.551710),slideActive=false,wallhopFlick=false},
            {type="keyframe",time=0.598027,cframe=CFrame.new(8.791579,-141.005035,8.453230,0.960535,0.000000,-0.278158,0.000000,1.000000,0.000000,0.278158,0.000000,0.960535),velocity=Vector3.new(-9.841484, 0.000416, -17.410603),slideActive=false,wallhopFlick=false},
            {type="keyframe",time=0.602034,cframe=CFrame.new(8.791579,-141.005035,8.453230,0.960535,0.000000,-0.278158,0.000000,1.000000,0.000000,0.278158,0.000000,0.960535),velocity=Vector3.new(-9.841484, 0.000416, -17.410603),slideActive=false,wallhopFlick=false},
            {type="keyframe",time=0.606268,cframe=CFrame.new(8.707469,-141.005035,8.309348,0.955769,0.000000,-0.294117,0.000000,1.000000,0.000000,0.294117,0.000000,0.955769),velocity=Vector3.new(-10.093270, 0.000416, -17.265858),slideActive=false,wallhopFlick=false},
            {type="keyframe",time=0.616946,cframe=CFrame.new(8.623063,-141.005035,8.165635,0.951033,0.000000,-0.309090,0.000000,1.000000,0.000000,0.309090,0.000000,0.951033),velocity=Vector3.new(-10.128677, 0.000416, -17.245502),slideActive=false,wallhopFlick=false},
            {type="keyframe",time=0.623341,cframe=CFrame.new(8.536831,-141.005035,8.023013,0.946134,0.000000,-0.323776,0.000000,1.000000,0.000000,0.323776,0.000000,0.946134),velocity=Vector3.new(-10.347898, 0.000416, -17.114613),slideActive=false,wallhopFlick=false},
            {type="keyframe",time=0.627736,cframe=CFrame.new(8.536831,-141.005035,8.023013,0.946134,0.000000,-0.323776,0.000000,1.000000,0.000000,0.323776,0.000000,0.946134),velocity=Vector3.new(-10.347898, 0.000416, -17.114613),slideActive=false,wallhopFlick=false},
            {type="keyframe",time=0.632998,cframe=CFrame.new(8.447693,-141.005035,7.882194,0.940902,0.000000,-0.338678,0.000000,1.000000,0.000000,0.338678,0.000000,0.940902),velocity=Vector3.new(-10.696546, 0.000416, -16.898365),slideActive=false,wallhopFlick=false},
            {type="keyframe",time=0.636840,cframe=CFrame.new(8.356835,-141.005035,7.742473,0.935514,0.000000,-0.353289,0.000000,1.000000,0.000000,0.353289,0.000000,0.935514),velocity=Vector3.new(-10.902850, 0.000416, -16.766453),slideActive=false,wallhopFlick=false},
            {type="keyframe",time=0.640652,cframe=CFrame.new(8.356835,-141.005035,7.742473,0.935514,0.000000,-0.353289,0.000000,1.000000,0.000000,0.353289,0.000000,0.935514),velocity=Vector3.new(-10.902850, 0.000416, -16.766453),slideActive=false,wallhopFlick=false},
            {type="keyframe",time=0.644751,cframe=CFrame.new(8.264004,-141.005035,7.604057,0.929934,0.000000,-0.367727,0.000000,1.000000,0.000000,0.367727,0.000000,0.929934),velocity=Vector3.new(-11.139825, 0.000416, -16.609911),slideActive=false,wallhopFlick=false},
            {type="keyframe",time=0.649892,cframe=CFrame.new(8.264004,-141.005035,7.604057,0.929934,0.000000,-0.367727,0.000000,1.000000,0.000000,0.367727,0.000000,0.929934),velocity=Vector3.new(-11.139825, 0.000416, -16.609911),slideActive=false,wallhopFlick=false},
            {type="keyframe",time=0.653757,cframe=CFrame.new(8.169605,-141.005035,7.466704,0.924234,0.000000,-0.381826,0.000000,1.000000,0.000000,0.381826,0.000000,0.924234),velocity=Vector3.new(-11.327794, 0.000416, -16.482430),slideActive=false,wallhopFlick=false},
            {type="keyframe",time=0.658197,cframe=CFrame.new(8.169605,-141.005035,7.466704,0.924234,0.000000,-0.381826,0.000000,1.000000,0.000000,0.381826,0.000000,0.924234),velocity=Vector3.new(-11.327794, 0.000416, -16.482430),slideActive=false,wallhopFlick=false},
            {type="keyframe",time=0.662678,cframe=CFrame.new(8.073283,-141.005035,7.330693,0.918354,0.000000,-0.395760,0.000000,1.000000,0.000000,0.395760,0.000000,0.918354),velocity=Vector3.new(-11.558617, 0.000416, -16.321272),slideActive=false,wallhopFlick=false},
            {type="keyframe",time=0.666668,cframe=CFrame.new(8.073283,-141.005035,7.330693,0.918354,0.000000,-0.395760,0.000000,1.000000,0.000000,0.395760,0.000000,0.918354),velocity=Vector3.new(-11.558617, 0.000416, -16.321272),slideActive=false,wallhopFlick=false},
            {type="keyframe",time=0.671016,cframe=CFrame.new(7.975425,-141.005035,7.195783,0.912365,0.000000,-0.409377,0.000000,1.000000,0.000000,0.409377,0.000000,0.912365),velocity=Vector3.new(-11.742991, 0.000416, -16.189247),slideActive=false,wallhopFlick=false},
            {type="keyframe",time=0.675301,cframe=CFrame.new(7.975425,-141.005035,7.195783,0.912365,0.000000,-0.409377,0.000000,1.000000,0.000000,0.409377,0.000000,0.912365),velocity=Vector3.new(-11.742991, 0.000416, -16.189247),slideActive=false,wallhopFlick=false},
            {type="keyframe",time=0.680515,cframe=CFrame.new(7.875678,-141.005035,7.062263,0.906201,0.000000,-0.422848,0.000000,1.000000,0.000000,0.422848,0.000000,0.906201),velocity=Vector3.new(-11.969603, 0.000416, -16.022305),slideActive=false,wallhopFlick=false},
