local TAS_LIBRARY = {}

function TAS_LIBRARY.getTAS(mapName)
    local tasData = nil
    -- Cole aqui os blocos EXPORTADOS pelo seu script, por exemplo:
    if mapName == "lobby_parkour" then
        tasData = { -- O bloco do TAS que você exportou vai aqui }
    elseif mapName == "lobby_run" then
        tasData = {
            {type="keyframe",time=0.015902,cframe=CFrame.new(-32.000000,-144.444977,52.633999,-0.866007,0.000000,0.500031,0.000000,1.000000,0.000000,-0.500031,0.000000,-0.866007),velocity=Vector3.new(0.000000, 0.001249, 0.000000),slideActive=false,wallhopFlick=false},
            {type="keyframe",time=0.030363,cframe=CFrame.new(-32.000000,-144.444977,52.633999,-0.866007,0.000000,0.500031,0.000000,1.000000,0.000000,-0.500031,0.000000,-0.866007),velocity=Vector3.new(0.000000, 0.001249, 0.000000),slideActive=false,wallhopFlick=false},
            {type="keyframe",time=0.047015,cframe=CFrame.new(-32.000000,-144.444977,52.633999,-0.866007,0.000000,0.500031,0.000000,1.000000,0.000000,-0.500031,0.000000,-0.866007),velocity=Vector3.new(0.000000, 0.001249, 0.000000),slideActive=false,wallhopFlick=false},
            {type="keyframe",time=0.063728,cframe=CFrame.new(-32.000000,-144.444977,52.633999,-0.866007,0.000000,0.500031,0.000000,1.000000,0.000000,-0.500031,0.000000,-0.866007),velocity=Vector3.new(0.000000, 0.001249, 0.000000),slideActive=false,wallhopFlick=false},
            {type="keyframe",time=0.079668,cframe=CFrame.new(-32.000000,-144.444977,52.633999,-0.866007,0.000000,0.500031,0.000000,1.000000,0.000000,-0.500031,0.000000,-0.866007),velocity=Vector3.new(0.000000, 0.001249, 0.000000),slideActive=false,wallhopFlick=false},
            {type="keyframe",time=0.095691,cframe=CFrame.new(-32.000000,-144.444977,52.633999,-0.866007,0.000000,0.500031,0.000000,1.000000,0.000000,-0.500031,0.000000,-0.866007),velocity=Vector3.new(0.000000, 0.001249, 0.000000),slideActive=false,wallhopFlick=false},
            {type="keyframe",time=0.112628,cframe=CFrame.new(-32.000000,-144.444977,52.633999,-0.866007,0.000000,0.500031,0.000000,1.000000,0.000000,-0.500031,0.000000,-0.866007),velocity=Vector3.new(0.000000, 0.001249, 0.000000),slideActive=false,wallhopFlick=false},
            {type="keyframe",time=0.130615,cframe=CFrame.new(-32.000000,-144.444977,52.633999,-0.866007,0.000000,0.500031,0.000000,1.000000,0.000000,-0.500031,0.000000,-0.866007),velocity=Vector3.new(0.000000, 0.001249, 0.000000),slideActive=false,wallhopFlick=false},
            {type="keyframe",time=0.153774,cframe=CFrame.new(-32.000000,-144.444977,52.633999,-0.866007,0.000000,0.500031,0.000000,1.000000,0.000000,-0.500031,0.000000,-0.866007),velocity=Vector3.new(0.000000, 0.001249, 0.000000),slideActive=false,wallhopFlick=false},
            {type="keyframe",time=0.170028,cframe=CFrame.new(-32.000000,-144.444977,52.633999,-0.866007,0.000000,0.500031,0.000000,1.000000,0.000000,-0.500031,0.000000,-0.866007),velocity=Vector3.new(0.000000, 0.001249, 0.000000),slideActive=false,wallhopFlick=false},
            {type="keyframe",time=0.188539,cframe=CFrame.new(-32.000000,-144.444977,52.633999,-0.866007,0.000000,0.500031,0.000000,1.000000,0.000000,-0.500031,0.000000,-0.866007),velocity=Vector3.new(0.000000, 0.001249, 0.000000),slideActive=false,wallhopFlick=false},
            {type="keyframe",time=0.202800,cframe=CFrame.new(-32.000000,-144.444977,52.633999,-0.866007,0.000000,0.500031,0.000000,1.000000,0.000000,-0.500031,0.000000,-0.866007),velocity=Vector3.new(0.000000, 0.001249, 0.000000),slideActive=false,wallhopFlick=false},
            {type="keyframe",time=0.221145,cframe=CFrame.new(-32.000000,-144.444977,52.633999,-0.866007,0.000000,0.500031,0.000000,1.000000,0.000000,-0.500031,0.000000,-0.866007),velocity=Vector3.new(0.000000, 0.001249, 0.000000),slideActive=false,wallhopFlick=false},
            {type="keyframe",time=0.234343,cframe=CFrame.new(-32.000000,-144.444977,52.633999,-0.866007,0.000000,0.500031,0.000000,1.000000,0.000000,-0.500031,0.000000,-0.866007),velocity=Vector3.new(0.000000, 0.001249, 0.000000),slideActive=false,wallhopFlick=false},
            {type="keyframe",time=0.253553,cframe=CFrame.new(-32.000000,-144.444977,52.633999,-0.866007,0.000000,0.500031,0.000000,1.000000,0.000000,-0.500031,0.000000,-0.866007),velocity=Vector3.new(0.000000, 0.001249, 0.000000),slideActive=false,wallhopFlick=false},
            {type="keyframe",time=0.267975,cframe=CFrame.new(-32.000000,-144.444977,52.633999,-0.866007,0.000000,0.500031,0.000000,1.000000,0.000000,-0.500031,0.000000,-0.866007),velocity=Vector3.new(0.000000, 0.001249, 0.000000),slideActive=false,wallhopFlick=false},
            {type="keyframe",time=0.284075,cframe=CFrame.new(-32.000000,-144.444977,52.633999,-0.866007,0.000000,0.500031,0.000000,1.000000,0.000000,-0.500031,0.000000,-0.866007),velocity=Vector3.new(0.000000, 0.001249, 0.000000),slideActive=false,wallhopFlick=false},
            {type="keyframe",time=0.301236,cframe=CFrame.new(-32.000000,-144.444977,52.633999,-0.866007,0.000000,0.500031,0.000000,1.000000,0.000000,-0.500031,0.000000,-0.866007),velocity=Vector3.new(0.000000, 0.001249, 0.000000),slideActive=false,wallhopFlick=false},
            {type="keyframe",time=0.316435,cframe=CFrame.new(-32.000000,-144.444977,52.633999,-0.866007,0.000000,0.500031,0.000000,1.000000,0.000000,-0.500031,0.000000,-0.866007),velocity=Vector3.new(0.000000, 0.001249, 0.000000),slideActive=false,wallhopFlick=false},
            {type="keyframe",time=0.333111,cframe=CFrame.new(-32.000000,-144.444977,52.633999,-0.866007,0.000000,0.500031,0.000000,1.000000,0.000000,-0.500031,0.000000,-0.866007),velocity=Vector3.new(0.000000, 0.001249, 0.000000),slideActive=false,wallhopFlick=false},
            {type="keyframe",time=0.346564,cframe=CFrame.new(-32.000000,-144.444977,52.633999,-0.866007,0.000000,0.500031,0.000000,1.000000,0.000000,-0.500031,0.000000,-0.866007),velocity=Vector3.new(0.000000, 0.001249, 0.000000),slideActive=false,wallhopFlick=false},
            {type="keyframe",time=0.366410,cframe=CFrame.new(-32.000000,-144.444977,52.633999,-0.866007,0.000000,0.500031,0.000000,1.000000,0.000000,-0.500031,0.000000,-0.866007),velocity=Vector3.new(0.000000, 0.001249, 0.000000),slideActive=false,wallhopFlick=false},
            {type="keyframe",time=0.383311,cframe=CFrame.new(-32.000000,-144.444977,52.633999,-0.866007,0.000000,0.500031,0.000000,1.000000,0.000000,-0.500031,0.000000,-0.866007),velocity=Vector3.new(0.000000, 0.001249, 0.000000),slideActive=false,wallhopFlick=false},
            {type="keyframe",time=0.399196,cframe=CFrame.new(-32.000000,-144.444977,52.633999,-0.866007,0.000000,0.500031,0.000000,1.000000,0.000000,-0.500031,0.000000,-0.866007),velocity=Vector3.new(0.000000, 0.001249, 0.000000),slideActive=false,wallhopFlick=false},
            {type="keyframe",time=0.414100,cframe=CFrame.new(-32.000000,-144.444977,52.633999,-0.866007,0.000000,0.500031,0.000000,1.000000,0.000000,-0.500031,0.000000,-0.866007),velocity=Vector3.new(0.000000, 0.001249, 0.000000),slideActive=false,wallhopFlick=false},
            {type="keyframe",time=0.428339,cframe=CFrame.new(-32.000000,-144.444977,52.633999,-0.866007,0.000000,0.500031,0.000000,1.000000,0.000000,-0.500031,0.000000,-0.866007),velocity=Vector3.new(0.000000, 0.001249, 0.000000),slideActive=false,wallhopFlick=false},
            {type="keyframe",time=0.449132,cframe=CFrame.new(-32.000000,-144.444977,52.633999,-0.866007,0.000000,0.500031,0.000000,1.000000,0.000000,-0.500031,0.000000,-0.866007),velocity=Vector3.new(0.000000, 0.001249, 0.000000),slideActive=false,wallhopFlick=false},
            {type="keyframe",time=0.462013,cframe=CFrame.new(-32.000000,-144.444977,52.633999,-0.866007,0.000000,0.500031,0.000000,1.000000,0.000000,-0.500031,0.000000,-0.866007),velocity=Vector3.new(0.000000, 0.001249, 0.000000),slideActive=false,wallhopFlick=false},
            {type="keyframe",time=0.478550,cframe=CFrame.new(-32.000000,-144.444977,52.633999,-0.866007,0.000000,0.500031,0.000000,1.000000,0.000000,-0.500031,0.000000,-0.866007),velocity=Vector3.new(0.000000, 0.001249, 0.000000),slideActive=false,wallhopFlick=false},
            {type="keyframe",time=0.496198,cframe=CFrame.new(-32.000000,-144.444977,52.633999,-0.866007,0.000000,0.500031,0.000000,1.000000,0.000000,-0.500031,0.000000,-0.866007),velocity=Vector3.new(0.000000, 0.001249, 0.000000),slideActive=false,wallhopFlick=false},
            {type="keyframe",time=0.512859,cframe=CFrame.new(-32.000000,-144.444977,52.633999,-0.866007,0.000000,0.500031,0.000000,1.000000,0.000000,-0.500031,0.000000,-0.866007),velocity=Vector3.new(0.000000, 0.001249, 0.000000),slideActive=false,wallhopFlick=false},
            {type="keyframe",time=0.528183,cframe=CFrame.new(-32.000000,-144.444977,52.633999,-0.866007,0.000000,0.500031,0.000000,1.000000,0.000000,-0.500031,0.000000,-0.866007),velocity=Vector3.new(0.000000, 0.001249, 0.000000),slideActive=false,wallhopFlick=false},
            {type="keyframe",time=0.546494,cframe=CFrame.new(-32.000000,-144.444977,52.633999,-0.866007,0.000000,0.500031,0.000000,1.000000,0.000000,-0.500031,0.000000,-0.866007),velocity=Vector3.new(0.000000, 0.001249, 0.000000),slideActive=false,wallhopFlick=false},
            {type="keyframe",time=0.562984,cframe=CFrame.new(-32.000000,-144.444977,52.633999,-0.866007,0.000000,0.500031,0.000000,1.000000,0.000000,-0.500031,0.000000,-0.866007),velocity=Vector3.new(0.000000, 0.001249, 0.000000),slideActive=false,wallhopFlick=false},
            {type="keyframe",time=0.580218,cframe=CFrame.new(-32.000000,-144.444977,52.633999,-0.866007,0.000000,0.500031,0.000000,1.000000,0.000000,-0.500031,0.000000,-0.866007),velocity=Vector3.new(0.000000, 0.001249, 0.000000),slideActive=false,wallhopFlick=false},
            {type="keyframe",time=0.599558,cframe=CFrame.new(-32.000000,-144.444977,52.633999,-0.866007,0.000000,0.500031,0.000000,1.000000,0.000000,-0.500031,0.000000,-0.866007),velocity=Vector3.new(0.000000, 0.001249, 0.000000),slideActive=false,wallhopFlick=false},
            {type="keyframe",time=0.619803,cframe=CFrame.new(-32.000000,-144.444977,52.633999,-0.866007,0.000000,0.500031,0.000000,1.000000,0.000000,-0.500031,0.000000,-0.866007),velocity=Vector3.new(0.000000, 0.001249, 0.000000),slideActive=false,wallhopFlick=false},
            {type="keyframe",time=0.637143,cframe=CFrame.new(-32.000000,-144.444977,52.633999,-0.866007,0.000000,0.500031,0.000000,1.000000,0.000000,-0.500031,0.000000,-0.866007),velocity=Vector3.new(0.000000, 0.001249, 0.000000),slideActive=false,wallhopFlick=false},
            {type="keyframe",time=0.655718,cframe=CFrame.new(-32.000000,-144.444977,52.633999,-0.866007,0.000000,0.500031,0.000000,1.000000,0.000000,-0.500031,0.000000,-0.866007),velocity=Vector3.new(0.000000, 0.001249, 0.000000),slideActive=false,wallhopFlick=false},
            {type="keyframe",time=0.671804,cframe=CFrame.new(-32.000000,-144.444977,52.633999,-0.866007,0.000000,0.500031,0.000000,1.000000,0.000000,-0.500031,0.000000,-0.866007),velocity=Vector3.new(0.000000, 0.001249, 0.000000),slideActive=false,wallhopFlick=false},
            {type="keyframe",time=0.690792,cframe=CFrame.new(-32.000000,-144.444977,52.633999,-0.866007,0.000000,0.500031,0.000000,1.000000,0.000000,-0.500031,0.000000,-0.866007),velocity=Vector3.new(0.000000, 0.001249, 0.000000),slideActive=false,wallhopFlick=false},
            {type="keyframe",time=0.710521,cframe=CFrame.new(-32.000000,-144.444977,52.633999,-0.866007,0.000000,0.500031,0.000000,1.000000,0.000000,-0.500031,0.000000,-0.866007),velocity=Vector3.new(0.000000, 0.001249, 0.000000),slideActive=false,wallhopFlick=false},
            {type="keyframe",time=0.735296,cframe=CFrame.new(-32.000000,-144.444977,52.633999,-0.866007,0.000000,0.500031,0.000000,1.000000,0.000000,-0.500031,0.000000,-0.866007),velocity=Vector3.new(0.000000, 0.001249, 0.000000),slideActive=false,wallhopFlick=false},
            {type="keyframe",time=0.752451,cframe=CFrame.new(-32.000000,-144.444977,52.633999,-0.866007,0.000000,0.500031,0.000000,1.000000,0.000000,-0.500031,0.000000,-0.866007),velocity=Vector3.new(0.000000, 0.001249, 0.000000),slideActive=false,wallhopFlick=false},
            {type="keyframe",time=0.766531,cframe=CFrame.new(-32.000000,-144.444977,52.633999,-0.866007,0.000000,0.500031,0.000000,1.000000,0.000000,-0.500031,0.000000,-0.866007),velocity=Vector3.new(0.000000, 0.001249, 0.000000),slideActive=false,wallhopFlick=false},
            {type="keyframe",time=0.790002,cframe=CFrame.new(-32.000000,-144.444977,52.633999,-0.866007,0.000000,0.500031,0.000000,1.000000,0.000000,-0.500031,0.000000,-0.866007),velocity=Vector3.new(0.000000, 0.001249, 0.000000),slideActive=false,wallhopFlick=false},
            {type="keyframe",time=0.803535,cframe=CFrame.new(-32.000000,-144.444977,52.633999,-0.866007,0.000000,0.500031,0.000000,1.000000,0.000000,-0.500031,0.000000,-0.866007),velocity=Vector3.new(0.000000, 0.001249, 0.000000),slideActive=false,wallhopFlick=false},
            {type="keyframe",time=0.821906,cframe=CFrame.new(-32.000000,-144.444977,52.633999,-0.866007,0.000000,0.500031,0.000000,1.000000,0.000000,-0.500031,0.000000,-0.866007),velocity=Vector3.new(0.000000, 0.001249, 0.000000),slideActive=false,wallhopFlick=false},
            {type="keyframe",time=0.838886,cframe=CFrame.new(-32.000000,-144.444977,52.633999,-0.866007,0.000000,0.500031,0.000000,1.000000,0.000000,-0.500031,0.000000,-0.866007),velocity=Vector3.new(0.000000, 0.001249, 0.000000),slideActive=false,wallhopFlick=false},
            {type="keyframe",time=0.854042,cframe=CFrame.new(-32.000000,-144.444977,52.633999,-0.866007,0.000000,0.500031,0.000000,1.000000,0.000000,-0.500031,0.000000,-0.866007),velocity=Vector3.new(0.000000, 0.001249, 0.000000),slideActive=false,wallhopFlick=false},
            {type="keyframe",time=0.866980,cframe=CFrame.new(-32.000000,-144.444977,52.633999,-0.866007,0.000000,0.500031,0.000000,1.000000,0.000000,-0.500031,0.000000,-0.866007),velocity=Vector3.new(0.000000, 0.001249, 0.000000),slideActive=false,wallhopFlick=false},
            {type="keyframe",time=0.885370,cframe=CFrame.new(-32.000000,-144.444977,52.633999,-0.866007,0.000000,0.500031,0.000000,1.000000,0.000000,-0.500031,0.000000,-0.866007),velocity=Vector3.new(0.000000, 0.001249, 0.000000),slideActive=false,wallhopFlick=false},
            {type="keyframe",time=0.899683,cframe=CFrame.new(-32.000000,-144.444977,52.633999,-0.866007,0.000000,0.500031,0.000000,1.000000,0.000000,-0.500031,0.000000,-0.866007),velocity=Vector3.new(0.000000, 0.001249, 0.000000),slideActive=false,wallhopFlick=false},
            {type="keyframe",time=0.917692,cframe=CFrame.new(-32.000000,-144.444977,52.633999,-0.866007,0.000000,0.500031,0.000000,1.000000,0.000000,-0.500031,0.000000,-0.866007),velocity=Vector3.new(0.000000, 0.001249, 0.000000),slideActive=false,wallhopFlick=false},
            {type="keyframe",time=0.933110,cframe=CFrame.new(-32.000000,-144.444977,52.633999,-0.866007,0.000000,0.500031,0.000000,1.000000,0.000000,-0.500031,0.000000,-0.866007),velocity=Vector3.new(0.000000, 0.001249, 0.000000),slideActive=false,wallhopFlick=false},
            {type="keyframe",time=0.950632,cframe=CFrame.new(-32.000000,-144.444977,52.633999,-0.866007,0.000000,0.500031,0.000000,1.000000,0.000000,-0.500031,0.000000,-0.866007),velocity=Vector3.new(0.000000, 0.001249, 0.000000),slideActive=false,wallhopFlick=false},
            {type="keyframe",time=0.969888,cframe=CFrame.new(-32.000000,-144.444977,52.633999,-0.866007,0.000000,0.500031,0.000000,1.000000,0.000000,-0.500031,0.000000,-0.866007),velocity=Vector3.new(0.000000, 0.001249, 0.000000),slideActive=false,wallhopFlick=false},
            {type="keyframe",time=0.995274,cframe=CFrame.new(-32.000000,-144.444977,52.633999,-0.866007,0.000000,0.500031,0.000000,1.000000,0.000000,-0.500031,0.000000,-0.866007),velocity=Vector3.new(0.000000, 0.001249, 0.000000),slideActive=false,wallhopFlick=false},
            {type="keyframe",time=1.013058,cframe=CFrame.new(-32.000000,-144.444977,52.633999,-0.866007,0.000000,0.500031,0.000000,1.000000,0.000000,-0.500031,0.000000,-0.866007),velocity=Vector3.new(0.000000, 0.001249, 0.000000),slideActive=false,wallhopFlick=false},
            {type="keyframe",time=1.032172,cframe=CFrame.new(-32.000000,-144.444977,52.633999,-0.866007,0.000000,0.500031,0.000000,1.000000,0.000000,-0.500031,0.000000,-0.866007),velocity=Vector3.new(0.000000, 0.001249, 0.000000),slideActive=false,wallhopFlick=false},
            {type="keyframe",time=1.051451,cframe=CFrame.new(-32.000000,-144.444977,52.633999,-0.866007,0.000000,0.500031,0.000000,1.000000,0.000000,-0.500031,0.000000,-0.866007),velocity=Vector3.new(0.000000, 0.001249, 0.000000),slideActive=false,wallhopFlick=false},
            {type="keyframe",time=1.068804,cframe=CFrame.new(-32.000000,-144.444977,52.633999,-0.866007,0.000000,0.500031,0.000000,1.000000,0.000000,-0.500031,0.000000,-0.866007),velocity=Vector3.new(0.000000, 0.001249, 0.000000),slideActive=false,wallhopFlick=false},
            {type="keyframe",time=1.093096,cframe=CFrame.new(-32.000000,-144.444977,52.633999,-0.866007,0.000000,0.500031,0.000000,1.000000,0.000000,-0.500031,0.000000,-0.866007),velocity=Vector3.new(0.000000, 0.001249, 0.000000),slideActive=false,wallhopFlick=false},
            {type="keyframe",time=1.108560,cframe=CFrame.new(-32.000000,-144.444977,52.633999,-0.866007,0.000000,0.500031,0.000000,1.000000,0.000000,-0.500031,0.000000,-0.866007),velocity=Vector3.new(0.000000, 0.001249, 0.000000),slideActive=false,wallhopFlick=false},
            {type="keyframe",time=1.129826,cframe=CFrame.new(-32.000000,-144.444977,52.633999,-0.866007,0.000000,0.500031,0.000000,1.000000,0.000000,-0.500031,0.000000,-0.866007),velocity=Vector3.new(0.000000, 0.001249, 0.000000),slideActive=false,wallhopFlick=false},
            {type="keyframe",time=1.144233,cframe=CFrame.new(-32.000000,-144.444977,52.633999,-0.866007,0.000000,0.500031,0.000000,1.000000,0.000000,-0.500031,0.000000,-0.866007),velocity=Vector3.new(0.000000, 0.001249, 0.000000),slideActive=false,wallhopFlick=false},
            {type="keyframe",time=1.160738,cframe=CFrame.new(-32.000000,-144.444977,52.633999,-0.866007,0.000000,0.500031,0.000000,1.000000,0.000000,-0.500031,0.000000,-0.866007),velocity=Vector3.new(0.000000, 0.001249, 0.000000),slideActive=false,wallhopFlick=false},
            {type="keyframe",time=1.175734,cframe=CFrame.new(-32.000000,-144.444977,52.633999,-0.866007,0.000000,0.500031,0.000000,1.000000,0.000000,-0.500031,0.000000,-0.866007),velocity=Vector3.new(0.000000, 0.001249, 0.000000),slideActive=false,wallhopFlick=false},
            {type="keyframe",time=1.196619,cframe=CFrame.new(-31.938482,-144.444977,52.598480,-0.784920,0.000000,0.619597,0.000000,1.000000,0.000000,-0.619597,0.000000,-0.784920),velocity=Vector3.new(4.241757, 0.001249, -2.449185),slideActive=false,wallhopFlick=false},
            {type="keyframe",time=1.212041,cframe=CFrame.new(-31.805052,-144.444977,52.521435,-0.654885,0.000000,0.755729,0.000000,1.000000,0.000000,-0.755729,0.000000,-0.654885),velocity=Vector3.new(8.567397, 0.001249, -4.946803),slideActive=false,wallhopFlick=false},
            {type="keyframe",time=1.228142,cframe=CFrame.new(-31.559500,-144.444977,52.379654,-0.515421,0.000000,0.856937,0.000000,1.000000,0.000000,-0.856937,0.000000,-0.515421),velocity=Vector3.new(16.895365, 0.001249, -9.755363),slideActive=false,wallhopFlick=false},
            {type="keyframe",time=1.242599,cframe=CFrame.new(-31.273705,-144.444977,52.210449,-0.380550,0.000000,0.924761,0.000000,1.000000,0.000000,-0.924761,0.000000,-0.380550),velocity=Vector3.new(17.185282, 0.001249, -10.211614),slideActive=false,wallhopFlick=false},
            {type="keyframe",time=1.263860,cframe=CFrame.new(-30.990675,-144.444977,52.034424,-0.254791,0.000000,0.966996,0.000000,1.000000,0.000000,-0.966996,0.000000,-0.254791),velocity=Vector3.new(16.951248, 0.001249, -10.613347),slideActive=false,wallhopFlick=false},
            {type="keyframe",time=1.278469,cframe=CFrame.new(-30.712460,-144.444977,51.850864,-0.139522,0.000000,0.990219,0.000000,1.000000,0.000000,-0.990219,0.000000,-0.139522),velocity=Vector3.new(16.654362, 0.001249, -11.073660),slideActive=false,wallhopFlick=false},
            {type="keyframe",time=1.295178,cframe=CFrame.new(-30.439402,-144.444977,51.659710,-0.035076,0.000000,0.999385,0.000000,1.000000,0.000000,-0.999385,0.000000,-0.035076),velocity=Vector3.new(16.342915, 0.001249, -11.528351),slideActive=false,wallhopFlick=false},
            {type="keyframe",time=1.311484,cframe=CFrame.new(-30.171719,-144.444977,51.461102,0.058859,0.000000,0.998266,0.000000,1.000000,0.000000,-0.998266,0.000000,0.058859),velocity=Vector3.new(16.019016, 0.001249, -11.974338),slideActive=false,wallhopFlick=false},
            {type="keyframe",time=1.325856,cframe=CFrame.new(-29.909609,-144.444977,51.255196,0.143006,0.000000,0.989722,0.000000,1.000000,0.000000,-0.989722,0.000000,0.143006),velocity=Vector3.new(15.682950, 0.001249, -12.411239),slideActive=false,wallhopFlick=false},
            {type="keyframe",time=1.346690,cframe=CFrame.new(-29.653275,-144.444977,51.042141,0.218283,0.000000,0.975885,0.000000,1.000000,0.000000,-0.975885,0.000000,0.218283),velocity=Vector3.new(15.334970, 0.001249, -12.838708),slideActive=false,wallhopFlick=false},
            {type="keyframe",time=1.361222,cframe=CFrame.new(-29.340528,-144.444977,50.766850,0.301870,0.000000,0.953349,0.000000,1.000000,0.000000,-0.953349,0.000000,0.301870),velocity=Vector3.new(14.970810, 0.001249, -13.261693),slideActive=false,wallhopFlick=false},
            {type="keyframe",time=1.376716,cframe=CFrame.new(-29.157183,-144.444977,50.596916,0.346263,0.000000,0.938138,0.000000,1.000000,0.000000,-0.938138,0.000000,0.346263),velocity=Vector3.new(14.616582, 0.001249, -13.650642),slideActive=false,wallhopFlick=false},
            {type="keyframe",time=1.392803,cframe=CFrame.new(-28.920670,-144.444977,50.362064,0.400801,0.000000,0.916165,0.000000,1.000000,0.000000,-0.916165,0.000000,0.400801),velocity=Vector3.new(14.127284, 0.001249, -14.156608),slideActive=false,wallhopFlick=false},
            {type="keyframe",time=1.411465,cframe=CFrame.new(-28.689560,-144.444977,50.121872,0.450011,0.000000,0.893023,0.000000,1.000000,0.000000,-0.893023,0.000000,0.450011),velocity=Vector3.new(13.827661, 0.001249, -14.449637),slideActive=false,wallhopFlick=false},
            {type="keyframe",time=1.427260,cframe=CFrame.new(-28.464922,-144.444977,49.875622,0.494449,0.000000,0.869207,0.000000,1.000000,0.000000,-0.869207,0.000000,0.494449),velocity=Vector3.new(13.425991, 0.001249, -14.823518),slideActive=false,wallhopFlick=false},
            {type="keyframe",time=1.444332,cframe=CFrame.new(-28.247156,-144.444977,49.623280,0.534883,0.000000,0.844926,0.000000,1.000000,0.000000,-0.844926,0.000000,0.534883),velocity=Vector3.new(13.012392, 0.001249, -15.187870),slideActive=false,wallhopFlick=false},
            {type="keyframe",time=1.459137,cframe=CFrame.new(-28.036425,-144.444977,49.365028,0.571856,0.000000,0.820354,0.000000,1.000000,0.000000,-0.820354,0.000000,0.571856),velocity=Vector3.new(12.588904, 0.001249, -15.540692),slideActive=false,wallhopFlick=false},
            {type="keyframe",time=1.476647,cframe=CFrame.new(-27.832888,-144.444977,49.101070,0.605813,0.000000,0.795607,0.000000,1.000000,0.000000,-0.795607,0.000000,0.605813),velocity=Vector3.new(12.155863, 0.001249, -15.881709),slideActive=false,wallhopFlick=false},
            {type="keyframe",time=1.492758,cframe=CFrame.new(-27.636703,-144.444977,48.831608,0.637129,0.000000,0.770757,0.000000,1.000000,0.000000,-0.770757,0.000000,0.637129),velocity=Vector3.new(11.713587, 0.001249, -16.210665),slideActive=false,wallhopFlick=false},
            {type="keyframe",time=1.510537,cframe=CFrame.new(-27.448021,-144.444977,48.556835,0.666120,0.000000,0.745845,0.000000,1.000000,0.000000,-0.745845,0.000000,0.666120),velocity=Vector3.new(11.262411, 0.001249, -16.527308),slideActive=false,wallhopFlick=false},
            {type="keyframe",time=1.527145,cframe=CFrame.new(-27.266979,-144.444977,48.276974,0.693054,0.000000,0.720886,0.000000,1.000000,0.000000,-0.720886,0.000000,0.693054),velocity=Vector3.new(10.802683, 0.001249, -16.831394),slideActive=false,wallhopFlick=false},
            {type="keyframe",time=1.544728,cframe=CFrame.new(-27.093719,-144.444977,47.992226,0.718155,0.000000,0.695883,0.000000,1.000000,0.000000,-0.695883,0.000000,0.718155),velocity=Vector3.new(10.334744, 0.001249, -17.122700),slideActive=false,wallhopFlick=false},
            {type="keyframe",time=1.564646,cframe=CFrame.new(-26.928375,-144.444977,47.702812,0.741610,0.000000,0.670831,0.000000,1.000000,0.000000,-0.670831,0.000000,0.741610),velocity=Vector3.new(9.858961, 0.001249, -17.400993),slideActive=false,wallhopFlick=false},
            {type="keyframe",time=1.587091,cframe=CFrame.new(-26.599756,-144.444977,47.492401,0.704306,0.000000,0.709897,0.000000,1.000000,0.000000,-0.709897,0.000000,0.704306),velocity=Vector3.new(18.662374, 0.001249, -6.534006),slideActive=false,wallhopFlick=false},
            {type="keyframe",time=1.608108,cframe=CFrame.new(-26.206688,-144.444977,47.355873,0.648535,0.000000,0.761185,0.000000,1.000000,0.000000,-0.761185,0.000000,0.648535),velocity=Vector3.new(18.893244, 0.001249, -6.555757),slideActive=false,wallhopFlick=false},
            {type="keyframe",time=1.622804,cframe=CFrame.new(-25.816452,-144.444977,47.209896,0.600173,0.000000,0.799870,0.000000,1.000000,0.000000,-0.799870,0.000000,0.600173),velocity=Vector3.new(18.710806, 0.001249, -7.064215),slideActive=false,wallhopFlick=false},
            {type="keyframe",time=1.643089,cframe=CFrame.new(-25.507042,-144.444977,47.085930,0.569068,0.000000,0.822291,0.000000,1.000000,0.000000,-0.822291,0.000000,0.569068),velocity=Vector3.new(18.542856, 0.001249, -7.493872),slideActive=false,wallhopFlick=false},
            {type="keyframe",time=1.657613,cframe=CFrame.new(-25.124104,-144.444977,46.921738,0.539069,0.000000,0.842262,0.000000,1.000000,0.000000,-0.842262,0.000000,0.539069),velocity=Vector3.new(18.360472, 0.001249, -7.930408),slideActive=false,wallhopFlick=false},
            {type="keyframe",time=1.673124,cframe=CFrame.new(-24.896154,-144.444977,46.819092,0.525109,0.000000,0.851035,0.000000,1.000000,0.000000,-0.851035,0.000000,0.525109),velocity=Vector3.new(18.214973, 0.001249, -8.258781),slideActive=false,wallhopFlick=false},
            {type="keyframe",time=1.689223,cframe=CFrame.new(-24.595520,-144.444977,46.675137,0.511583,0.000000,0.859234,0.000000,1.000000,0.000000,-0.859234,0.000000,0.511583),velocity=Vector3.new(18.011541, 0.001249, -8.693651),slideActive=false,wallhopFlick=false},
            {type="keyframe",time=1.705067,cframe=CFrame.new(-24.297161,-144.444977,46.526508,0.501953,0.000000,0.864895,0.000000,1.000000,0.000000,-0.864895,0.000000,0.501953),velocity=Vector3.new(17.885029, 0.001249, -8.951200),slideActive=false,wallhopFlick=false},
            {type="keyframe",time=1.720911,cframe=CFrame.new(-24.001574,-144.444977,46.372448,0.495812,0.000000,0.868430,0.000000,1.000000,0.000000,-0.868430,0.000000,0.495812),velocity=Vector3.new(17.712923, 0.001249, -9.287056),slideActive=false,wallhopFlick=false},
            {type="keyframe",time=1.735972,cframe=CFrame.new(-23.782009,-144.444977,46.252918,0.493398,0.000000,0.869804,0.000000,1.000000,0.000000,-0.869804,0.000000,0.493398),velocity=Vector3.new(17.540304, 0.001249, -9.608857),slideActive=false,wallhopFlick=false},
            {type="keyframe",time=1.750420,cframe=CFrame.new(-23.492435,-144.444977,46.087837,0.492997,0.000000,0.870031,0.000000,1.000000,0.000000,-0.870031,0.000000,0.492997),velocity=Vector3.new(17.349646, 0.001249, -9.949200),slideActive=false,wallhopFlick=false},
            {type="keyframe",time=1.766273,cframe=CFrame.new(-23.277056,-144.444977,45.960915,0.494133,0.000000,0.869386,0.000000,1.000000,0.000000,-0.869386,0.000000,0.494133),velocity=Vector3.new(17.210239, 0.001249, -10.188391),slideActive=false,wallhopFlick=false},
            {type="keyframe",time=1.782353,cframe=CFrame.new(-22.993124,-144.444977,45.786304,0.497704,0.000000,0.867347,0.000000,1.000000,0.000000,-0.867347,0.000000,0.497704),velocity=Vector3.new(17.009878, 0.001249, -10.519548),slideActive=false,wallhopFlick=false},
            {type="keyframe",time=1.807642,cframe=CFrame.new(-22.711836,-144.444977,45.607460,0.502741,0.000000,0.864437,0.000000,1.000000,0.000000,-0.864437,0.000000,0.502741),velocity=Vector3.new(16.857391, 0.001249, -10.762281),slideActive=false,wallhopFlick=false},
            {type="keyframe",time=1.825863,cframe=CFrame.new(-22.295137,-144.444977,45.331139,0.512630,0.000000,0.858609,0.000000,1.000000,0.000000,-0.858609,0.000000,0.512630),velocity=Vector3.new(16.647593, 0.001249, -11.084102),slideActive=false,wallhopFlick=false},
            {type="keyframe",time=1.839565,cframe=CFrame.new(-21.952225,-144.444977,45.094467,0.522043,0.000000,0.852919,0.000000,1.000000,0.000000,-0.852919,0.000000,0.522043),velocity=Vector3.new(16.436176, 0.001249, -11.395220),slideActive=false,wallhopFlick=false},
            {type="keyframe",time=1.853730,cframe=CFrame.new(-21.750093,-144.444977,44.947372,0.528727,0.000000,0.848792,0.000000,1.000000,0.000000,-0.848792,0.000000,0.528727),velocity=Vector3.new(16.125469, 0.001249, -11.830180),slideActive=false,wallhopFlick=false},
            {type="keyframe",time=1.870810,cframe=CFrame.new(-21.551540,-144.444977,44.795486,0.536639,0.000000,0.843812,0.000000,1.000000,0.000000,-0.843812,0.000000,0.536639),velocity=Vector3.new(15.843616, 0.001249, -12.205194),slideActive=false,wallhopFlick=false},
            {type="keyframe",time=1.886754,cframe=CFrame.new(-21.290182,-144.444977,44.588608,0.548143,0.000000,0.836385,0.000000,1.000000,0.000000,-0.836385,0.000000,0.548143),velocity=Vector3.new(15.657368, 0.001249, -12.443663),slideActive=false,wallhopFlick=false},
            {type="keyframe",time=1.902659,cframe=CFrame.new(-20.990568,-144.444977,44.514675,0.497862,0.000000,0.867256,0.000000,1.000000,0.000000,-0.867256,0.000000,0.497862),velocity=Vector3.new(19.346939, 0.001249, 0.294223),slideActive=false,wallhopFlick=false},
            {type="keyframe",time=1.914812,cframe=CFrame.new(-20.659952,-144.444977,44.540581,0.426325,0.000000,0.904570,0.000000,1.000000,0.000000,-0.904570,0.000000,0.426325),velocity=Vector3.new(19.910053, 0.001249, 1.741997),slideActive=false,wallhopFlick=false},
            {type="keyframe",time=1.929676,cframe=CFrame.new(-20.410824,-144.444977,44.561016,0.375646,0.000000,0.926763,0.000000,1.000000,0.000000,-0.926763,0.000000,0.375646),velocity=Vector3.new(19.933788, 0.001249, 1.616744),slideActive=false,wallhopFlick=false},
            {type="keyframe",time=1.946029,cframe=CFrame.new(-20.161636,-144.444977,44.581154,0.329559,0.000000,0.944135,0.000000,1.000000,0.000000,-0.944135,0.000000,0.329559),velocity=Vector3.new(19.935041, 0.001249, 1.610139),slideActive=false,wallhopFlick=false},
            {type="keyframe",time=1.963687,cframe=CFrame.new(-19.829384,-144.444977,44.607979,0.274164,0.000000,0.961683,0.000000,1.000000,0.000000,-0.961683,0.000000,0.274164),velocity=Vector3.new(19.935108, 0.001249, 1.609779),slideActive=false,wallhopFlick=false},
            {type="keyframe",time=1.981219,cframe=CFrame.new(-19.414068,-144.444977,44.641510,0.213532,0.000000,0.976936,0.000000,1.000000,0.000000,-0.976936,0.000000,0.213532),velocity=Vector3.new(19.935110, 0.001249, 1.609771),slideActive=false,wallhopFlick=false},
            {type="keyframe",time=1.996082,cframe=CFrame.new(-19.081816,-144.444977,44.668335,0.172153,0.000000,0.985070,0.000000,1.000000,0.000000,-0.985070,0.000000,0.172153),velocity=Vector3.new(19.935110, 0.001249, 1.609771),slideActive=false,wallhopFlick=false},
            {type="keyframe",time=2.015008,cframe=CFrame.new(-18.832626,-144.444977,44.688454,0.145289,0.000000,0.989389,0.000000,1.000000,0.000000,-0.989389,0.000000,0.145289),velocity=Vector3.new(19.935110, 0.001249, 1.609771),slideActive=false,wallhopFlick=false},
            {type="keyframe",time=2.029964,cframe=CFrame.new(-18.417311,-144.444977,44.721985,0.106281,0.000000,0.994336,0.000000,1.000000,0.000000,-0.994336,0.000000,0.106281),velocity=Vector3.new(19.935110, 0.001249, 1.609771),slideActive=false,wallhopFlick=false},
            {type="keyframe",time=2.046976,cframe=CFrame.new(-18.085058,-144.444977,44.748810,0.079746,0.000000,0.996815,0.000000,1.000000,0.000000,-0.996815,0.000000,0.079746),velocity=Vector3.new(19.935110, 0.001249, 1.609771),slideActive=false,wallhopFlick=false},
            {type="keyframe",time=2.064241,cframe=CFrame.new(-17.752806,-144.444977,44.775635,0.057125,0.000000,0.998367,0.000000,1.000000,0.000000,-0.998367,0.000000,0.057125),velocity=Vector3.new(19.935110, 0.001249, 1.609771),slideActive=false,wallhopFlick=false},
            {type="keyframe",time=2.079526,cframe=CFrame.new(-17.463943,-144.444977,44.669899,0.110558,0.000000,0.993870,0.000000,1.000000,0.000000,-0.993870,0.000000,0.110558),velocity=Vector3.new(15.769794, 0.001249, -11.116566),slideActive=false,wallhopFlick=false},
            {type="keyframe",time=2.102717,cframe=CFrame.new(-17.273350,-144.444977,44.510998,0.168646,0.000000,0.985677,0.000000,1.000000,0.000000,-0.985677,0.000000,0.168646),velocity=Vector3.new(15.159480, 0.001249, -12.981266),slideActive=false,wallhopFlick=false},
            {type="keyframe",time=2.118085,cframe=CFrame.new(-16.960667,-144.444977,44.235767,0.260471,0.000000,0.965482,0.000000,1.000000,0.000000,-0.965482,0.000000,0.260471),velocity=Vector3.new(14.989700, 0.001249, -13.239931),slideActive=false,wallhopFlick=false},
            {type="keyframe",time=2.142516,cframe=CFrame.new(-16.651838,-144.444977,43.956070,0.339218,0.000000,0.940708,0.000000,1.000000,0.000000,-0.940708,0.000000,0.339218),velocity=Vector3.new(14.802633, 0.001249, -13.449216),slideActive=false,wallhopFlick=false},
            {type="keyframe",time=2.157579,cframe=CFrame.new(-16.289047,-144.444977,43.612019,0.418658,0.000000,0.908144,0.000000,1.000000,0.000000,-0.908144,0.000000,0.418658),velocity=Vector3.new(14.480230, 0.001249, -13.795736),slideActive=false,wallhopFlick=false},
            {type="keyframe",time=2.172507,cframe=CFrame.new(-16.111366,-144.444977,43.436169,0.452572,0.000000,0.891728,0.000000,1.000000,0.000000,-0.891728,0.000000,0.452572),velocity=Vector3.new(14.169840, 0.001249, -14.113986),slideActive=false,wallhopFlick=false},
            {type="keyframe",time=2.190704,cframe=CFrame.new(-15.881136,-144.444977,43.195145,0.493651,0.000000,0.869660,0.000000,1.000000,0.000000,-0.869660,0.000000,0.493651),velocity=Vector3.new(13.760676, 0.001249, -14.513341),slideActive=false,wallhopFlick=false},
            {type="keyframe",time=2.210774,cframe=CFrame.new(-15.654833,-144.444977,42.950409,0.530420,0.000000,0.847735,0.000000,1.000000,0.000000,-0.847735,0.000000,0.530420),velocity=Vector3.new(13.550936, 0.001249, -14.709534),slideActive=false,wallhopFlick=false},
            {type="keyframe",time=2.223751,cframe=CFrame.new(-15.377761,-144.444977,42.639225,0.571257,0.000000,0.820771,0.000000,1.000000,0.000000,-0.820771,0.000000,0.571257),velocity=Vector3.new(13.267608, 0.001249, -14.965611),slideActive=false,wallhopFlick=false},
            {type="keyframe",time=2.235756,cframe=CFrame.new(-15.214827,-144.444977,42.449623,0.593067,0.000000,0.805153,0.000000,1.000000,0.000000,-0.805153,0.000000,0.593067),velocity=Vector3.new(12.995474, 0.001249, -15.202315),slideActive=false,wallhopFlick=false},
            {type="keyframe",time=2.245913,cframe=CFrame.new(-15.056195,-144.444977,42.256413,0.613531,0.000000,0.789671,0.000000,1.000000,0.000000,-0.789671,0.000000,0.613531),velocity=Vector3.new(12.639030, 0.001249, -15.499761),slideActive=false,wallhopFlick=false},
            {type="keyframe",time=2.264986,cframe=CFrame.new(-14.952358,-144.444977,42.126049,0.626486,0.000000,0.779432,0.000000,1.000000,0.000000,-0.779432,0.000000,0.626486),velocity=Vector3.new(12.432194, 0.001249, -15.666119),slideActive=false,wallhopFlick=false},
            {type="keyframe",time=2.279395,cframe=CFrame.new(-14.698110,-144.444977,41.795956,0.657285,0.000000,0.753642,0.000000,1.000000,0.000000,-0.753642,0.000000,0.657285),velocity=Vector3.new(12.174996, 0.001249, -15.867218),slideActive=false,wallhopFlick=false},
            {type="keyframe",time=2.297722,cframe=CFrame.new(-14.547485,-144.444977,41.596428,0.673726,0.000000,0.738981,0.000000,1.000000,0.000000,-0.738981,0.000000,0.673726),velocity=Vector3.new(12.028812, 0.001249, -15.978290),slideActive=false,wallhopFlick=false},
            {type="keyframe",time=2.312277,cframe=CFrame.new(-14.304060,-144.444977,41.258278,0.699357,0.000000,0.714772,0.000000,1.000000,0.000000,-0.714772,0.000000,0.699357),velocity=Vector3.new(11.640778, 0.001249, -16.263166),slideActive=false,wallhopFlick=false},
            {type="keyframe",time=2.330009,cframe=CFrame.new(-14.160928,-144.444977,41.053310,0.713323,0.000000,0.700835,0.000000,1.000000,0.000000,-0.700835,0.000000,0.713323),velocity=Vector3.new(11.418532, 0.001249, -16.419897),slideActive=false,wallhopFlick=false},
            {type="keyframe",time=2.347910,cframe=CFrame.new(-13.930444,-144.444977,40.706211,0.735526,0.000000,0.677497,0.000000,1.000000,0.000000,-0.677497,0.000000,0.735526),velocity=Vector3.new(11.018248, 0.001249, -16.691204),slideActive=false,wallhopFlick=false},
            {type="keyframe",time=2.362958,cframe=CFrame.new(-13.795153,-144.444977,40.495987,0.747727,0.000000,0.664006,0.000000,1.000000,0.000000,-0.664006,0.000000,0.747727),velocity=Vector3.new(10.790406, 0.001249, -16.839329),slideActive=false,wallhopFlick=false},
            {type="keyframe",time=2.380975,cframe=CFrame.new(-13.621188,-144.444977,40.211666,0.763446,0.000000,0.645872,0.000000,1.000000,0.000000,-0.645872,0.000000,0.763446),velocity=Vector3.new(10.385284, 0.001249, -17.092140),slideActive=false,wallhopFlick=false},
            {type="keyframe",time=2.395964,cframe=CFrame.new(-13.409441,-144.444977,39.852821,0.781773,0.000000,0.623563,0.000000,1.000000,0.000000,-0.623563,0.000000,0.781773),velocity=Vector3.new(10.135780, 0.001249, -17.241383),slideActive=false,wallhopFlick=false},
            {type="keyframe",time=2.415851,cframe=CFrame.new(-13.286093,-144.444977,39.635376,0.791941,0.000000,0.610598,0.000000,1.000000,0.000000,-0.610598,0.000000,0.791941),velocity=Vector3.new(9.822617, 0.001249, -17.421507),slideActive=false,wallhopFlick=false},
            {type="keyframe",time=2.442817,cframe=CFrame.new(-12.958009,-144.444977,39.427353,0.747315,0.000000,0.664470,0.000000,1.000000,0.000000,-0.664470,0.000000,0.747315),velocity=Vector3.new(18.740276, 0.001249, -6.229716),slideActive=false,wallhopFlick=false},
            {type="keyframe",time=2.456182,cframe=CFrame.new(-12.481562,-144.444977,39.277802,0.670098,0.000000,0.742273,0.000000,1.000000,0.000000,-0.742273,0.000000,0.670098),velocity=Vector3.new(19.092083, 0.001249, -5.955165),slideActive=false,wallhopFlick=false},
            {type="keyframe",time=2.472039,cframe=CFrame.new(-12.164042,-144.444977,39.176361,0.623289,0.000000,0.781992,0.000000,1.000000,0.000000,-0.781992,0.000000,0.623289),velocity=Vector3.new(19.045120, 0.001249, -6.105924),slideActive=false,wallhopFlick=false},
            {type="keyframe",time=2.485779,cframe=CFrame.new(-11.846637,-144.444977,39.074554,0.582281,0.000000,0.812988,0.000000,1.000000,0.000000,-0.812988,0.000000,0.582281),velocity=Vector3.new(19.044193, 0.001249, -6.108904),slideActive=false,wallhopFlick=false},
            {type="keyframe",time=2.498582,cframe=CFrame.new(-11.608585,-144.444977,38.998188,0.554856,0.000000,0.831947,0.000000,1.000000,0.000000,-0.831947,0.000000,0.554856),velocity=Vector3.new(19.044174, 0.001249, -6.108960),slideActive=false,wallhopFlick=false},
