return {
    {type="keyframe",time=0.008333,cframe=CFrame.new(2494.601074,2503.099365,2496.393799,0.966943,-0.000000,0.254993,0.000000,1.000000,0.000000,-0.254993,-0.000000,0.966943),velocity=Vector3.new(0.000000, 0.019975, 0.000000),slideActive=false,wallhopFlick=false,humanoidState=8},
    {type="keyframe",time=0.012500,cframe=CFrame.new(2494.601074,2503.099365,2496.393799,0.966009,-0.000000,0.258507,0.000000,1.000000,0.000000,-0.258507,-0.000000,0.966009),velocity=Vector3.new(0.000000, 0.019975, 0.000000),slideActive=false,wallhopFlick=false,humanoidState=8},
    {type="keyframe",time=0.016667,cframe=CFrame.new(2494.601074,2503.099365,2496.393799,0.966009,-0.000000,0.258507,0.000000,1.000000,0.000000,-0.258507,-0.000000,0.966009),velocity=Vector3.new(0.000000, 0.019975, 0.000000),slideActive=false,wallhopFlick=false,humanoidState=8},
    {type="keyframe",time=0.020833,cframe=CFrame.new(2494.601074,2503.099365,2496.393799,0.977892,0.000000,0.209109,0.000000,1.000000,0.000000,-0.209109,0.000000,0.977892),velocity=Vector3.new(0.000000, 55.000000, 0.000000),slideActive=false,wallhopFlick=false,humanoidState=3},
    {type="keyframe",time=0.025000,cframe=CFrame.new(2494.601074,2503.325195,2496.393799,0.977892,0.000000,0.209109,-0.000000,1.000000,-0.000000,-0.209109,0.000000,0.977892),velocity=Vector3.new(0.000000, 54.182499, 0.000000),slideActive=false,wallhopFlick=false,humanoidState=5},
    {type="keyframe",time=0.029167,cframe=CFrame.new(2494.600586,2503.547607,2496.391357,0.977892,0.000000,0.209109,-0.000000,1.000000,-0.000000,-0.209109,0.000000,0.977892),velocity=Vector3.new(-0.124594, 53.364998, -0.582661),slideActive=false,wallhopFlick=false,humanoidState=5},
    {type="keyframe",time=0.033333,cframe=CFrame.new(2494.599609,2503.766602,2496.386475,0.977892,0.000000,0.209109,-0.000000,1.000000,-0.000000,-0.209109,0.000000,0.977892),velocity=Vector3.new(-0.249189, 52.547497, -1.165322),slideActive=false,wallhopFlick=false,humanoidState=5},
    {type="keyframe",time=0.037500,cframe=CFrame.new(2494.598145,2503.982178,2496.379150,0.977892,0.000000,0.209109,-0.000000,1.000000,-0.000000,-0.209109,0.000000,0.977892),velocity=Vector3.new(-0.373783, 51.729996, -1.747982),slideActive=false,wallhopFlick=false,humanoidState=5},
    {type="keyframe",time=0.041667,cframe=CFrame.new(2494.595947,2504.194336,2496.369385,0.977892,0.000000,0.209109,-0.000000,1.000000,-0.000000,-0.209109,0.000000,0.977892),velocity=Vector3.new(-0.498377, 50.912495, -2.330643),slideActive=false,wallhopFlick=false,humanoidState=5},
    {type="keyframe",time=0.045833,cframe=CFrame.new(2494.593262,2504.403076,2496.357178,0.977892,0.000000,0.209109,-0.000000,1.000000,-0.000000,-0.209109,0.000000,0.977892),velocity=Vector3.new(-0.622972, 50.094994, -2.913304),slideActive=false,wallhopFlick=false,humanoidState=5},
    {type="keyframe",time=0.050000,cframe=CFrame.new(2494.590088,2504.608398,2496.342529,0.977892,0.000000,0.209109,-0.000000,1.000000,-0.000000,-0.209109,0.000000,0.977892),velocity=Vector3.new(-0.747566, 49.277493, -3.495965),slideActive=false,wallhopFlick=false,humanoidState=5},
    {type="keyframe",time=0.054167,cframe=CFrame.new(2494.586426,2504.810303,2496.325439,0.977892,0.000000,0.209109,-0.000000,1.000000,-0.000000,-0.209109,0.000000,0.977892),velocity=Vector3.new(-0.872160, 48.459991, -4.078625),slideActive=false,wallhopFlick=false,humanoidState=5},
    {type="keyframe",time=0.058333,cframe=CFrame.new(2494.582275,2505.008789,2496.305908,0.977892,0.000000,0.209109,-0.000000,1.000000,-0.000000,-0.209109,0.000000,0.977892),velocity=Vector3.new(-0.996755, 47.642490, -4.661286),slideActive=false,wallhopFlick=false,humanoidState=5},
    {type="keyframe",time=0.062500,cframe=CFrame.new(2494.577637,2505.203857,2496.284180,0.977892,0.000000,0.209109,-0.000000,1.000000,-0.000000,-0.209109,0.000000,0.977892),velocity=Vector3.new(-1.121349, 46.824989, -5.243947),slideActive=false,wallhopFlick=false,humanoidState=5},
    {type="keyframe",time=0.066667,cframe=CFrame.new(2494.572510,2505.395508,2496.260010,0.977892,0.000000,0.209109,-0.000000,1.000000,-0.000000,-0.209109,0.000000,0.977892),velocity=Vector3.new(-1.245943, 46.007488, -5.826607),slideActive=false,wallhopFlick=false,humanoidState=5},
    {type="keyframe",time=0.070833,cframe=CFrame.new(2494.566895,2505.583740,2496.233398,0.977892,0.000000,0.209109,-0.000000,1.000000,-0.000000,-0.209109,0.000000,0.977892),velocity=Vector3.new(-1.370538, 45.189987, -6.409268),slideActive=false,wallhopFlick=false,humanoidState=5},
    {type="keyframe",time=0.075000,cframe=CFrame.new(2494.560547,2505.768555,2496.204346,0.977892,0.000000,0.209109,-0.000000,1.000000,-0.000000,-0.209109,0.000000,0.977892),velocity=Vector3.new(-1.495132, 44.372486, -6.991929),slideActive=false,wallhopFlick=false,humanoidState=5},
    {type="keyframe",time=0.079167,cframe=CFrame.new(2494.553711,2505.949951,2496.172852,0.977892,0.000000,0.209109,-0.000000,1.000000,-0.000000,-0.209109,0.000000,0.977892),velocity=Vector3.new(-1.619726, 43.554985, -7.574589),slideActive=false,wallhopFlick=false,humanoidState=5},
    {type="keyframe",time=0.083333,cframe=CFrame.new(2494.546387,2506.127930,2496.138916,0.977892,0.000000,0.209109,-0.000000,1.000000,-0.000000,-0.209109,0.000000,0.977892),velocity=Vector3.new(-1.744321, 42.737484, -8.157250),slideActive=false,wallhopFlick=false,humanoidState=5},
    {type="keyframe",time=0.087500,cframe=CFrame.new(2494.538574,2506.302490,2496.102539,0.977892,0.000000,0.209109,-0.000000,1.000000,-0.000000,-0.209109,0.000000,0.977892),velocity=Vector3.new(-1.868915, 41.919983, -8.739911),slideActive=false,wallhopFlick=false,humanoidState=5},
    {type="keyframe",time=0.091667,cframe=CFrame.new(2494.530273,2506.473633,2496.063721,0.977892,0.000000,0.209109,-0.000000,1.000000,-0.000000,-0.209109,0.000000,0.977892),velocity=Vector3.new(-1.993509, 41.102482, -9.322572),slideActive=false,wallhopFlick=false,humanoidState=5},
    {type="keyframe",time=0.095833,cframe=CFrame.new(2494.521484,2506.641602,2496.022461,0.977892,0.000000,0.209109,-0.000000,1.000000,-0.000000,-0.209109,0.000000,0.977892),velocity=Vector3.new(-2.118104, 40.284981, -9.905232),slideActive=false,wallhopFlick=false,humanoidState=5},
    {type="keyframe",time=0.100000,cframe=CFrame.new(2494.512207,2506.806152,2495.978760,0.977892,0.000000,0.209109,-0.000000,1.000000,-0.000000,-0.209109,0.000000,0.977892),velocity=Vector3.new(-2.242698, 39.467480, -10.487893),slideActive=false,wallhopFlick=false,humanoidState=5},
    {type="keyframe",time=0.104167,cframe=CFrame.new(2494.502441,2506.967285,2495.932617,0.977892,0.000000,0.209109,-0.000000,1.000000,-0.000000,-0.209109,0.000000,0.977892),velocity=Vector3.new(-2.367292, 38.649979, -11.070554),slideActive=false,wallhopFlick=false,humanoidState=5},
    {type="keyframe",time=0.108333,cframe=CFrame.new(2494.491943,2507.125000,2495.884033,0.977892,0.000000,0.209109,-0.000000,1.000000,-0.000000,-0.209109,0.000000,0.977892),velocity=Vector3.new(-2.491887, 37.832478, -11.653214),slideActive=false,wallhopFlick=false,humanoidState=5},
    {type="keyframe",time=0.112500,cframe=CFrame.new(2494.480957,2507.279297,2495.833008,0.977892,0.000000,0.209109,-0.000000,1.000000,-0.000000,-0.209109,0.000000,0.977892),velocity=Vector3.new(-2.616481, 37.014977, -12.235875),slideActive=false,wallhopFlick=false,humanoidState=5},
    {type="keyframe",time=0.116667,cframe=CFrame.new(2494.469482,2507.430176,2495.779541,0.977892,0.000000,0.209109,-0.000000,1.000000,-0.000000,-0.209109,0.000000,0.977892),velocity=Vector3.new(-2.741075, 36.197475, -12.818536),slideActive=false,wallhopFlick=false,humanoidState=5},
    {type="keyframe",time=0.120833,cframe=CFrame.new(2494.457520,2507.577637,2495.723633,0.977892,0.000000,0.209109,-0.000000,1.000000,-0.000000,-0.209109,0.000000,0.977892),velocity=Vector3.new(-2.865670, 35.379974, -13.401196),slideActive=false,wallhopFlick=false,humanoidState=5},
    {type="keyframe",time=0.125000,cframe=CFrame.new(2494.445068,2507.721680,2495.665283,0.977892,0.000000,0.209109,-0.000000,1.000000,-0.000000,-0.209109,0.000000,0.977892),velocity=Vector3.new(-2.990264, 34.562473, -13.983857),slideActive=false,wallhopFlick=false,humanoidState=5},
    {type="keyframe",time=0.129167,cframe=CFrame.new(2494.432129,2507.862305,2495.604492,0.977892,0.000000,0.209109,-0.000000,1.000000,-0.000000,-0.209109,0.000000,0.977892),velocity=Vector3.new(-3.114858, 33.744972, -14.566518),slideActive=false,wallhopFlick=false,humanoidState=5},
    {type="keyframe",time=0.133333,cframe=CFrame.new(2494.418701,2507.999512,2495.541260,0.977892,0.000000,0.209109,-0.000000,1.000000,-0.000000,-0.209109,0.000000,0.977892),velocity=Vector3.new(-3.239453, 32.927471, -15.149179),slideActive=false,wallhopFlick=false,humanoidState=5},
    {type="keyframe",time=0.137500,cframe=CFrame.new(2494.404785,2508.133301,2495.475830,0.977892,0.000000,0.209109,-0.000000,1.000000,-0.000000,-0.209109,0.000000,0.977892),velocity=Vector3.new(-3.364047, 32.109970, -15.731839),slideActive=false,wallhopFlick=false,humanoidState=5},
    {type="keyframe",time=0.141667,cframe=CFrame.new(2494.390137,2508.263672,2495.407959,0.977892,0.000000,0.209109,-0.000000,1.000000,-0.000000,-0.209109,0.000000,0.977892),velocity=Vector3.new(-3.488641, 31.292471, -16.314501),slideActive=false,wallhopFlick=false,humanoidState=5},
    {type="keyframe",time=0.145833,cframe=CFrame.new(2494.375000,2508.390625,2495.337646,0.977892,0.000000,0.209109,-0.000000,1.000000,-0.000000,-0.209109,0.000000,0.977892),velocity=Vector3.new(-3.613236, 30.474972, -16.897161),slideActive=false,wallhopFlick=false,humanoidState=5},
    {type="keyframe",time=0.150000,cframe=CFrame.new(2494.359375,2508.514160,2495.264893,0.977892,0.000000,0.209109,-0.000000,1.000000,-0.000000,-0.209109,0.000000,0.977892),velocity=Vector3.new(-3.737830, 29.657473, -17.479822),slideActive=false,wallhopFlick=false,humanoidState=5},
    {type="keyframe",time=0.158333,cframe=CFrame.new(2494.343262,2508.634277,2495.189697,0.977892,0.000000,0.209109,-0.000000,1.000000,-0.000000,-0.209109,0.000000,0.977892),velocity=Vector3.new(-3.862424, 28.839973, -18.062483),slideActive=false,wallhopFlick=false,humanoidState=5},
    {type="keyframe",time=0.162500,cframe=CFrame.new(2494.309570,2508.864258,2495.031982,0.977892,0.000000,0.209109,-0.000000,1.000000,-0.000000,-0.209109,0.000000,0.977892),velocity=Vector3.new(-4.108999, 27.204975, -19.215582),slideActive=false,wallhopFlick=false,humanoidState=5},
    {type="keyframe",time=0.166667,cframe=CFrame.new(2494.292236,2508.974121,2494.950928,0.977892,0.000000,0.209109,-0.000000,1.000000,-0.000000,-0.209109,0.000000,0.977892),velocity=Vector3.new(-4.154742, 26.387476, -19.429497),slideActive=false,wallhopFlick=false,humanoidState=5},
    {type="keyframe",time=0.170833,cframe=CFrame.new(2494.274902,2509.080566,2494.869629,0.977892,0.000000,0.209109,-0.000000,1.000000,-0.000000,-0.209109,0.000000,0.977892),velocity=Vector3.new(-4.171896, 25.569977, -19.509714),slideActive=false,wallhopFlick=false,humanoidState=5},
    {type="keyframe",time=0.175000,cframe=CFrame.new(2494.257568,2509.183594,2494.788330,0.977892,-0.000000,0.209109,0.000000,1.000000,0.000000,-0.209109,-0.000000,0.977892),velocity=Vector3.new(-4.178329, 24.752478, -19.539797),slideActive=false,wallhopFlick=false,humanoidState=5},
    {type="keyframe",time=0.179167,cframe=CFrame.new(2494.240234,2509.283203,2494.706787,0.977892,-0.000000,0.209109,0.000000,1.000000,0.000000,-0.209109,-0.000000,0.977892),velocity=Vector3.new(-4.180741, 23.934978, -19.551077),slideActive=false,wallhopFlick=false,humanoidState=5},
    {type="keyframe",time=0.183333,cframe=CFrame.new(2494.222900,2509.379639,2494.625244,0.977892,-0.000000,0.209109,0.000000,1.000000,0.000000,-0.209109,-0.000000,0.977892),velocity=Vector3.new(-4.181645, 23.117479, -19.555307),slideActive=false,wallhopFlick=false,humanoidState=5},
    {type="keyframe",time=0.187500,cframe=CFrame.new(2494.205566,2509.472656,2494.543701,0.977892,-0.000000,0.209109,0.000000,1.000000,0.000000,-0.209109,-0.000000,0.977892),velocity=Vector3.new(-4.181984, 22.299980, -19.556894),slideActive=false,wallhopFlick=false,humanoidState=5},
    {type="keyframe",time=0.191667,cframe=CFrame.new(2494.188232,2509.562256,2494.462158,0.977892,-0.000000,0.209109,0.000000,1.000000,0.000000,-0.209109,-0.000000,0.977892),velocity=Vector3.new(-4.182112, 21.482481, -19.557489),slideActive=false,wallhopFlick=false,humanoidState=5},
    {type="keyframe",time=0.195833,cframe=CFrame.new(2494.170898,2509.648438,2494.380615,0.978644,-0.000000,0.205565,0.000000,1.000000,0.000000,-0.205565,-0.000000,0.978644),velocity=Vector3.new(-4.182159, 20.664982, -19.557713),slideActive=false,wallhopFlick=false,humanoidState=5},
    {type="keyframe",time=0.200000,cframe=CFrame.new(2494.153564,2509.731201,2494.299072,0.979384,-0.000000,0.202007,0.000000,1.000000,0.000000,-0.202007,-0.000000,0.979384),velocity=Vector3.new(-4.182178, 19.847483, -19.557796),slideActive=false,wallhopFlick=false,humanoidState=5},
    {type="keyframe",time=0.204167,cframe=CFrame.new(2494.136230,2509.810547,2494.217529,0.979384,-0.000000,0.202007,0.000000,1.000000,0.000000,-0.202007,-0.000000,0.979384),velocity=Vector3.new(-4.137876, 19.029984, -19.567217),slideActive=false,wallhopFlick=false,humanoidState=5},
    {type="keyframe",time=0.208333,cframe=CFrame.new(2494.119141,2509.886475,2494.135986,0.980112,-0.000000,0.198446,0.000000,1.000000,0.000000,-0.198446,-0.000000,0.980112),velocity=Vector3.new(-4.076787, 18.212484, -19.580008),slideActive=false,wallhopFlick=false,humanoidState=5},
    {type="keyframe",time=0.212500,cframe=CFrame.new(2494.102295,2509.958984,2494.054443,0.980112,-0.000000,0.198446,0.000000,1.000000,0.000000,-0.198446,-0.000000,0.980112),velocity=Vector3.new(-4.053879, 17.394985, -19.584805),slideActive=false,wallhopFlick=false,humanoidState=5},
    {type="keyframe",time=0.216667,cframe=CFrame.new(2494.085693,2510.028076,2493.972900,0.980826,-0.000000,0.194886,0.000000,1.000000,0.000000,-0.194886,-0.000000,0.980826),velocity=Vector3.new(-4.000780, 16.577486, -19.595699),slideActive=false,wallhopFlick=false,humanoidState=5},
    {type="keyframe",time=0.225000,cframe=CFrame.new(2494.069092,2510.093750,2493.891113,0.981527,-0.000000,0.191324,0.000000,1.000000,0.000000,-0.191324,-0.000000,0.981527),velocity=Vector3.new(-3.980867, 15.759986, -19.599785),slideActive=false,wallhopFlick=false,humanoidState=5},
    {type="keyframe",time=0.229167,cframe=CFrame.new(2494.036377,2510.214844,2493.727539,0.981527,-0.000000,0.191324,0.000000,1.000000,0.000000,-0.191324,-0.000000,0.981527),velocity=Vector3.new(-3.909418, 14.124986, -19.614164),slideActive=false,wallhopFlick=false,humanoidState=5},
    {type="keyframe",time=0.233333,cframe=CFrame.new(2494.020264,2510.270264,2493.645752,0.982888,-0.000000,0.184203,0.000000,1.000000,0.000000,-0.184203,-0.000000,0.982888),velocity=Vector3.new(-3.857584, 13.307486, -19.624399),slideActive=false,wallhopFlick=false,humanoidState=5},
    {type="keyframe",time=0.237500,cframe=CFrame.new(2494.004150,2510.322266,2493.563965,0.982888,-0.000000,0.184203,0.000000,1.000000,0.000000,-0.184203,-0.000000,0.982888),velocity=Vector3.new(-3.838145, 12.489985, -19.628237),slideActive=false,wallhopFlick=false,humanoidState=5},
    {type="keyframe",time=0.241667,cframe=CFrame.new(2493.988525,2510.370850,2493.482178,0.984200,-0.000000,0.177061,0.000000,1.000000,0.000000,-0.177061,-0.000000,0.984200),velocity=Vector3.new(-3.741842, 11.672485, -19.646692),slideActive=false,wallhopFlick=false,humanoidState=5},
    {type="keyframe",time=0.250000,cframe=CFrame.new(2493.973145,2510.416016,2493.400391,0.985461,-0.000000,0.169901,0.000000,1.000000,0.000000,-0.169901,-0.000000,0.985461),velocity=Vector3.new(-3.705728, 10.854985, -19.653612),slideActive=false,wallhopFlick=false,humanoidState=5},
    {type="keyframe",time=0.254167,cframe=CFrame.new(2493.943359,2510.496094,2493.236328,0.985461,-0.000000,0.169901,0.000000,1.000000,0.000000,-0.169901,-0.000000,0.985461),velocity=Vector3.new(-3.564348, 9.219985, -19.679726),slideActive=false,wallhopFlick=false,humanoidState=5},
    {type="keyframe",time=0.258333,cframe=CFrame.new(2493.928955,2510.531006,2493.154297,0.986072,-0.000000,0.166320,0.000000,1.000000,0.000000,-0.166320,-0.000000,0.986072),velocity=Vector3.new(-3.460387, 8.402485, -19.698162),slideActive=false,wallhopFlick=false,humanoidState=5},
    {type="keyframe",time=0.262500,cframe=CFrame.new(2493.914795,2510.562500,2493.072266,0.986669,-0.000000,0.162741,0.000000,1.000000,0.000000,-0.162741,-0.000000,0.986669),velocity=Vector3.new(-3.421401, 7.584985, -19.705076),slideActive=false,wallhopFlick=false,humanoidState=5},
    {type="keyframe",time=0.266667,cframe=CFrame.new(2493.900879,2510.590576,2492.990234,0.986669,-0.000000,0.162741,0.000000,1.000000,0.000000,-0.162741,-0.000000,0.986669),velocity=Vector3.new(-3.362029, 6.767485, -19.715302),slideActive=false,wallhopFlick=false,humanoidState=5},
    {type="keyframe",time=0.270833,cframe=CFrame.new(2493.887207,2510.615479,2492.907959,0.986669,-0.000000,0.162741,0.000000,1.000000,0.000000,-0.162741,-0.000000,0.986669),velocity=Vector3.new(-3.295023, 5.949985, -19.726597),slideActive=false,wallhopFlick=false,humanoidState=5},
    {type="keyframe",time=0.275000,cframe=CFrame.new(2493.873535,2510.636963,2492.825684,0.987252,-0.000000,0.159163,0.000000,1.000000,0.000000,-0.159163,-0.000000,0.987252),velocity=Vector3.new(-3.269896, 5.132484, -19.730833),slideActive=false,wallhopFlick=false,humanoidState=5},
    {type="keyframe",time=0.279167,cframe=CFrame.new(2493.859863,2510.655029,2492.743408,0.987252,-0.000000,0.159163,0.000000,1.000000,0.000000,-0.159163,-0.000000,0.987252),velocity=Vector3.new(-3.260474, 4.314984, -19.732422),slideActive=false,wallhopFlick=false,humanoidState=5},
    {type="keyframe",time=0.287500,cframe=CFrame.new(2493.846436,2510.669678,2492.661133,0.988382,-0.000000,0.151988,0.000000,1.000000,0.000000,-0.151988,-0.000000,0.988382),velocity=Vector3.new(-3.212210, 3.497484, -19.740313),slideActive=false,wallhopFlick=false,humanoidState=5},
    {type="keyframe",time=0.291667,cframe=CFrame.new(2493.820801,2510.688721,2492.496582,0.988927,-0.000000,0.148401,0.000000,1.000000,0.000000,-0.148401,-0.000000,0.988927),velocity=Vector3.new(-3.064010, 1.862484, -19.763802),slideActive=false,wallhopFlick=false,humanoidState=5},
    {type="keyframe",time=0.300000,cframe=CFrame.new(2493.808105,2510.693115,2492.414307,0.988927,-0.000000,0.148401,0.000000,1.000000,0.000000,-0.148401,-0.000000,0.988927),velocity=Vector3.new(-3.048853, 1.044984, -19.766203),slideActive=false,wallhopFlick=false,humanoidState=5},
    {type="keyframe",time=0.304167,cframe=CFrame.new(2493.783203,2510.691650,2492.249512,0.988927,-0.000000,0.148401,0.000000,1.000000,0.000000,-0.148401,-0.000000,0.988927),velocity=Vector3.new(-2.979379, -0.590016, -19.776812),slideActive=false,wallhopFlick=false,humanoidState=7},
    {type="keyframe",time=0.308333,cframe=CFrame.new(2493.770752,2510.674805,2492.166992,0.988927,-0.000000,0.148401,0.000000,1.000000,0.000000,-0.148401,-0.000000,0.988927),velocity=Vector3.new(-2.972274, -4.069592, -19.777897),slideActive=false,wallhopFlick=false,humanoidState=7},
    {type="keyframe",time=0.312500,cframe=CFrame.new(2493.758301,2510.649902,2492.084473,0.989461,-0.000000,0.144801,0.000000,1.000000,0.000000,-0.144801,-0.000000,0.989461),velocity=Vector3.new(-2.969609, -5.954363, -19.778303),slideActive=false,wallhopFlick=false,humanoidState=7},
    {type="keyframe",time=0.316667,cframe=CFrame.new(2493.745850,2510.620850,2492.001953,0.989461,-0.000000,0.144801,0.000000,1.000000,0.000000,-0.144801,-0.000000,0.989461),velocity=Vector3.new(-2.968610, -6.975280, -19.778456),slideActive=false,wallhopFlick=false,humanoidState=7},
    {type="keyframe",time=0.325000,cframe=CFrame.new(2493.733643,2510.588379,2491.919434,0.989461,-0.000000,0.144801,0.000000,1.000000,0.000000,-0.144801,-0.000000,0.989461),velocity=Vector3.new(-2.923236, -7.792780, -19.785181),slideActive=false,wallhopFlick=false,humanoidState=7},
    {type="keyframe",time=0.329167,cframe=CFrame.new(2493.709473,2510.513184,2491.754395,0.989461,0.000000,0.144801,-0.000000,1.000000,-0.000000,-0.144801,0.000000,0.989461),velocity=Vector3.new(-2.899840, -9.427780, -19.788649),slideActive=false,wallhopFlick=false,humanoidState=7},
    {type="keyframe",time=0.333333,cframe=CFrame.new(2493.697510,2510.470459,2491.671875,0.989461,0.000000,0.144801,-0.000000,1.000000,-0.000000,-0.144801,0.000000,0.989461),velocity=Vector3.new(-2.897447, -10.245280, -19.789003),slideActive=false,wallhopFlick=false,humanoidState=7},
    {type="keyframe",time=0.341667,cframe=CFrame.new(2493.685547,2510.424316,2491.589355,0.989461,0.000000,0.144801,-0.000000,1.000000,-0.000000,-0.144801,0.000000,0.989461),velocity=Vector3.new(-2.896549, -11.062780, -19.789137),slideActive=false,wallhopFlick=false,humanoidState=7},
    {type="keyframe",time=0.350000,cframe=CFrame.new(2493.661621,2510.321777,2491.424316,0.989461,0.000000,0.144801,-0.000000,1.000000,-0.000000,-0.144801,0.000000,0.989461),velocity=Vector3.new(-2.896087, -12.697781, -19.789206),slideActive=false,wallhopFlick=false,humanoidState=7},
    {type="keyframe",time=0.354167,cframe=CFrame.new(2493.637695,2510.236572,2491.259277,0.989461,0.000000,0.144801,-0.000000,1.000000,-0.000000,-0.144801,0.000000,0.989461),velocity=Vector3.new(-2.896022, -6.890480, -19.789215),slideActive=false,wallhopFlick=false,humanoidState=8},
    {type="keyframe",time=0.358333,cframe=CFrame.new(2493.625732,2510.225830,2491.176758,0.989461,0.000000,0.144801,-0.000000,1.000000,-0.000000,-0.144801,0.000000,0.989461),velocity=Vector3.new(-2.896015, 55.000000, -19.789217),slideActive=false,wallhopFlick=false,humanoidState=3},
    {type="keyframe",time=0.362500,cframe=CFrame.new(2493.613770,2510.451660,2491.094238,0.989461,0.000000,0.144801,-0.000000,1.000000,-0.000000,-0.144801,0.000000,0.989461),velocity=Vector3.new(-2.896015, 54.182499, -19.789217),slideActive=false,wallhopFlick=false,humanoidState=5},
    {type="keyframe",time=0.366667,cframe=CFrame.new(2493.601807,2510.674072,2491.011719,0.989461,0.000000,0.144801,-0.000000,1.000000,-0.000000,-0.144801,0.000000,0.989461),velocity=Vector3.new(-2.896013, 53.364998, -19.789217),slideActive=false,wallhopFlick=false,humanoidState=5},
    {type="keyframe",time=0.375000,cframe=CFrame.new(2493.589844,2510.893066,2490.929199,0.989461,0.000000,0.144801,-0.000000,1.000000,-0.000000,-0.144801,0.000000,0.989461),velocity=Vector3.new(-2.896012, 52.547497, -19.789217),slideActive=false,wallhopFlick=false,humanoidState=5},
    {type="keyframe",time=0.379167,cframe=CFrame.new(2493.565918,2511.320801,2490.764160,0.989461,0.000000,0.144801,-0.000000,1.000000,-0.000000,-0.144801,0.000000,0.989461),velocity=Vector3.new(-2.896011, 50.912495, -19.789217),slideActive=false,wallhopFlick=false,humanoidState=5},
    {type="keyframe",time=0.383333,cframe=CFrame.new(2493.553955,2511.529541,2490.681641,0.989461,0.000000,0.144801,-0.000000,1.000000,-0.000000,-0.144801,0.000000,0.989461),velocity=Vector3.new(-2.896011, 50.094994, -19.789217),slideActive=false,wallhopFlick=false,humanoidState=5},
    {type="keyframe",time=0.391667,cframe=CFrame.new(2493.541992,2511.734863,2490.599121,0.989461,0.000000,0.144801,-0.000000,1.000000,-0.000000,-0.144801,0.000000,0.989461),velocity=Vector3.new(-2.896011, 49.277493, -19.789217),slideActive=false,wallhopFlick=false,humanoidState=5},
    {type="keyframe",time=0.395833,cframe=CFrame.new(2493.518066,2512.135254,2490.434082,0.989461,0.000000,0.144801,-0.000000,1.000000,-0.000000,-0.144801,0.000000,0.989461),velocity=Vector3.new(-2.896011, 47.642490, -19.789217),slideActive=false,wallhopFlick=false,humanoidState=5},
    {type="keyframe",time=0.400000,cframe=CFrame.new(2493.506104,2512.330322,2490.351562,0.989461,0.000000,0.144801,-0.000000,1.000000,-0.000000,-0.144801,0.000000,0.989461),velocity=Vector3.new(-2.896011, 46.824989, -19.789217),slideActive=false,wallhopFlick=false,humanoidState=5},
    {type="keyframe",time=0.408333,cframe=CFrame.new(2493.494141,2512.521973,2490.269043,0.989461,0.000000,0.144801,-0.000000,1.000000,-0.000000,-0.144801,0.000000,0.989461),velocity=Vector3.new(-2.896011, 46.007488, -19.789217),slideActive=false,wallhopFlick=false,humanoidState=5},
    {type="keyframe",time=0.416667,cframe=CFrame.new(2493.470215,2512.895020,2490.104004,0.989461,0.000000,0.144801,-0.000000,1.000000,-0.000000,-0.144801,0.000000,0.989461),velocity=Vector3.new(-2.896011, 44.372486, -19.789217),slideActive=false,wallhopFlick=false,humanoidState=5},
    {type="keyframe",time=0.425000,cframe=CFrame.new(2493.446289,2513.254395,2489.938965,0.989980,0.000000,0.141205,-0.000000,1.000000,-0.000000,-0.141205,0.000000,0.989980),velocity=Vector3.new(-2.896011, 42.737484, -19.789217),slideActive=false,wallhopFlick=false,humanoidState=5},
    {type="keyframe",time=0.429167,cframe=CFrame.new(2493.422363,2513.600098,2489.773926,0.989980,0.000000,0.141205,-0.000000,1.000000,-0.000000,-0.141205,0.000000,0.989980),velocity=Vector3.new(-2.896011, 41.102482, -19.789217),slideActive=false,wallhopFlick=false,humanoidState=5},
    {type="keyframe",time=0.437500,cframe=CFrame.new(2493.410400,2513.768066,2489.691406,0.989980,0.000000,0.141205,-0.000000,1.000000,-0.000000,-0.141205,0.000000,0.989980),velocity=Vector3.new(-2.851071, 40.284981, -19.795710),slideActive=false,wallhopFlick=false,humanoidState=5},
    {type="keyframe",time=0.441667,cframe=CFrame.new(2493.386963,2514.093750,2489.526367,0.989980,0.000000,0.141205,-0.000000,1.000000,-0.000000,-0.141205,0.000000,0.989980),velocity=Vector3.new(-2.827899, 38.649979, -19.799059),slideActive=false,wallhopFlick=false,humanoidState=5},
    {type="keyframe",time=0.445833,cframe=CFrame.new(2493.375244,2514.251465,2489.443848,0.989980,0.000000,0.141205,-0.000000,1.000000,-0.000000,-0.141205,0.000000,0.989980),velocity=Vector3.new(-2.825529, 37.832478, -19.799400),slideActive=false,wallhopFlick=false,humanoidState=5},
    {type="keyframe",time=0.450000,cframe=CFrame.new(2493.363525,2514.405762,2489.361328,0.989980,0.000000,0.141205,-0.000000,1.000000,-0.000000,-0.141205,0.000000,0.989980),velocity=Vector3.new(-2.824640, 37.014977, -19.799530),slideActive=false,wallhopFlick=false,humanoidState=5},
    {type="keyframe",time=0.458333,cframe=CFrame.new(2493.351807,2514.556641,2489.278809,0.989980,0.000000,0.141205,-0.000000,1.000000,-0.000000,-0.141205,0.000000,0.989980),velocity=Vector3.new(-2.824307, 36.197475, -19.799578),slideActive=false,wallhopFlick=false,humanoidState=5},
    {type="keyframe",time=0.466667,cframe=CFrame.new(2493.328369,2514.848145,2489.113770,0.989980,0.000000,0.141205,-0.000000,1.000000,-0.000000,-0.141205,0.000000,0.989980),velocity=Vector3.new(-2.824135, 34.562473, -19.799603),slideActive=false,wallhopFlick=false,humanoidState=5},
    {type="keyframe",time=0.475000,cframe=CFrame.new(2493.304932,2515.125977,2488.948730,0.989980,0.000000,0.141205,-0.000000,1.000000,-0.000000,-0.141205,0.000000,0.989980),velocity=Vector3.new(-2.824111, 32.927471, -19.799606),slideActive=false,wallhopFlick=false,humanoidState=5},
    {type="keyframe",time=0.479167,cframe=CFrame.new(2493.281494,2515.390137,2488.783691,0.989980,-0.000000,0.141205,0.000000,1.000000,0.000000,-0.141205,-0.000000,0.989980),velocity=Vector3.new(-2.824108, 31.292471, -19.799606),slideActive=false,wallhopFlick=false,humanoidState=5},
    {type="keyframe",time=0.487500,cframe=CFrame.new(2493.269775,2515.517090,2488.701172,0.989980,-0.000000,0.141205,0.000000,1.000000,0.000000,-0.141205,-0.000000,0.989980),velocity=Vector3.new(-2.824107, 30.474972, -19.799606),slideActive=false,wallhopFlick=false,humanoidState=5},
    {type="keyframe",time=0.491667,cframe=CFrame.new(2493.246338,2515.760742,2488.536133,0.989980,-0.000000,0.141205,0.000000,1.000000,0.000000,-0.141205,-0.000000,0.989980),velocity=Vector3.new(-2.824107, 28.839973, -19.799606),slideActive=false,wallhopFlick=false,humanoidState=5},
    {type="keyframe",time=0.495833,cframe=CFrame.new(2493.234619,2515.877441,2488.453613,0.989980,-0.000000,0.141205,0.000000,1.000000,0.000000,-0.141205,-0.000000,0.989980),velocity=Vector3.new(-2.824107, 28.022474, -19.799606),slideActive=false,wallhopFlick=false,humanoidState=5},
    {type="keyframe",time=0.500000,cframe=CFrame.new(2493.222900,2515.990723,2488.371094,0.989980,-0.000000,0.141205,0.000000,1.000000,0.000000,-0.141205,-0.000000,0.989980),velocity=Vector3.new(-2.824107, 27.204975, -19.799606),slideActive=false,wallhopFlick=false,humanoidState=5},
    {type="keyframe",time=0.508333,cframe=CFrame.new(2493.211182,2516.100586,2488.288574,0.989980,-0.000000,0.141205,0.000000,1.000000,0.000000,-0.141205,-0.000000,0.989980),velocity=Vector3.new(-2.824107, 26.387476, -19.799606),slideActive=false,wallhopFlick=false,humanoidState=5},
    {type="keyframe",time=0.512500,cframe=CFrame.new(2493.187744,2516.310059,2488.123535,0.990485,-0.000000,0.137619,0.000000,1.000000,0.000000,-0.137619,-0.000000,0.990485),velocity=Vector3.new(-2.824107, 24.752478, -19.799606),slideActive=false,wallhopFlick=false,humanoidState=5},
    {type="keyframe",time=0.516667,cframe=CFrame.new(2493.176270,2516.409668,2488.041016,0.990485,-0.000000,0.137619,0.000000,1.000000,0.000000,-0.137619,-0.000000,0.990485),velocity=Vector3.new(-2.779276, 23.934978, -19.805918),slideActive=false,wallhopFlick=false,humanoidState=5},
    {type="keyframe",time=0.525000,cframe=CFrame.new(2493.164795,2516.506104,2487.958496,0.990485,-0.000000,0.137619,0.000000,1.000000,0.000000,-0.137619,-0.000000,0.990485),velocity=Vector3.new(-2.762464, 23.117479, -19.808285),slideActive=false,wallhopFlick=false,humanoidState=5},
    {type="keyframe",time=0.529167,cframe=CFrame.new(2493.141846,2516.688721,2487.793457,0.990485,-0.000000,0.137619,0.000000,1.000000,0.000000,-0.137619,-0.000000,0.990485),velocity=Vector3.new(-2.753795, 21.482481, -19.809505),slideActive=false,wallhopFlick=false,humanoidState=5},
    {type="keyframe",time=0.533333,cframe=CFrame.new(2493.130371,2516.774902,2487.710938,0.990979,-0.000000,0.134015,0.000000,1.000000,0.000000,-0.134015,-0.000000,0.990979),velocity=Vector3.new(-2.752909, 20.664982, -19.809631),slideActive=false,wallhopFlick=false,humanoidState=5},
    {type="keyframe",time=0.541667,cframe=CFrame.new(2493.118896,2516.857666,2487.628418,0.990979,-0.000000,0.134015,0.000000,1.000000,0.000000,-0.134015,-0.000000,0.990979),velocity=Vector3.new(-2.752576, 19.847483, -19.809677),slideActive=false,wallhopFlick=false,humanoidState=5},
    {type="keyframe",time=0.550000,cframe=CFrame.new(2493.096436,2517.012939,2487.463379,0.991460,-0.000000,0.130413,0.000000,1.000000,0.000000,-0.130413,-0.000000,0.991460),velocity=Vector3.new(-2.690462, 18.212484, -19.818192),slideActive=false,wallhopFlick=false,humanoidState=5},
    {type="keyframe",time=0.554167,cframe=CFrame.new(2493.074463,2517.154541,2487.298340,0.991460,-0.000000,0.130413,0.000000,1.000000,0.000000,-0.130413,-0.000000,0.991460),velocity=Vector3.new(-2.619818, 16.577486, -19.827648),slideActive=false,wallhopFlick=false,humanoidState=5},
    {type="keyframe",time=0.558333,cframe=CFrame.new(2493.063477,2517.220215,2487.215820,0.991460,-0.000000,0.130413,0.000000,1.000000,0.000000,-0.130413,-0.000000,0.991460),velocity=Vector3.new(-2.612593, 15.759986, -19.828615),slideActive=false,wallhopFlick=false,humanoidState=5},
    {type="keyframe",time=0.562500,cframe=CFrame.new(2493.052490,2517.282471,2487.133301,0.991460,-0.000000,0.130413,0.000000,1.000000,0.000000,-0.130413,-0.000000,0.991460),velocity=Vector3.new(-2.609883, 14.942486, -19.828978),slideActive=false,wallhopFlick=false,humanoidState=5},
    {type="keyframe",time=0.566667,cframe=CFrame.new(2493.041504,2517.341309,2487.050781,0.991926,-0.000000,0.126815,0.000000,1.000000,0.000000,-0.126815,-0.000000,0.991926),velocity=Vector3.new(-2.608867, 14.124986, -19.829113),slideActive=false,wallhopFlick=false,humanoidState=5},
    {type="keyframe",time=0.575000,cframe=CFrame.new(2493.030518,2517.396729,2486.968262,0.991926,-0.000000,0.126815,0.000000,1.000000,0.000000,-0.126815,-0.000000,0.991926),velocity=Vector3.new(-2.608486, 13.307486, -19.829165),slideActive=false,wallhopFlick=false,humanoidState=5},
    {type="keyframe",time=0.579167,cframe=CFrame.new(2493.009277,2517.497314,2486.802734,0.991925,-0.000000,0.126822,0.000000,1.000000,0.000000,-0.126822,-0.000000,0.991925),velocity=Vector3.new(-2.546457, 11.672485, -19.837212),slideActive=false,wallhopFlick=false,humanoidState=5},
    {type="keyframe",time=0.583333,cframe=CFrame.new(2492.998779,2517.542480,2486.719971,0.992379,-0.000000,0.123220,0.000000,1.000000,0.000000,-0.123220,-0.000000,0.992379),velocity=Vector3.new(-2.540200, 10.854985, -19.838022),slideActive=false,wallhopFlick=false,humanoidState=5},
    {type="keyframe",time=0.591667,cframe=CFrame.new(2492.988281,2517.584229,2486.637207,0.992379,-0.000000,0.123220,0.000000,1.000000,0.000000,-0.123220,-0.000000,0.992379),velocity=Vector3.new(-2.537854, 10.037485, -19.838326),slideActive=false,wallhopFlick=false,humanoidState=5},
    {type="keyframe",time=0.595833,cframe=CFrame.new(2492.967529,2517.657471,2486.471680,0.992379,-0.000000,0.123220,0.000000,1.000000,0.000000,-0.123220,-0.000000,0.992379),velocity=Vector3.new(-2.474728, 8.402485, -19.846283),slideActive=false,wallhopFlick=false,humanoidState=5},
    {type="keyframe",time=0.604167,cframe=CFrame.new(2492.957275,2517.688965,2486.388916,0.992379,-0.000000,0.123220,0.000000,1.000000,0.000000,-0.123220,-0.000000,0.992379),velocity=Vector3.new(-2.468277, 7.584985, -19.847099),slideActive=false,wallhopFlick=false,humanoidState=5},
    {type="keyframe",time=0.608333,cframe=CFrame.new(2492.936768,2517.741943,2486.223389,0.992379,-0.000000,0.123220,0.000000,1.000000,0.000000,-0.123220,-0.000000,0.992379),velocity=Vector3.new(-2.464950, 5.949985, -19.847519),slideActive=false,wallhopFlick=false,humanoidState=5},
    {type="keyframe",time=0.616667,cframe=CFrame.new(2492.926514,2517.763428,2486.140625,0.993249,-0.000000,0.116002,0.000000,1.000000,0.000000,-0.116002,-0.000000,0.993249),velocity=Vector3.new(-2.464610, 5.132484, -19.847561),slideActive=false,wallhopFlick=false,humanoidState=5},
    {type="keyframe",time=0.625000,cframe=CFrame.new(2492.906494,2517.796143,2485.975098,0.993664,-0.000000,0.112395,0.000000,1.000000,0.000000,-0.112395,-0.000000,0.993664),velocity=Vector3.new(-2.402389, 3.497484, -19.855173),slideActive=false,wallhopFlick=false,humanoidState=5},
    {type="keyframe",time=0.629167,cframe=CFrame.new(2492.887451,2517.815186,2485.809570,0.993664,0.000000,0.112395,-0.000000,1.000000,0.000000,-0.112395,-0.000000,0.993664),velocity=Vector3.new(-2.269630, 1.862484, -19.870728),slideActive=false,wallhopFlick=false,humanoidState=5},
    {type="keyframe",time=0.633333,cframe=CFrame.new(2492.877930,2517.819580,2485.726807,0.993664,0.000000,0.112395,-0.000000,1.000000,-0.000000,-0.112395,0.000000,0.993664),velocity=Vector3.new(-2.256052, 1.044984, -19.872318),slideActive=false,wallhopFlick=false,humanoidState=5},
    {type="keyframe",time=0.641667,cframe=CFrame.new(2492.868652,2517.820557,2485.644043,0.993664,0.000000,0.112392,-0.000000,1.000000,-0.000000,-0.112392,0.000000,0.993664),velocity=Vector3.new(-2.250961, 0.227484, -19.872913),slideActive=false,wallhopFlick=false,humanoidState=5},
    {type="keyframe",time=0.650000,cframe=CFrame.new(2492.850098,2517.812256,2485.478516,0.994066,0.000000,0.108779,-0.000000,1.000000,-0.000000,-0.108779,0.000000,0.994066),velocity=Vector3.new(-2.248335, -1.407516, -19.873222),slideActive=false,wallhopFlick=false,humanoidState=5},
    {type="keyframe",time=0.654167,cframe=CFrame.new(2492.831787,2517.790283,2485.312988,0.994065,0.000000,0.108786,-0.000000,1.000000,-0.000000,-0.108786,0.000000,0.994065),velocity=Vector3.new(-2.185816, -3.042516, -19.880180),slideActive=false,wallhopFlick=false,humanoidState=5},
    {type="keyframe",time=0.658333,cframe=CFrame.new(2492.822754,2517.774170,2485.230225,0.994065,0.000000,0.108786,-0.000000,1.000000,-0.000000,-0.108786,0.000000,0.994065),velocity=Vector3.new(-2.179421, -3.860016, -19.880892),slideActive=false,wallhopFlick=false,humanoidState=5},
    {type="keyframe",time=0.666667,cframe=CFrame.new(2492.813721,2517.754639,2485.147461,0.994455,0.000000,0.105167,-0.000000,1.000000,-0.000000,-0.105167,0.000000,0.994455),velocity=Vector3.new(-2.177106, -4.677516, -19.881149),slideActive=false,wallhopFlick=false,humanoidState=5},
    {type="keyframe",time=0.675000,cframe=CFrame.new(2492.796143,2517.705322,2484.981934,0.994831,0.000000,0.101548,-0.000000,1.000000,-0.000000,-0.101548,0.000000,0.994831),velocity=Vector3.new(-2.113720, -6.312516, -19.887974),slideActive=false,wallhopFlick=false,humanoidState=5},
    {type="keyframe",time=0.679167,cframe=CFrame.new(2492.778564,2517.642334,2484.816406,0.995193,0.000000,0.097932,-0.000000,1.000000,-0.000000,-0.097932,0.000000,0.995193),velocity=Vector3.new(-2.104806, -7.947516, -19.888935),slideActive=false,wallhopFlick=false,humanoidState=5},
    {type="keyframe",time=0.683333,cframe=CFrame.new(2492.770020,2517.605713,2484.733398,0.995193,0.000000,0.097932,-0.000000,1.000000,-0.000000,-0.097932,0.000000,0.995193),velocity=Vector3.new(-2.058652, -8.765017, -19.893734),slideActive=false,wallhopFlick=false,humanoidState=5},
    {type="keyframe",time=0.687500,cframe=CFrame.new(2492.761719,2517.565674,2484.650391,0.995193,0.000000,0.097934,-0.000000,1.000000,-0.000000,-0.097934,0.000000,0.995193),velocity=Vector3.new(-1.996143, -9.582517, -19.900064),slideActive=false,wallhopFlick=false,humanoidState=5},
    {type="keyframe",time=0.691667,cframe=CFrame.new(2492.753418,2517.522461,2484.567383,0.995193,0.000000,0.097934,-0.000000,1.000000,-0.000000,-0.097934,0.000000,0.995193),velocity=Vector3.new(-1.972724, -10.400017, -19.902435),slideActive=false,wallhopFlick=false,humanoidState=5},
    {type="keyframe",time=0.700000,cframe=CFrame.new(2492.745117,2517.475830,2484.484375,0.995541,0.000000,0.094331,-0.000000,1.000000,-0.000000,-0.094331,0.000000,0.995541),velocity=Vector3.new(-1.963942, -11.217517, -19.903324),slideActive=false,wallhopFlick=false,humanoidState=5},
    {type="keyframe",time=0.708333,cframe=CFrame.new(2492.729004,2517.372314,2484.318359,0.995542,0.000000,0.094325,-0.000000,1.000000,-0.000000,-0.094325,0.000000,0.995542),velocity=Vector3.new(-1.959414, -12.852517, -19.903784),slideActive=false,wallhopFlick=false,humanoidState=5},
    {type="keyframe",time=0.712500,cframe=CFrame.new(2492.713135,2517.255127,2484.152344,0.995877,0.000000,0.090713,-0.000000,1.000000,-0.000000,-0.090713,0.000000,0.995877),velocity=Vector3.new(-1.896852, -14.487517, -19.909828),slideActive=false,wallhopFlick=false,humanoidState=5},
    {type="keyframe",time=0.720833,cframe=CFrame.new(2492.705322,2517.191406,2484.069336,0.996199,0.000000,0.087102,-0.000000,1.000000,-0.000000,-0.087102,0.000000,0.996199),velocity=Vector3.new(-1.890378, -15.305017, -19.910454),slideActive=false,wallhopFlick=false,humanoidState=5},
    {type="keyframe",time=0.725000,cframe=CFrame.new(2492.690186,2517.053711,2483.903320,0.996199,0.000000,0.087102,-0.000000,1.000000,-0.000000,-0.087102,0.000000,0.996199),velocity=Vector3.new(-1.824963, -16.940016, -19.916544),slideActive=false,wallhopFlick=false,humanoidState=5},
    {type="keyframe",time=0.729167,cframe=CFrame.new(2492.682861,2516.979736,2483.820312,0.996508,0.000000,0.083494,-0.000000,1.000000,-0.000000,-0.083494,0.000000,0.996508),velocity=Vector3.new(-1.773139, -17.757515, -19.921196),slideActive=false,wallhopFlick=false,humanoidState=5},
