return {
    {type="keyframe",time=0.004167,cframe=CFrame.new(2503.241455,2503.579346,2492.620850,0.999763,0.000000,0.021778,0.000000,1.000000,0.000000,-0.021778,0.000000,0.999763),velocity=Vector3.new(-0.000000, 0.019975, -0.000000),slideActive=false,wallhopFlick=false,humanoidState=8},
    {type="keyframe",time=0.012500,cframe=CFrame.new(2503.241455,2503.579346,2492.620850,0.999763,0.000000,0.021778,0.000000,1.000000,0.000000,-0.021778,0.000000,0.999763),velocity=Vector3.new(-0.000000, 0.019975, -0.000000),slideActive=false,wallhopFlick=false,humanoidState=8},
    {type="keyframe",time=0.016667,cframe=CFrame.new(2503.241455,2503.579346,2492.620850,0.999763,0.000000,0.021778,0.000000,1.000000,0.000000,-0.021778,0.000000,0.999763),velocity=Vector3.new(-0.000000, 0.019975, -0.000000),slideActive=false,wallhopFlick=false,humanoidState=8},
    {type="keyframe",time=0.020833,cframe=CFrame.new(2503.241455,2503.579346,2492.620850,0.999763,0.000000,0.021778,0.000000,1.000000,0.000000,-0.021778,0.000000,0.999763),velocity=Vector3.new(-0.000000, 0.019975, -0.000000),slideActive=false,wallhopFlick=false,humanoidState=8},
    {type="keyframe",time=0.025000,cframe=CFrame.new(2503.241455,2503.579346,2492.620850,0.999763,0.000000,0.021778,0.000000,1.000000,0.000000,-0.021778,0.000000,0.999763),velocity=Vector3.new(-0.000000, 0.019975, -0.000000),slideActive=false,wallhopFlick=false,humanoidState=8},
    {type="keyframe",time=0.029167,cframe=CFrame.new(2503.241455,2503.579346,2492.620850,0.999763,0.000000,0.021778,0.000000,1.000000,0.000000,-0.021778,0.000000,0.999763),velocity=Vector3.new(-0.000000, 0.019975, -0.000000),slideActive=false,wallhopFlick=false,humanoidState=8},
    {type="keyframe",time=0.033333,cframe=CFrame.new(2503.241455,2503.579346,2492.620850,0.999763,0.000000,0.021778,0.000000,1.000000,0.000000,-0.021778,0.000000,0.999763),velocity=Vector3.new(-0.000000, 0.019975, -0.000000),slideActive=false,wallhopFlick=false,humanoidState=8},
    {type="keyframe",time=0.041667,cframe=CFrame.new(2503.241455,2503.579346,2492.620850,0.999763,0.000000,0.021778,0.000000,1.000000,0.000000,-0.021778,0.000000,0.999763),velocity=Vector3.new(-0.000000, 0.019975, -0.000000),slideActive=false,wallhopFlick=false,humanoidState=8},
    {type="keyframe",time=0.045833,cframe=CFrame.new(2503.241455,2503.579346,2492.620850,0.999763,0.000000,0.021778,0.000000,1.000000,0.000000,-0.021778,0.000000,0.999763),velocity=Vector3.new(-0.000000, 0.019975, -0.000000),slideActive=false,wallhopFlick=false,humanoidState=8},
    {type="keyframe",time=0.050000,cframe=CFrame.new(2503.241455,2503.579346,2492.620850,0.999763,0.000000,0.021778,0.000000,1.000000,0.000000,-0.021778,0.000000,0.999763),velocity=Vector3.new(-0.000000, 0.019975, -0.000000),slideActive=false,wallhopFlick=false,humanoidState=8},
    {type="keyframe",time=0.054167,cframe=CFrame.new(2503.241455,2503.579346,2492.620850,0.988384,0.000000,-0.151975,0.000000,1.000000,0.000000,0.151975,0.000000,0.988384),velocity=Vector3.new(-0.000000, 0.019975, -0.000000),slideActive=false,wallhopFlick=false,humanoidState=8},
    {type="keyframe",time=0.058333,cframe=CFrame.new(2503.243164,2503.579346,2492.610352,0.988385,0.000000,-0.151972,0.000000,1.000000,0.000000,0.151972,0.000000,0.988385),velocity=Vector3.new(0.391356, 0.019975, -2.545213),slideActive=false,wallhopFlick=false,humanoidState=8},
    {type="keyframe",time=0.062500,cframe=CFrame.new(2503.246338,2503.579346,2492.589111,0.988385,0.000000,-0.151972,0.000000,1.000000,0.000000,0.151972,0.000000,0.988385),velocity=Vector3.new(0.782711, 0.019975, -5.090426),slideActive=false,wallhopFlick=false,humanoidState=8},
    {type="keyframe",time=0.070833,cframe=CFrame.new(2503.251221,2503.579346,2492.557373,0.988385,0.000000,-0.151972,0.000000,1.000000,0.000000,0.151972,0.000000,0.988385),velocity=Vector3.new(1.174055, 0.019975, -7.635641),slideActive=false,wallhopFlick=false,humanoidState=8},
    {type="keyframe",time=0.079167,cframe=CFrame.new(2503.265869,2503.579346,2492.461914,0.987828,0.000000,-0.155552,0.000000,1.000000,0.000000,0.155552,0.000000,0.987828),velocity=Vector3.new(1.956743, 0.019975, -12.726070),slideActive=false,wallhopFlick=false,humanoidState=8},
    {type="keyframe",time=0.083333,cframe=CFrame.new(2503.287598,2503.579346,2492.323975,0.987828,0.000000,-0.155552,0.000000,1.000000,0.000000,0.155552,0.000000,0.987828),velocity=Vector3.new(2.791157, 0.019975, -17.808277),slideActive=false,wallhopFlick=false,humanoidState=8},
    {type="keyframe",time=0.091667,cframe=CFrame.new(2503.300049,2503.583496,2492.244629,0.987257,0.000000,-0.159132,0.000000,1.000000,0.000000,0.159132,0.000000,0.987257),velocity=Vector3.new(2.991079, 1.020952, -19.025951),slideActive=false,wallhopFlick=false,humanoidState=8},
    {type="keyframe",time=0.095833,cframe=CFrame.new(2503.326172,2503.596924,2492.081787,0.986674,0.000000,-0.162709,0.000000,1.000000,0.000000,0.162709,0.000000,0.986674),velocity=Vector3.new(3.155696, 1.697509, -19.644011),slideActive=false,wallhopFlick=false,humanoidState=8},
    {type="keyframe",time=0.104167,cframe=CFrame.new(2503.339600,2503.604004,2491.999756,0.986673,0.000000,-0.162718,0.000000,1.000000,0.000000,0.162718,0.000000,0.986673),velocity=Vector3.new(3.217246, 1.709890, -19.699930),slideActive=false,wallhopFlick=false,humanoidState=8},
    {type="keyframe",time=0.108333,cframe=CFrame.new(2503.366455,2503.627441,2491.835205,0.986673,0.000000,-0.162718,0.000000,1.000000,0.000000,0.162718,0.000000,0.986673),velocity=Vector3.new(3.248982, 2.984927, -19.728764),slideActive=false,wallhopFlick=false,humanoidState=8},
    {type="keyframe",time=0.116667,cframe=CFrame.new(2503.380127,2503.640137,2491.752930,0.986074,0.000000,-0.166309,0.000000,1.000000,0.000000,0.166309,0.000000,0.986074),velocity=Vector3.new(3.252343, 3.023696, -19.731695),slideActive=false,wallhopFlick=false,humanoidState=8},
    {type="keyframe",time=0.125000,cframe=CFrame.new(2503.407715,2503.616455,2491.588379,0.986073,0.000000,-0.166311,0.000000,1.000000,0.000000,0.166311,0.000000,0.986073),velocity=Vector3.new(3.315805, -4.047405, -19.722910),slideActive=false,wallhopFlick=false,humanoidState=8},
    {type="keyframe",time=0.129167,cframe=CFrame.new(2503.435547,2503.572510,2491.423828,0.985462,0.000000,-0.169893,0.000000,1.000000,0.000000,0.169893,0.000000,0.985462),velocity=Vector3.new(3.324763, -5.682405, -19.721670),slideActive=false,wallhopFlick=false,humanoidState=8},
    {type="keyframe",time=0.137500,cframe=CFrame.new(2503.449707,2503.545410,2491.341797,0.985464,0.000000,-0.169884,0.000000,1.000000,0.000000,0.169884,0.000000,0.985464),velocity=Vector3.new(3.370449, -6.499905, -19.713907),slideActive=false,wallhopFlick=false,humanoidState=8},
    {type="keyframe",time=0.141667,cframe=CFrame.new(2503.478027,2503.480957,2491.177734,0.985465,0.000000,-0.169879,0.000000,1.000000,0.000000,0.169879,0.000000,0.985465),velocity=Vector3.new(3.394006, -8.134905, -19.709904),slideActive=false,wallhopFlick=false,humanoidState=8},
    {type="keyframe",time=0.145833,cframe=CFrame.new(2503.492188,2503.443604,2491.095703,0.985465,0.000000,-0.169879,0.000000,1.000000,0.000000,0.169879,0.000000,0.985465),velocity=Vector3.new(3.396239, -8.952405, -19.709526),slideActive=false,wallhopFlick=false,humanoidState=8},
    {type="keyframe",time=0.150000,cframe=CFrame.new(2503.506348,2503.402832,2491.013672,0.985466,0.000000,-0.169874,0.000000,1.000000,0.000000,0.169874,0.000000,0.985466),velocity=Vector3.new(3.397077, -9.769905, -19.709385),slideActive=false,wallhopFlick=false,humanoidState=8},
    {type="keyframe",time=0.154167,cframe=CFrame.new(2503.520508,2503.358643,2490.931641,0.985466,0.000000,-0.169874,0.000000,1.000000,0.000000,0.169874,0.000000,0.985466),velocity=Vector3.new(3.397391, -10.587405, -19.709332),slideActive=false,wallhopFlick=false,humanoidState=8},
    {type="keyframe",time=0.158333,cframe=CFrame.new(2503.534668,2503.311035,2490.849609,0.985466,0.000000,-0.169874,0.000000,1.000000,0.000000,0.169874,0.000000,0.985466),velocity=Vector3.new(3.397443, -11.404905, -19.709322),slideActive=false,wallhopFlick=false,humanoidState=8},
    {type="keyframe",time=0.162500,cframe=CFrame.new(2503.548828,2503.260010,2490.767578,0.985467,0.000000,-0.169868,0.000000,1.000000,0.000000,0.169868,0.000000,0.985467),velocity=Vector3.new(3.397463, -12.222405, -19.709318),slideActive=false,wallhopFlick=false,humanoidState=8},
    {type="keyframe",time=0.166667,cframe=CFrame.new(2503.562988,2503.205566,2490.685547,0.985467,0.000000,-0.169868,0.000000,1.000000,0.000000,0.169868,0.000000,0.985467),velocity=Vector3.new(3.397470, -13.039906, -19.709316),slideActive=false,wallhopFlick=false,humanoidState=8},
    {type="keyframe",time=0.175000,cframe=CFrame.new(2503.577148,2503.147949,2490.603516,0.985467,0.000000,-0.169868,0.000000,1.000000,0.000000,0.169868,0.000000,0.985467),velocity=Vector3.new(3.397407, -13.857406, -19.709328),slideActive=false,wallhopFlick=false,humanoidState=8},
    {type="keyframe",time=0.179167,cframe=CFrame.new(2503.605469,2503.022461,2490.439453,0.985467,0.000000,-0.169868,0.000000,1.000000,0.000000,0.169868,0.000000,0.985467),velocity=Vector3.new(3.397374, -15.492406, -19.709333),slideActive=false,wallhopFlick=false,humanoidState=8},
    {type="keyframe",time=0.187500,cframe=CFrame.new(2503.619629,2502.954590,2490.357422,0.985467,0.000000,-0.169867,0.000000,1.000000,0.000000,0.169867,0.000000,0.985467),velocity=Vector3.new(3.397371, -16.309906, -19.709333),slideActive=false,wallhopFlick=false,humanoidState=8},
    {type="keyframe",time=0.195833,cframe=CFrame.new(2503.647949,2502.808594,2490.193359,0.985467,0.000000,-0.169865,0.000000,1.000000,0.000000,0.169865,0.000000,0.985467),velocity=Vector3.new(3.397342, -17.944904, -19.709341),slideActive=false,wallhopFlick=false,humanoidState=8},
    {type="keyframe",time=0.204167,cframe=CFrame.new(2503.676270,2502.648926,2490.029297,0.985468,0.000000,-0.169864,0.000000,1.000000,0.000000,0.169864,0.000000,0.985468),velocity=Vector3.new(3.397310, -19.579903, -19.709347),slideActive=false,wallhopFlick=false,humanoidState=8},
    {type="keyframe",time=0.208333,cframe=CFrame.new(2503.704590,2502.475586,2489.865234,0.984844,0.000000,-0.173442,0.000000,1.000000,0.000000,0.173442,0.000000,0.984844),velocity=Vector3.new(3.397278, -21.214901, -19.709351),slideActive=false,wallhopFlick=false,humanoidState=8},
    {type="keyframe",time=0.212500,cframe=CFrame.new(2503.718994,2502.383789,2489.783203,0.984846,0.000000,-0.173434,0.000000,1.000000,0.000000,0.173434,0.000000,0.984846),velocity=Vector3.new(3.442009, -22.032400, -19.701557),slideActive=false,wallhopFlick=false,humanoidState=8},
    {type="keyframe",time=0.220833,cframe=CFrame.new(2503.733398,2502.288574,2489.701172,0.984846,0.000000,-0.173434,0.000000,1.000000,0.000000,0.173434,0.000000,0.984846),velocity=Vector3.new(3.458783, -22.849899, -19.698633),slideActive=false,wallhopFlick=false,humanoidState=8},
    {type="keyframe",time=0.229167,cframe=CFrame.new(2503.762207,2502.087891,2489.537109,0.984847,0.000000,-0.173425,0.000000,1.000000,0.000000,0.173425,0.000000,0.984847),velocity=Vector3.new(3.467282, -24.484898, -19.697153),slideActive=false,wallhopFlick=false,humanoidState=8},
    {type="keyframe",time=0.233333,cframe=CFrame.new(2503.791016,2502.007080,2489.373047,0.984210,0.000000,-0.177005,0.000000,1.000000,0.000000,0.177005,0.000000,0.984210),velocity=Vector3.new(3.468326, -6.293333, -19.696972),slideActive=false,wallhopFlick=false,humanoidState=8},
    {type="keyframe",time=0.237500,cframe=CFrame.new(2503.805420,2501.997559,2489.291016,0.984209,0.000000,-0.177011,0.000000,1.000000,0.000000,0.177011,0.000000,0.984209),velocity=Vector3.new(3.468433, -2.264479, -19.696955),slideActive=false,wallhopFlick=false,humanoidState=8},
    {type="keyframe",time=0.241667,cframe=CFrame.new(2503.820068,2501.997803,2489.208984,0.984209,0.000000,-0.177011,0.000000,1.000000,0.000000,0.177011,0.000000,0.984209),velocity=Vector3.new(3.513228, 0.036835, -19.688982),slideActive=false,wallhopFlick=false,humanoidState=8},
    {type="keyframe",time=0.245833,cframe=CFrame.new(2503.834717,2502.003174,2489.126953,0.984209,0.000000,-0.177011,0.000000,1.000000,0.000000,0.177011,0.000000,0.984209),velocity=Vector3.new(3.530103, 1.280328, -19.685978),slideActive=false,wallhopFlick=false,humanoidState=8},
    {type="keyframe",time=0.254167,cframe=CFrame.new(2503.849365,2502.010986,2489.044922,0.983560,0.000000,-0.180583,0.000000,1.000000,0.000000,0.180583,0.000000,0.983560),velocity=Vector3.new(3.536431, 1.886748, -19.684851),slideActive=false,wallhopFlick=false,humanoidState=8},
    {type="keyframe",time=0.258333,cframe=CFrame.new(2503.879150,2502.028564,2488.880859,0.982898,0.000000,-0.184152,0.000000,1.000000,0.000000,0.184152,0.000000,0.982898),velocity=Vector3.new(3.601081, 2.132735, -19.673115),slideActive=false,wallhopFlick=false,humanoidState=8},
    {type="keyframe",time=0.262500,cframe=CFrame.new(2503.894287,2502.037109,2488.798828,0.982898,0.000000,-0.184152,0.000000,1.000000,0.000000,0.184152,0.000000,0.982898),velocity=Vector3.new(3.607693, 2.031086, -19.671915),slideActive=false,wallhopFlick=false,humanoidState=8},
    {type="keyframe",time=0.266667,cframe=CFrame.new(2503.909424,2502.044922,2488.716797,0.982898,0.000000,-0.184152,0.000000,1.000000,0.000000,0.184152,0.000000,0.982898),velocity=Vector3.new(3.654790, 1.869214, -19.663189),slideActive=false,wallhopFlick=false,humanoidState=8},
    {type="keyframe",time=0.270833,cframe=CFrame.new(2503.924805,2502.052002,2488.634766,0.982898,0.000000,-0.184152,0.000000,1.000000,0.000000,0.184152,0.000000,0.982898),velocity=Vector3.new(3.672452, 1.683878, -19.659916),slideActive=false,wallhopFlick=false,humanoidState=8},
    {type="keyframe",time=0.275000,cframe=CFrame.new(2503.940186,2502.058350,2488.552734,0.982898,0.000000,-0.184152,0.000000,1.000000,0.000000,0.184152,0.000000,0.982898),velocity=Vector3.new(3.679075, 1.494986, -19.658689),slideActive=false,wallhopFlick=false,humanoidState=8},
    {type="keyframe",time=0.279167,cframe=CFrame.new(2503.955566,2502.063721,2488.470703,0.982222,0.000000,-0.187724,0.000000,1.000000,0.000000,0.187724,0.000000,0.982222),velocity=Vector3.new(3.681558, 1.313324, -19.658230),slideActive=false,wallhopFlick=false,humanoidState=8},
    {type="keyframe",time=0.283333,cframe=CFrame.new(2503.970947,2502.068604,2488.388916,0.982222,0.000000,-0.187724,0.000000,1.000000,0.000000,0.187724,0.000000,0.982222),velocity=Vector3.new(3.682490, 1.147785, -19.658056),slideActive=false,wallhopFlick=false,humanoidState=8},
    {type="keyframe",time=0.291667,cframe=CFrame.new(2503.986572,2502.072754,2488.307129,0.982222,0.000000,-0.187724,0.000000,1.000000,0.000000,0.187724,0.000000,0.982222),velocity=Vector3.new(3.727484, 0.997083, -19.649544),slideActive=false,wallhopFlick=false,humanoidState=8},
    {type="keyframe",time=0.295833,cframe=CFrame.new(2504.017822,2502.079590,2488.143555,0.982222,0.000000,-0.187724,0.000000,1.000000,0.000000,0.187724,0.000000,0.982222),velocity=Vector3.new(3.750684, 0.745479, -19.645157),slideActive=false,wallhopFlick=false,humanoidState=8},
    {type="keyframe",time=0.300000,cframe=CFrame.new(2504.033447,2502.082275,2488.061768,0.982222,0.000000,-0.187724,0.000000,1.000000,0.000000,0.187724,0.000000,0.982222),velocity=Vector3.new(3.753057, 0.641838, -19.644707),slideActive=false,wallhopFlick=false,humanoidState=8},
    {type="keyframe",time=0.304167,cframe=CFrame.new(2504.049072,2502.084473,2487.979980,0.982222,0.000000,-0.187724,0.000000,1.000000,0.000000,0.187724,0.000000,0.982222),velocity=Vector3.new(3.753946, 0.552130, -19.644539),slideActive=false,wallhopFlick=false,humanoidState=8},
    {type="keyframe",time=0.308333,cframe=CFrame.new(2504.064697,2502.086426,2487.898193,0.982222,0.000000,-0.187724,0.000000,1.000000,0.000000,0.187724,0.000000,0.982222),velocity=Vector3.new(3.754280, 0.476072, -19.644476),slideActive=false,wallhopFlick=false,humanoidState=8},
    {type="keyframe",time=0.312500,cframe=CFrame.new(2504.080322,2502.088135,2487.816406,0.982222,0.000000,-0.187724,0.000000,1.000000,0.000000,0.187724,0.000000,0.982222),velocity=Vector3.new(3.754405, 0.410460, -19.644451),slideActive=false,wallhopFlick=false,humanoidState=8},
    {type="keyframe",time=0.316667,cframe=CFrame.new(2504.095947,2502.089600,2487.734619,0.982222,0.000000,-0.187724,0.000000,1.000000,0.000000,0.187724,0.000000,0.982222),velocity=Vector3.new(3.754452, 0.353558, -19.644444),slideActive=false,wallhopFlick=false,humanoidState=8},
    {type="keyframe",time=0.320833,cframe=CFrame.new(2504.111572,2502.090820,2487.652832,0.982222,0.000000,-0.187724,0.000000,1.000000,0.000000,0.187724,0.000000,0.982222),velocity=Vector3.new(3.754470, 0.304426, -19.644440),slideActive=false,wallhopFlick=false,humanoidState=8},
    {type="keyframe",time=0.329167,cframe=CFrame.new(2504.127197,2502.091797,2487.571045,0.982222,0.000000,-0.187724,0.000000,1.000000,0.000000,0.187724,0.000000,0.982222),velocity=Vector3.new(3.754476, 0.262554, -19.644438),slideActive=false,wallhopFlick=false,humanoidState=8},
    {type="keyframe",time=0.333333,cframe=CFrame.new(2504.158447,2502.093506,2487.407471,0.982222,0.000000,-0.187724,0.000000,1.000000,0.000000,0.187724,0.000000,0.982222),velocity=Vector3.new(3.754480, 0.196561, -19.644438),slideActive=false,wallhopFlick=false,humanoidState=8},
    {type="keyframe",time=0.337500,cframe=CFrame.new(2504.174072,2502.094238,2487.325684,0.982222,0.000000,-0.187724,0.000000,1.000000,0.000000,0.187724,0.000000,0.982222),velocity=Vector3.new(3.754480, 0.170557, -19.644438),slideActive=false,wallhopFlick=false,humanoidState=8},
    {type="keyframe",time=0.345833,cframe=CFrame.new(2504.189697,2502.094971,2487.243896,0.982222,0.000000,-0.187724,0.000000,1.000000,0.000000,0.187724,0.000000,0.982222),velocity=Vector3.new(3.754480, 0.147317, -19.644438),slideActive=false,wallhopFlick=false,humanoidState=8},
    {type="keyframe",time=0.354167,cframe=CFrame.new(2504.220947,2502.095947,2487.080322,0.982222,0.000000,-0.187724,0.000000,1.000000,0.000000,0.187724,0.000000,0.982222),velocity=Vector3.new(3.754480, 0.107692, -19.644438),slideActive=false,wallhopFlick=false,humanoidState=8},
    {type="keyframe",time=0.358333,cframe=CFrame.new(2504.252197,2502.096680,2486.916748,0.982222,0.000000,-0.187724,0.000000,1.000000,0.000000,0.187724,0.000000,0.982222),velocity=Vector3.new(3.754480, 0.077246, -19.644438),slideActive=false,wallhopFlick=false,humanoidState=8},
    {type="keyframe",time=0.366667,cframe=CFrame.new(2504.267822,2502.096924,2486.834961,0.982222,0.000000,-0.187724,0.000000,1.000000,0.000000,0.187724,0.000000,0.982222),velocity=Vector3.new(3.754480, 0.066256, -19.644438),slideActive=false,wallhopFlick=false,humanoidState=8},
    {type="keyframe",time=0.375000,cframe=CFrame.new(2504.299072,2502.097412,2486.671387,0.982222,0.000000,-0.187724,0.000000,1.000000,0.000000,0.187724,0.000000,0.982222),velocity=Vector3.new(3.754480, 0.049321, -19.644438),slideActive=false,wallhopFlick=false,humanoidState=8},
    {type="keyframe",time=0.379167,cframe=CFrame.new(2504.330322,2502.097900,2486.507812,0.982222,0.000000,-0.187724,0.000000,1.000000,0.000000,0.187724,0.000000,0.982222),velocity=Vector3.new(3.754480, 0.034943, -19.644438),slideActive=false,wallhopFlick=false,humanoidState=8},
    {type="keyframe",time=0.383333,cframe=CFrame.new(2504.345947,2502.097900,2486.426025,0.982222,0.000000,-0.187724,0.000000,1.000000,0.000000,0.187724,0.000000,0.982222),velocity=Vector3.new(3.754480, 0.028083, -19.644438),slideActive=false,wallhopFlick=false,humanoidState=8},
    {type="keyframe",time=0.387500,cframe=CFrame.new(2504.361572,2502.097900,2486.344238,0.982222,0.000000,-0.187724,0.000000,1.000000,0.000000,0.187724,0.000000,0.982222),velocity=Vector3.new(3.754480, 0.024367, -19.644438),slideActive=false,wallhopFlick=false,humanoidState=8},
    {type="keyframe",time=0.395833,cframe=CFrame.new(2504.377197,2502.097900,2486.262451,0.982222,0.000000,-0.187724,0.000000,1.000000,0.000000,0.187724,0.000000,0.982222),velocity=Vector3.new(3.754480, 0.022354, -19.644438),slideActive=false,wallhopFlick=false,humanoidState=8},
    {type="keyframe",time=0.400000,cframe=CFrame.new(2504.408447,2502.097900,2486.098877,0.982222,0.000000,-0.187724,0.000000,1.000000,0.000000,0.187724,0.000000,0.982222),velocity=Vector3.new(3.754480, 0.020673, -19.644438),slideActive=false,wallhopFlick=false,humanoidState=8},
    {type="keyframe",time=0.404167,cframe=CFrame.new(2504.424072,2502.097900,2486.017090,0.982222,0.000000,-0.187724,0.000000,1.000000,0.000000,0.187724,0.000000,0.982222),velocity=Vector3.new(3.754480, 0.020353, -19.644438),slideActive=false,wallhopFlick=false,humanoidState=8},
    {type="keyframe",time=0.412500,cframe=CFrame.new(2504.439697,2502.097900,2485.935303,0.982222,0.000000,-0.187724,0.000000,1.000000,0.000000,0.187724,0.000000,0.982222),velocity=Vector3.new(3.754480, 0.020180, -19.644438),slideActive=false,wallhopFlick=false,humanoidState=8},
    {type="keyframe",time=0.416667,cframe=CFrame.new(2504.470947,2502.097900,2485.771729,0.982222,0.000000,-0.187724,0.000000,1.000000,0.000000,0.187724,0.000000,0.982222),velocity=Vector3.new(3.754480, 0.020035, -19.644438),slideActive=false,wallhopFlick=false,humanoidState=8},
    {type="keyframe",time=0.420833,cframe=CFrame.new(2504.486572,2502.097900,2485.689941,0.982222,0.000000,-0.187724,0.000000,1.000000,0.000000,0.187724,0.000000,0.982222),velocity=Vector3.new(3.754480, 0.020008, -19.644438),slideActive=false,wallhopFlick=false,humanoidState=8},
    {type="keyframe",time=0.425000,cframe=CFrame.new(2504.502197,2502.097900,2485.608154,0.982222,0.000000,-0.187724,0.000000,1.000000,0.000000,0.187724,0.000000,0.982222),velocity=Vector3.new(3.754480, 0.019993, -19.644438),slideActive=false,wallhopFlick=false,humanoidState=8},
    {type="keyframe",time=0.429167,cframe=CFrame.new(2504.517822,2502.097900,2485.526367,0.982222,0.000000,-0.187724,0.000000,1.000000,0.000000,0.187724,0.000000,0.982222),velocity=Vector3.new(3.754480, 0.019985, -19.644438),slideActive=false,wallhopFlick=false,humanoidState=8},
    {type="keyframe",time=0.433333,cframe=CFrame.new(2504.533447,2502.097900,2485.444580,0.982222,0.000000,-0.187724,0.000000,1.000000,0.000000,0.187724,0.000000,0.982222),velocity=Vector3.new(3.754480, 0.019980, -19.644438),slideActive=false,wallhopFlick=false,humanoidState=8},
    {type="keyframe",time=0.441667,cframe=CFrame.new(2504.549072,2502.097900,2485.362793,0.982222,0.000000,-0.187724,0.000000,1.000000,0.000000,0.187724,0.000000,0.982222),velocity=Vector3.new(3.754480, 0.019978, -19.644438),slideActive=false,wallhopFlick=false,humanoidState=8},
    {type="keyframe",time=0.445833,cframe=CFrame.new(2504.580322,2502.097900,2485.199219,0.982222,0.000000,-0.187724,0.000000,1.000000,0.000000,0.187724,0.000000,0.982222),velocity=Vector3.new(3.754480, 0.019976, -19.644438),slideActive=false,wallhopFlick=false,humanoidState=8},
    {type="keyframe",time=0.450000,cframe=CFrame.new(2504.595947,2502.097900,2485.117432,0.982222,0.000000,-0.187724,0.000000,1.000000,0.000000,0.187724,0.000000,0.982222),velocity=Vector3.new(3.754480, 0.019976, -19.644438),slideActive=false,wallhopFlick=false,humanoidState=8},
    {type="keyframe",time=0.454167,cframe=CFrame.new(2504.611572,2502.097900,2485.035645,0.982222,0.000000,-0.187724,0.000000,1.000000,0.000000,0.187724,0.000000,0.982222),velocity=Vector3.new(3.754480, 0.019975, -19.644438),slideActive=false,wallhopFlick=false,humanoidState=8},
    {type="keyframe",time=0.462500,cframe=CFrame.new(2504.627197,2502.097900,2484.953857,0.982222,0.000000,-0.187724,0.000000,1.000000,0.000000,0.187724,0.000000,0.982222),velocity=Vector3.new(3.754480, 0.019975, -19.644438),slideActive=false,wallhopFlick=false,humanoidState=8},
    {type="keyframe",time=0.466667,cframe=CFrame.new(2504.658447,2502.097900,2484.790283,0.982222,0.000000,-0.187724,0.000000,1.000000,0.000000,0.187724,0.000000,0.982222),velocity=Vector3.new(3.754480, 0.019975, -19.644438),slideActive=false,wallhopFlick=false,humanoidState=8},
    {type="keyframe",time=0.475000,cframe=CFrame.new(2504.674072,2502.097900,2484.708496,0.982222,0.000000,-0.187724,0.000000,1.000000,0.000000,0.187724,0.000000,0.982222),velocity=Vector3.new(3.754480, 0.019975, -19.644438),slideActive=false,wallhopFlick=false,humanoidState=8},
    {type="keyframe",time=0.479167,cframe=CFrame.new(2504.705322,2502.097900,2484.544922,0.982222,0.000000,-0.187724,0.000000,1.000000,0.000000,0.187724,0.000000,0.982222),velocity=Vector3.new(3.754480, 0.019975, -19.644438),slideActive=false,wallhopFlick=false,humanoidState=8},
    {type="keyframe",time=0.483333,cframe=CFrame.new(2504.720947,2502.097900,2484.463135,0.982222,0.000000,-0.187724,0.000000,1.000000,0.000000,0.187724,0.000000,0.982222),velocity=Vector3.new(3.754480, 0.019975, -19.644438),slideActive=false,wallhopFlick=false,humanoidState=8},
    {type="keyframe",time=0.487500,cframe=CFrame.new(2504.736572,2502.097900,2484.381348,0.982222,0.000000,-0.187724,0.000000,1.000000,0.000000,0.187724,0.000000,0.982222),velocity=Vector3.new(3.754480, 0.019975, -19.644438),slideActive=false,wallhopFlick=false,humanoidState=8},
    {type="keyframe",time=0.491667,cframe=CFrame.new(2504.752197,2502.097900,2484.299561,0.982222,0.000000,-0.187724,0.000000,1.000000,0.000000,0.187724,0.000000,0.982222),velocity=Vector3.new(3.754480, 0.019975, -19.644438),slideActive=false,wallhopFlick=false,humanoidState=8},
    {type="keyframe",time=0.500000,cframe=CFrame.new(2504.767822,2502.097900,2484.217773,0.982222,0.000000,-0.187724,0.000000,1.000000,0.000000,0.187724,0.000000,0.982222),velocity=Vector3.new(3.754480, 0.019975, -19.644438),slideActive=false,wallhopFlick=false,humanoidState=8},
    {type="keyframe",time=0.504167,cframe=CFrame.new(2504.799072,2502.097900,2484.054199,0.982222,0.000000,-0.187724,0.000000,1.000000,0.000000,0.187724,0.000000,0.982222),velocity=Vector3.new(3.754480, 0.019975, -19.644438),slideActive=false,wallhopFlick=false,humanoidState=8},
    {type="keyframe",time=0.508333,cframe=CFrame.new(2504.814697,2502.097900,2483.972412,0.982222,0.000000,-0.187724,0.000000,1.000000,0.000000,0.187724,0.000000,0.982222),velocity=Vector3.new(3.754480, 0.019975, -19.644438),slideActive=false,wallhopFlick=false,humanoidState=8},
    {type="keyframe",time=0.512500,cframe=CFrame.new(2504.830322,2502.097900,2483.890625,0.982222,0.000000,-0.187724,0.000000,1.000000,0.000000,0.187724,0.000000,0.982222),velocity=Vector3.new(3.754480, 0.019975, -19.644438),slideActive=false,wallhopFlick=false,humanoidState=8},
    {type="keyframe",time=0.520833,cframe=CFrame.new(2504.845947,2502.097900,2483.808838,0.982222,0.000000,-0.187724,0.000000,1.000000,0.000000,0.187724,0.000000,0.982222),velocity=Vector3.new(3.754480, 0.019975, -19.644438),slideActive=false,wallhopFlick=false,humanoidState=8},
    {type="keyframe",time=0.525000,cframe=CFrame.new(2504.877197,2502.097900,2483.645264,0.982222,0.000000,-0.187724,0.000000,1.000000,0.000000,0.187724,0.000000,0.982222),velocity=Vector3.new(3.754480, 0.019975, -19.644438),slideActive=false,wallhopFlick=false,humanoidState=8},
    {type="keyframe",time=0.529167,cframe=CFrame.new(2504.892822,2502.097900,2483.563477,0.982222,0.000000,-0.187724,0.000000,1.000000,0.000000,0.187724,0.000000,0.982222),velocity=Vector3.new(3.754480, 0.019975, -19.644438),slideActive=false,wallhopFlick=false,humanoidState=8},
    {type="keyframe",time=0.533333,cframe=CFrame.new(2504.908447,2502.097900,2483.481689,0.982222,0.000000,-0.187724,0.000000,1.000000,0.000000,0.187724,0.000000,0.982222),velocity=Vector3.new(3.754480, 0.019975, -19.644438),slideActive=false,wallhopFlick=false,humanoidState=8},
    {type="keyframe",time=0.537500,cframe=CFrame.new(2504.924072,2502.097900,2483.399902,0.982222,0.000000,-0.187724,0.000000,1.000000,0.000000,0.187724,0.000000,0.982222),velocity=Vector3.new(3.754480, 0.019975, -19.644438),slideActive=false,wallhopFlick=false,humanoidState=8},
    {type="keyframe",time=0.545833,cframe=CFrame.new(2504.939697,2502.097900,2483.318115,0.982222,0.000000,-0.187724,0.000000,1.000000,0.000000,0.187724,0.000000,0.982222),velocity=Vector3.new(3.754478, 0.019975, -19.644438),slideActive=false,wallhopFlick=false,humanoidState=8},
    {type="keyframe",time=0.550000,cframe=CFrame.new(2504.970947,2502.097900,2483.154541,0.982222,0.000000,-0.187724,0.000000,1.000000,0.000000,0.187724,0.000000,0.982222),velocity=Vector3.new(3.754477, 0.019975, -19.644438),slideActive=false,wallhopFlick=false,humanoidState=8},
    {type="keyframe",time=0.554167,cframe=CFrame.new(2504.986572,2502.097900,2483.072754,0.982222,0.000000,-0.187724,0.000000,1.000000,0.000000,0.187724,0.000000,0.982222),velocity=Vector3.new(3.754477, 0.019975, -19.644438),slideActive=false,wallhopFlick=false,humanoidState=8},
    {type="keyframe",time=0.558333,cframe=CFrame.new(2505.002197,2502.097900,2482.990967,0.982222,0.000000,-0.187724,0.000000,1.000000,0.000000,0.187724,0.000000,0.982222),velocity=Vector3.new(3.754477, 0.019975, -19.644438),slideActive=false,wallhopFlick=false,humanoidState=8},
    {type="keyframe",time=0.562500,cframe=CFrame.new(2505.017822,2502.097900,2482.909180,0.982222,0.000000,-0.187724,0.000000,1.000000,0.000000,0.187724,0.000000,0.982222),velocity=Vector3.new(3.754477, 0.019975, -19.644438),slideActive=false,wallhopFlick=false,humanoidState=8},
    {type="keyframe",time=0.566667,cframe=CFrame.new(2505.033447,2502.097900,2482.827393,0.982222,0.000000,-0.187724,0.000000,1.000000,0.000000,0.187724,0.000000,0.982222),velocity=Vector3.new(3.754477, 0.019975, -19.644438),slideActive=false,wallhopFlick=false,humanoidState=8},
    {type="keyframe",time=0.570833,cframe=CFrame.new(2505.049072,2502.097900,2482.745605,0.982222,0.000000,-0.187724,0.000000,1.000000,0.000000,0.187724,0.000000,0.982222),velocity=Vector3.new(3.754477, 0.019975, -19.644438),slideActive=false,wallhopFlick=false,humanoidState=8},
    {type="keyframe",time=0.575000,cframe=CFrame.new(2505.064697,2502.097900,2482.663818,0.982222,0.000000,-0.187724,0.000000,1.000000,0.000000,0.187724,0.000000,0.982222),velocity=Vector3.new(3.754477, 0.019975, -19.644438),slideActive=false,wallhopFlick=false,humanoidState=8},
    {type="keyframe",time=0.579167,cframe=CFrame.new(2505.080322,2502.097900,2482.582031,0.982222,0.000000,-0.187724,0.000000,1.000000,0.000000,0.187724,0.000000,0.982222),velocity=Vector3.new(3.754477, 0.019975, -19.644438),slideActive=false,wallhopFlick=false,humanoidState=8},
    {type="keyframe",time=0.583333,cframe=CFrame.new(2505.095947,2502.097900,2482.500244,0.982222,0.000000,-0.187724,0.000000,1.000000,0.000000,0.187724,0.000000,0.982222),velocity=Vector3.new(3.754477, 0.019975, -19.644438),slideActive=false,wallhopFlick=false,humanoidState=8},
    {type="keyframe",time=0.591667,cframe=CFrame.new(2505.111572,2502.097900,2482.418457,0.982222,0.000000,-0.187724,0.000000,1.000000,0.000000,0.187724,0.000000,0.982222),velocity=Vector3.new(3.754477, 0.019975, -19.644438),slideActive=false,wallhopFlick=false,humanoidState=8},
    {type="keyframe",time=0.595833,cframe=CFrame.new(2505.142822,2502.097900,2482.254883,0.982222,0.000000,-0.187724,0.000000,1.000000,0.000000,0.187724,0.000000,0.982222),velocity=Vector3.new(3.754477, 0.019975, -19.644438),slideActive=false,wallhopFlick=false,humanoidState=8},
    {type="keyframe",time=0.600000,cframe=CFrame.new(2505.158447,2502.097900,2482.173096,0.982222,0.000000,-0.187724,0.000000,1.000000,0.000000,0.187724,0.000000,0.982222),velocity=Vector3.new(3.754477, 0.019975, -19.644438),slideActive=false,wallhopFlick=false,humanoidState=8},
    {type="keyframe",time=0.604167,cframe=CFrame.new(2505.174072,2502.097900,2482.091309,0.982222,0.000000,-0.187724,0.000000,1.000000,0.000000,0.187724,0.000000,0.982222),velocity=Vector3.new(3.754477, 0.019975, -19.644438),slideActive=false,wallhopFlick=false,humanoidState=8},
    {type="keyframe",time=0.608333,cframe=CFrame.new(2505.189697,2502.097900,2482.009521,0.982222,0.000000,-0.187724,0.000000,1.000000,0.000000,0.187724,0.000000,0.982222),velocity=Vector3.new(3.754477, 0.019975, -19.644438),slideActive=false,wallhopFlick=false,humanoidState=8},
    {type="keyframe",time=0.612500,cframe=CFrame.new(2505.205322,2502.097900,2481.927734,0.982222,0.000000,-0.187724,0.000000,1.000000,0.000000,0.187724,0.000000,0.982222),velocity=Vector3.new(3.754477, 0.019975, -19.644438),slideActive=false,wallhopFlick=false,humanoidState=8},
    {type="keyframe",time=0.616667,cframe=CFrame.new(2505.220947,2502.097900,2481.845947,0.982222,0.000000,-0.187724,0.000000,1.000000,0.000000,0.187724,0.000000,0.982222),velocity=Vector3.new(3.754477, 0.019975, -19.644438),slideActive=false,wallhopFlick=false,humanoidState=8},
    {type="keyframe",time=0.620833,cframe=CFrame.new(2505.236572,2502.097900,2481.764160,0.982222,0.000000,-0.187724,0.000000,1.000000,0.000000,0.187724,0.000000,0.982222),velocity=Vector3.new(3.754477, 0.019975, -19.644438),slideActive=false,wallhopFlick=false,humanoidState=8},
    {type="keyframe",time=0.629167,cframe=CFrame.new(2505.252197,2502.097900,2481.682373,0.982222,0.000000,-0.187724,0.000000,1.000000,0.000000,0.187724,0.000000,0.982222),velocity=Vector3.new(3.754477, 0.019975, -19.644438),slideActive=false,wallhopFlick=false,humanoidState=8},
    {type="keyframe",time=0.633333,cframe=CFrame.new(2505.283447,2502.097900,2481.518799,0.982222,0.000000,-0.187724,0.000000,1.000000,0.000000,0.187724,0.000000,0.982222),velocity=Vector3.new(3.754477, 0.019975, -19.644438),slideActive=false,wallhopFlick=false,humanoidState=8},
    {type="keyframe",time=0.637500,cframe=CFrame.new(2505.299072,2502.097900,2481.437012,0.982222,0.000000,-0.187724,0.000000,1.000000,0.000000,0.187724,0.000000,0.982222),velocity=Vector3.new(3.754477, 0.019975, -19.644438),slideActive=false,wallhopFlick=false,humanoidState=8},
    {type="keyframe",time=0.641667,cframe=CFrame.new(2505.314697,2502.097900,2481.355225,0.982222,0.000000,-0.187724,0.000000,1.000000,0.000000,0.187724,0.000000,0.982222),velocity=Vector3.new(3.754477, 0.019975, -19.644438),slideActive=false,wallhopFlick=false,humanoidState=8},
    {type="keyframe",time=0.645833,cframe=CFrame.new(2505.330322,2502.097900,2481.273438,0.982222,0.000000,-0.187724,0.000000,1.000000,0.000000,0.187724,0.000000,0.982222),velocity=Vector3.new(3.754477, 0.019975, -19.644438),slideActive=false,wallhopFlick=false,humanoidState=8},
    {type="keyframe",time=0.650000,cframe=CFrame.new(2505.345947,2502.097900,2481.191650,0.982222,0.000000,-0.187724,0.000000,1.000000,0.000000,0.187724,0.000000,0.982222),velocity=Vector3.new(3.754477, 0.019975, -19.644438),slideActive=false,wallhopFlick=false,humanoidState=8},
    {type="keyframe",time=0.654167,cframe=CFrame.new(2505.361572,2502.097900,2481.109863,0.982222,0.000000,-0.187724,0.000000,1.000000,0.000000,0.187724,0.000000,0.982222),velocity=Vector3.new(3.754477, 0.019975, -19.644438),slideActive=false,wallhopFlick=false,humanoidState=8},
    {type="keyframe",time=0.658333,cframe=CFrame.new(2505.377197,2502.097900,2481.028076,0.982222,0.000000,-0.187724,0.000000,1.000000,0.000000,0.187724,0.000000,0.982222),velocity=Vector3.new(3.754477, 0.019975, -19.644438),slideActive=false,wallhopFlick=false,humanoidState=8},
    {type="keyframe",time=0.662500,cframe=CFrame.new(2505.392822,2502.097900,2480.946289,0.982222,0.000000,-0.187724,0.000000,1.000000,0.000000,0.187724,0.000000,0.982222),velocity=Vector3.new(3.754477, 0.019975, -19.644438),slideActive=false,wallhopFlick=false,humanoidState=8},
    {type="keyframe",time=0.670833,cframe=CFrame.new(2505.408447,2502.097900,2480.864502,0.982222,0.000000,-0.187724,0.000000,1.000000,0.000000,0.187724,0.000000,0.982222),velocity=Vector3.new(3.754477, 0.019975, -19.644438),slideActive=false,wallhopFlick=false,humanoidState=8},
    {type="keyframe",time=0.675000,cframe=CFrame.new(2505.439697,2502.097900,2480.700928,0.982222,0.000000,-0.187724,0.000000,1.000000,0.000000,0.187724,0.000000,0.982222),velocity=Vector3.new(3.754477, 0.019975, -19.644438),slideActive=false,wallhopFlick=false,humanoidState=8},
    {type="keyframe",time=0.679167,cframe=CFrame.new(2505.455322,2502.097900,2480.619141,0.982222,0.000000,-0.187724,0.000000,1.000000,0.000000,0.187724,0.000000,0.982222),velocity=Vector3.new(3.754477, 0.019975, -19.644438),slideActive=false,wallhopFlick=false,humanoidState=8},
    {type="keyframe",time=0.683333,cframe=CFrame.new(2505.470947,2502.097900,2480.537354,0.982222,0.000000,-0.187724,0.000000,1.000000,0.000000,0.187724,0.000000,0.982222),velocity=Vector3.new(3.754477, 0.019975, -19.644438),slideActive=false,wallhopFlick=false,humanoidState=8},
    {type="keyframe",time=0.687500,cframe=CFrame.new(2505.486572,2502.097900,2480.455566,0.982222,0.000000,-0.187724,0.000000,1.000000,0.000000,0.187724,0.000000,0.982222),velocity=Vector3.new(3.754477, 0.019975, -19.644438),slideActive=false,wallhopFlick=false,humanoidState=8},
    {type="keyframe",time=0.695833,cframe=CFrame.new(2505.502197,2502.097900,2480.373779,0.982222,0.000000,-0.187724,0.000000,1.000000,0.000000,0.187724,0.000000,0.982222),velocity=Vector3.new(3.754477, 0.019975, -19.644438),slideActive=false,wallhopFlick=false,humanoidState=8},
    {type="keyframe",time=0.704167,cframe=CFrame.new(2505.533447,2502.097900,2480.210205,0.982222,0.000000,-0.187724,0.000000,1.000000,0.000000,0.187724,0.000000,0.982222),velocity=Vector3.new(3.754477, 0.019975, -19.644438),slideActive=false,wallhopFlick=false,humanoidState=8},
    {type="keyframe",time=0.708333,cframe=CFrame.new(2505.564697,2502.097900,2480.046631,0.982222,0.000000,-0.187724,0.000000,1.000000,0.000000,0.187724,0.000000,0.982222),velocity=Vector3.new(3.754477, 0.019975, -19.644438),slideActive=false,wallhopFlick=false,humanoidState=8},
    {type="keyframe",time=0.712500,cframe=CFrame.new(2505.580322,2502.097900,2479.964844,0.982222,0.000000,-0.187724,0.000000,1.000000,0.000000,0.187724,0.000000,0.982222),velocity=Vector3.new(3.754474, 0.019975, -19.644438),slideActive=false,wallhopFlick=false,humanoidState=8},
    {type="keyframe",time=0.720833,cframe=CFrame.new(2505.595947,2502.097900,2479.883057,0.982222,0.000000,-0.187724,0.000000,1.000000,0.000000,0.187724,0.000000,0.982222),velocity=Vector3.new(3.754473, 0.019975, -19.644438),slideActive=false,wallhopFlick=false,humanoidState=8},
    {type="keyframe",time=0.725000,cframe=CFrame.new(2505.627197,2502.097900,2479.719482,0.982222,0.000000,-0.187724,0.000000,1.000000,0.000000,0.187724,0.000000,0.982222),velocity=Vector3.new(3.754472, 0.019975, -19.644438),slideActive=false,wallhopFlick=false,humanoidState=8},
    {type="keyframe",time=0.733333,cframe=CFrame.new(2505.642822,2502.097900,2479.637695,0.982222,0.000000,-0.187724,0.000000,1.000000,0.000000,0.187724,0.000000,0.982222),velocity=Vector3.new(3.754472, 0.019975, -19.644438),slideActive=false,wallhopFlick=false,humanoidState=8},
    {type="keyframe",time=0.737500,cframe=CFrame.new(2505.674072,2502.097900,2479.474121,0.982222,0.000000,-0.187724,0.000000,1.000000,0.000000,0.187724,0.000000,0.982222),velocity=Vector3.new(3.754472, 0.019975, -19.644438),slideActive=false,wallhopFlick=false,humanoidState=8},
    {type="keyframe",time=0.741667,cframe=CFrame.new(2505.689697,2502.097900,2479.392334,0.982221,0.000000,-0.187728,0.000000,1.000000,0.000000,0.187728,0.000000,0.982221),velocity=Vector3.new(3.754472, 0.019975, -19.644438),slideActive=false,wallhopFlick=false,humanoidState=8},
    {type="keyframe",time=0.745833,cframe=CFrame.new(2505.705322,2502.097900,2479.310547,0.982221,0.000000,-0.187728,0.000000,1.000000,0.000000,0.187728,0.000000,0.982221),velocity=Vector3.new(3.754472, 0.019975, -19.644438),slideActive=false,wallhopFlick=false,humanoidState=8},
