return {
    {type="keyframe",time=0.003112,cframe=CFrame.new(2501.000000,2503.500000,2494.000000,0.556044,-0.000000,-0.831153,0.000000,1.000000,-0.000000,0.831153,0.000000,0.556044),velocity=Vector3.new(0.000000, 0.000416, 0.000000),slideActive=false,wallhopFlick=false,humanoidState=8},
    {type="keyframe",time=0.007190,cframe=CFrame.new(2501.000000,2503.500000,2494.000000,0.556044,-0.000000,-0.831153,0.000000,1.000000,-0.000000,0.831153,0.000000,0.556044),velocity=Vector3.new(0.000000, 0.000416, 0.000000),slideActive=false,wallhopFlick=false,humanoidState=8},
    {type="keyframe",time=0.011389,cframe=CFrame.new(2501.000000,2503.500000,2494.000000,0.556044,-0.000000,-0.831153,0.000000,1.000000,-0.000000,0.831153,0.000000,0.556044),velocity=Vector3.new(0.000000, 0.000416, 0.000000),slideActive=false,wallhopFlick=false,humanoidState=8},
    {type="keyframe",time=0.015888,cframe=CFrame.new(2501.000000,2503.500000,2494.000000,0.556044,-0.000000,-0.831153,0.000000,1.000000,-0.000000,0.831153,0.000000,0.556044),velocity=Vector3.new(0.000000, 0.000416, 0.000000),slideActive=false,wallhopFlick=false,humanoidState=8},
    {type="keyframe",time=0.019668,cframe=CFrame.new(2501.000000,2503.500000,2494.000000,0.556044,-0.000000,-0.831153,0.000000,1.000000,-0.000000,0.831153,0.000000,0.556044),velocity=Vector3.new(0.000000, 0.000416, 0.000000),slideActive=false,wallhopFlick=false,humanoidState=8},
    {type="keyframe",time=0.023998,cframe=CFrame.new(2501.000000,2503.500000,2494.000000,0.556044,-0.000000,-0.831153,0.000000,1.000000,-0.000000,0.831153,0.000000,0.556044),velocity=Vector3.new(0.000000, 0.000416, 0.000000),slideActive=false,wallhopFlick=false,humanoidState=8},
    {type="keyframe",time=0.028114,cframe=CFrame.new(2501.000000,2503.500000,2494.000000,0.556044,-0.000000,-0.831153,0.000000,1.000000,-0.000000,0.831153,0.000000,0.556044),velocity=Vector3.new(0.000000, 0.000416, 0.000000),slideActive=false,wallhopFlick=false,humanoidState=8},
    {type="keyframe",time=0.032296,cframe=CFrame.new(2501.000000,2503.500000,2494.000000,0.556044,-0.000000,-0.831153,0.000000,1.000000,-0.000000,0.831153,0.000000,0.556044),velocity=Vector3.new(0.000000, 0.000416, 0.000000),slideActive=false,wallhopFlick=false,humanoidState=8},
    {type="keyframe",time=0.036645,cframe=CFrame.new(2501.000000,2503.500000,2494.000000,0.556044,-0.000000,-0.831153,0.000000,1.000000,-0.000000,0.831153,0.000000,0.556044),velocity=Vector3.new(0.000000, 0.000416, 0.000000),slideActive=false,wallhopFlick=false,humanoidState=8},
    {type="keyframe",time=0.041169,cframe=CFrame.new(2501.000000,2503.500000,2494.000000,0.556044,-0.000000,-0.831153,0.000000,1.000000,-0.000000,0.831153,0.000000,0.556044),velocity=Vector3.new(0.000000, 0.000416, 0.000000),slideActive=false,wallhopFlick=false,humanoidState=8},
    {type="keyframe",time=0.045015,cframe=CFrame.new(2501.000000,2503.500000,2494.000000,0.556044,-0.000000,-0.831153,0.000000,1.000000,-0.000000,0.831153,0.000000,0.556044),velocity=Vector3.new(0.000000, 0.000416, 0.000000),slideActive=false,wallhopFlick=false,humanoidState=8},
    {type="keyframe",time=0.049203,cframe=CFrame.new(2501.000000,2503.500000,2494.000000,0.556044,-0.000000,-0.831153,0.000000,1.000000,-0.000000,0.831153,0.000000,0.556044),velocity=Vector3.new(0.000000, 0.000416, 0.000000),slideActive=false,wallhopFlick=false,humanoidState=8},
    {type="keyframe",time=0.053691,cframe=CFrame.new(2501.000000,2503.500000,2494.000000,0.556044,-0.000000,-0.831153,0.000000,1.000000,-0.000000,0.831153,0.000000,0.556044),velocity=Vector3.new(0.000000, 0.000416, 0.000000),slideActive=false,wallhopFlick=false,humanoidState=8},
    {type="keyframe",time=0.057451,cframe=CFrame.new(2501.000000,2503.500000,2494.000000,0.556044,-0.000000,-0.831153,0.000000,1.000000,-0.000000,0.831153,0.000000,0.556044),velocity=Vector3.new(0.000000, 0.000416, 0.000000),slideActive=false,wallhopFlick=false,humanoidState=8},
    {type="keyframe",time=0.061349,cframe=CFrame.new(2501.000000,2503.500000,2494.000000,0.556044,-0.000000,-0.831153,0.000000,1.000000,-0.000000,0.831153,0.000000,0.556044),velocity=Vector3.new(0.000000, 0.000416, 0.000000),slideActive=false,wallhopFlick=false,humanoidState=8},
    {type="keyframe",time=0.065803,cframe=CFrame.new(2501.000000,2503.500000,2494.000000,0.556044,-0.000000,-0.831153,0.000000,1.000000,-0.000000,0.831153,0.000000,0.556044),velocity=Vector3.new(0.000000, 0.000416, 0.000000),slideActive=false,wallhopFlick=false,humanoidState=8},
    {type="keyframe",time=0.070822,cframe=CFrame.new(2501.000000,2503.500000,2494.000000,0.556044,-0.000000,-0.831153,0.000000,1.000000,-0.000000,0.831153,0.000000,0.556044),velocity=Vector3.new(0.000000, 0.000416, 0.000000),slideActive=false,wallhopFlick=false,humanoidState=8},
    {type="keyframe",time=0.073965,cframe=CFrame.new(2501.000000,2503.500000,2494.000000,0.556044,-0.000000,-0.831153,0.000000,1.000000,-0.000000,0.831153,-0.000000,0.556044),velocity=Vector3.new(0.000000, 0.006329, 0.000000),slideActive=false,wallhopFlick=false,humanoidState=8},
    {type="keyframe",time=0.078310,cframe=CFrame.new(2501.000000,2503.500000,2494.000000,0.556044,-0.000000,-0.831153,0.000000,1.000000,-0.000000,0.831153,-0.000000,0.556044),velocity=Vector3.new(0.000000, 0.009532, 0.000000),slideActive=false,wallhopFlick=false,humanoidState=8},
    {type="keyframe",time=0.082212,cframe=CFrame.new(2501.000000,2503.500000,2494.000000,0.556044,-0.000000,-0.831153,0.000000,1.000000,-0.000000,0.831153,-0.000000,0.556044),velocity=Vector3.new(0.000000, 0.012206, 0.000000),slideActive=false,wallhopFlick=false,humanoidState=8},
    {type="keyframe",time=0.087034,cframe=CFrame.new(2501.000000,2503.500000,2494.000000,0.556044,-0.000000,-0.831153,0.000000,1.000000,-0.000000,0.831153,-0.000000,0.556044),velocity=Vector3.new(0.000000, 0.012206, 0.000000),slideActive=false,wallhopFlick=false,humanoidState=8},
    {type="keyframe",time=0.091200,cframe=CFrame.new(2501.000000,2503.500000,2494.000000,0.556044,-0.000000,-0.831153,0.000000,1.000000,-0.000000,0.831153,-0.000000,0.556044),velocity=Vector3.new(0.000000, 0.012991, 0.000000),slideActive=false,wallhopFlick=false,humanoidState=8},
    {type="keyframe",time=0.094666,cframe=CFrame.new(2501.000000,2503.500000,2494.000000,0.556044,-0.000000,-0.831153,0.000000,1.000000,-0.000000,0.831153,-0.000000,0.556044),velocity=Vector3.new(0.000000, 0.012991, 0.000000),slideActive=false,wallhopFlick=false,humanoidState=8},
    {type="keyframe",time=0.098940,cframe=CFrame.new(2501.000000,2503.500000,2494.000000,0.556044,-0.000000,-0.831153,0.000000,1.000000,-0.000000,0.831153,-0.000000,0.556044),velocity=Vector3.new(0.000000, 0.013221, 0.000000),slideActive=false,wallhopFlick=false,humanoidState=8},
    {type="keyframe",time=0.103213,cframe=CFrame.new(2501.000000,2503.500000,2494.000000,0.556044,-0.000000,-0.831153,0.000000,1.000000,-0.000000,0.831153,-0.000000,0.556044),velocity=Vector3.new(0.000000, 0.013221, 0.000000),slideActive=false,wallhopFlick=false,humanoidState=8},
    {type="input",time=0.103958,key="W",state=true},
    {type="keyframe",time=0.107231,cframe=CFrame.new(2501.000000,2503.500000,2494.000000,0.556044,-0.000000,-0.831153,0.000000,1.000000,-0.000000,0.831153,-0.000000,0.556044),velocity=Vector3.new(0.000000, 0.013289, 0.000000),slideActive=false,wallhopFlick=false,humanoidState=8},
    {type="keyframe",time=0.111874,cframe=CFrame.new(2501.000000,2503.500000,2494.000000,0.556044,-0.000000,-0.831153,0.000000,1.000000,-0.000000,0.831153,-0.000000,0.556044),velocity=Vector3.new(0.000000, 0.013289, 0.000000),slideActive=false,wallhopFlick=false,humanoidState=8},
    {type="keyframe",time=0.116778,cframe=CFrame.new(2501.035889,2503.500000,2493.976562,0.555542,-0.000000,-0.831488,0.000000,1.000000,-0.000000,0.831488,-0.000000,0.555542),velocity=Vector3.new(4.311486, 0.013308, -2.817120),slideActive=false,wallhopFlick=false,humanoidState=8},
    {type="keyframe",time=0.120259,cframe=CFrame.new(2501.035889,2503.500000,2493.976562,0.555542,-0.000000,-0.831488,0.000000,1.000000,-0.000000,0.831488,-0.000000,0.555542),velocity=Vector3.new(4.311486, 0.013308, -2.817120),slideActive=false,wallhopFlick=false,humanoidState=8},
    {type="keyframe",time=0.124178,cframe=CFrame.new(2501.107910,2503.500000,2493.929688,0.554817,-0.000000,-0.831972,0.000000,1.000000,-0.000000,0.831972,-0.000000,0.554817),velocity=Vector3.new(8.636703, 0.013314, -5.613112),slideActive=false,wallhopFlick=false,humanoidState=8},
    {type="keyframe",time=0.128349,cframe=CFrame.new(2501.107910,2503.500000,2493.929688,0.554817,-0.000000,-0.831972,0.000000,1.000000,-0.000000,0.831972,-0.000000,0.554817),velocity=Vector3.new(8.636703, 0.013314, -5.613112),slideActive=false,wallhopFlick=false,humanoidState=8},
    {type="keyframe",time=0.133044,cframe=CFrame.new(2501.215820,2503.500000,2493.859619,0.554095,-0.000000,-0.832454,0.000000,1.000000,-0.000000,0.832454,-0.000000,0.554095),velocity=Vector3.new(12.961921, 0.013316, -8.409105),slideActive=false,wallhopFlick=false,humanoidState=8},
    {type="keyframe",time=0.136698,cframe=CFrame.new(2501.215820,2503.500000,2493.859619,0.554095,-0.000000,-0.832454,0.000000,1.000000,-0.000000,0.832454,-0.000000,0.554095),velocity=Vector3.new(12.961921, 0.013316, -8.409105),slideActive=false,wallhopFlick=false,humanoidState=8},
    {type="keyframe",time=0.141225,cframe=CFrame.new(2501.350830,2503.500000,2493.772705,0.553244,-0.000000,-0.833019,0.000000,1.000000,-0.000000,0.833019,-0.000000,0.553244),velocity=Vector3.new(16.193672, 0.013316, -10.425712),slideActive=false,wallhopFlick=false,humanoidState=8},
    {type="keyframe",time=0.145261,cframe=CFrame.new(2501.350830,2503.500000,2493.772705,0.553244,-0.000000,-0.833019,0.000000,1.000000,-0.000000,0.833019,-0.000000,0.553244),velocity=Vector3.new(16.193672, 0.013316, -10.425712),slideActive=false,wallhopFlick=false,humanoidState=8},
    {type="keyframe",time=0.149389,cframe=CFrame.new(2501.490479,2503.500000,2493.683350,0.552251,-0.000000,-0.833678,0.000000,1.000000,-0.000000,0.833678,-0.000000,0.552251),velocity=Vector3.new(16.767227, 0.013317, -10.710051),slideActive=false,wallhopFlick=false,humanoidState=8},
    {type="keyframe",time=0.153362,cframe=CFrame.new(2501.490479,2503.500000,2493.683350,0.552251,-0.000000,-0.833678,0.000000,1.000000,-0.000000,0.833678,-0.000000,0.552251),velocity=Vector3.new(16.767227, 0.013317, -10.710051),slideActive=false,wallhopFlick=false,humanoidState=8},
    {type="keyframe",time=0.157854,cframe=CFrame.new(2501.630859,2503.500000,2493.593750,0.551289,-0.000000,-0.834314,0.000000,1.000000,-0.000000,0.834314,-0.000000,0.551289),velocity=Vector3.new(16.847881, 0.013317, -10.750035),slideActive=false,wallhopFlick=false,humanoidState=8},
    {type="keyframe",time=0.161627,cframe=CFrame.new(2501.630859,2503.500000,2493.593750,0.551289,-0.000000,-0.834314,0.000000,1.000000,-0.000000,0.834314,-0.000000,0.551289),velocity=Vector3.new(16.847881, 0.013317, -10.750035),slideActive=false,wallhopFlick=false,humanoidState=8},
    {type="keyframe",time=0.165864,cframe=CFrame.new(2501.771729,2503.500000,2493.504639,0.550217,-0.000000,-0.835022,0.000000,1.000000,-0.000000,0.835022,-0.000000,0.550217),velocity=Vector3.new(16.892620, 0.013317, -10.703101),slideActive=false,wallhopFlick=false,humanoidState=8},
    {type="keyframe",time=0.170017,cframe=CFrame.new(2501.771729,2503.500000,2493.504639,0.550217,-0.000000,-0.835022,0.000000,1.000000,-0.000000,0.835022,-0.000000,0.550217),velocity=Vector3.new(16.892620, 0.013317, -10.703101),slideActive=false,wallhopFlick=false,humanoidState=8},
    {type="keyframe",time=0.174357,cframe=CFrame.new(2501.912842,2503.500000,2493.416016,0.549017,0.000000,-0.835811,-0.000000,1.000000,0.000000,0.835811,0.000000,0.549017),velocity=Vector3.new(16.932165, 0.013317, -10.643744),slideActive=false,wallhopFlick=false,humanoidState=8},
    {type="keyframe",time=0.178313,cframe=CFrame.new(2501.912842,2503.500000,2493.416016,0.549017,0.000000,-0.835811,-0.000000,1.000000,0.000000,0.835811,0.000000,0.549017),velocity=Vector3.new(16.932165, 0.013317, -10.643744),slideActive=false,wallhopFlick=false,humanoidState=8},
    {type="keyframe",time=0.182536,cframe=CFrame.new(2502.054199,2503.500000,2493.327881,0.547693,0.000000,-0.836680,-0.000000,1.000000,0.000000,0.836680,0.000000,0.547693),velocity=Vector3.new(16.970695, 0.013317, -10.582669),slideActive=false,wallhopFlick=false,humanoidState=8},
    {type="keyframe",time=0.186650,cframe=CFrame.new(2502.054199,2503.500000,2493.327881,0.547693,0.000000,-0.836680,-0.000000,1.000000,0.000000,0.836680,0.000000,0.547693),velocity=Vector3.new(16.970695, 0.013317, -10.582669),slideActive=false,wallhopFlick=false,humanoidState=8},
    {type="keyframe",time=0.190833,cframe=CFrame.new(2502.195557,2503.500000,2493.239746,0.546421,0.000000,-0.837511,-0.000000,1.000000,0.000000,0.837511,0.000000,0.546421),velocity=Vector3.new(16.976114, 0.013317, -10.574080),slideActive=false,wallhopFlick=false,humanoidState=8},
    {type="keyframe",time=0.195080,cframe=CFrame.new(2502.195557,2503.500000,2493.239746,0.546421,0.000000,-0.837511,-0.000000,1.000000,0.000000,0.837511,0.000000,0.546421),velocity=Vector3.new(16.976114, 0.013317, -10.574080),slideActive=false,wallhopFlick=false,humanoidState=8},
    {type="keyframe",time=0.199184,cframe=CFrame.new(2502.337402,2503.500000,2493.152100,0.545058,0.000000,-0.838399,-0.000000,1.000000,0.000000,0.838399,0.000000,0.545058),velocity=Vector3.new(17.009823, 0.013317, -10.519753),slideActive=false,wallhopFlick=false,humanoidState=8},
    {type="keyframe",time=0.203426,cframe=CFrame.new(2502.337402,2503.500000,2493.152100,0.545058,0.000000,-0.838399,-0.000000,1.000000,0.000000,0.838399,0.000000,0.545058),velocity=Vector3.new(17.009823, 0.013317, -10.519753),slideActive=false,wallhopFlick=false,humanoidState=8},
    {type="keyframe",time=0.207660,cframe=CFrame.new(2502.479248,2503.500000,2493.064453,0.543754,0.000000,-0.839245,-0.000000,1.000000,0.000000,0.839245,0.000000,0.543754),velocity=Vector3.new(17.014563, 0.013317, -10.512114),slideActive=false,wallhopFlick=false,humanoidState=8},
    {type="keyframe",time=0.212042,cframe=CFrame.new(2502.479248,2503.500000,2493.064453,0.543754,0.000000,-0.839245,-0.000000,1.000000,0.000000,0.839245,0.000000,0.543754),velocity=Vector3.new(17.014563, 0.013317, -10.512114),slideActive=false,wallhopFlick=false,humanoidState=8},
    {type="keyframe",time=0.215802,cframe=CFrame.new(2502.621094,2503.500000,2492.976807,0.542532,0.000000,-0.840035,-0.000000,1.000000,0.000000,0.840035,0.000000,0.542532),velocity=Vector3.new(17.015230, 0.013317, -10.511039),slideActive=false,wallhopFlick=false,humanoidState=8},
    {type="keyframe",time=0.220039,cframe=CFrame.new(2502.621094,2503.500000,2492.976807,0.542532,0.000000,-0.840035,-0.000000,1.000000,0.000000,0.840035,0.000000,0.542532),velocity=Vector3.new(17.015230, 0.013317, -10.511039),slideActive=false,wallhopFlick=false,humanoidState=8},
    {type="keyframe",time=0.224237,cframe=CFrame.new(2502.762939,2503.500000,2492.889160,0.541390,0.000000,-0.840771,-0.000000,1.000000,0.000000,0.840771,0.000000,0.541390),velocity=Vector3.new(17.015324, 0.013317, -10.510888),slideActive=false,wallhopFlick=false,humanoidState=8},
    {type="keyframe",time=0.228324,cframe=CFrame.new(2502.762939,2503.500000,2492.889160,0.541390,0.000000,-0.840771,-0.000000,1.000000,0.000000,0.840771,0.000000,0.541390),velocity=Vector3.new(17.015324, 0.013317, -10.510888),slideActive=false,wallhopFlick=false,humanoidState=8},
    {type="keyframe",time=0.232478,cframe=CFrame.new(2502.904785,2503.500000,2492.801514,0.540325,0.000000,-0.841456,-0.000000,1.000000,0.000000,0.841456,0.000000,0.540325),velocity=Vector3.new(17.015337, 0.013317, -10.510867),slideActive=false,wallhopFlick=false,humanoidState=8},
    {type="keyframe",time=0.236719,cframe=CFrame.new(2502.904785,2503.500000,2492.801514,0.540325,0.000000,-0.841456,-0.000000,1.000000,0.000000,0.841456,0.000000,0.540325),velocity=Vector3.new(17.015337, 0.013317, -10.510867),slideActive=false,wallhopFlick=false,humanoidState=8},
    {type="keyframe",time=0.240861,cframe=CFrame.new(2503.046631,2503.500000,2492.713867,0.539331,0.000000,-0.842094,-0.000000,1.000000,0.000000,0.842094,0.000000,0.539331),velocity=Vector3.new(17.015339, 0.013317, -10.510863),slideActive=false,wallhopFlick=false,humanoidState=8},
    {type="keyframe",time=0.244934,cframe=CFrame.new(2503.046631,2503.500000,2492.713867,0.539331,0.000000,-0.842094,-0.000000,1.000000,0.000000,0.842094,0.000000,0.539331),velocity=Vector3.new(17.015339, 0.013317, -10.510863),slideActive=false,wallhopFlick=false,humanoidState=8},
    {type="keyframe",time=0.249077,cframe=CFrame.new(2503.188477,2503.500000,2492.626221,0.538403,0.000000,-0.842687,-0.000000,1.000000,0.000000,0.842687,0.000000,0.538403),velocity=Vector3.new(17.015339, 0.013317, -10.510863),slideActive=false,wallhopFlick=false,humanoidState=8},
    {type="keyframe",time=0.253406,cframe=CFrame.new(2503.188477,2503.500000,2492.626221,0.538403,0.000000,-0.842687,-0.000000,1.000000,0.000000,0.842687,0.000000,0.538403),velocity=Vector3.new(17.015339, 0.013317, -10.510863),slideActive=false,wallhopFlick=false,humanoidState=8},
    {type="keyframe",time=0.257521,cframe=CFrame.new(2503.330322,2503.500000,2492.538574,0.537537,0.000000,-0.843240,-0.000000,1.000000,0.000000,0.843240,0.000000,0.537537),velocity=Vector3.new(17.015339, 0.013317, -10.510863),slideActive=false,wallhopFlick=false,humanoidState=8},
    {type="keyframe",time=0.261609,cframe=CFrame.new(2503.330322,2503.500000,2492.538574,0.537537,0.000000,-0.843240,-0.000000,1.000000,0.000000,0.843240,0.000000,0.537537),velocity=Vector3.new(17.015339, 0.013317, -10.510863),slideActive=false,wallhopFlick=false,humanoidState=8},
    {type="keyframe",time=0.266167,cframe=CFrame.new(2503.472168,2503.500000,2492.450928,0.536730,0.000000,-0.843754,-0.000000,1.000000,0.000000,0.843754,0.000000,0.536730),velocity=Vector3.new(17.015339, 0.013317, -10.510863),slideActive=false,wallhopFlick=false,humanoidState=8},
    {type="keyframe",time=0.270097,cframe=CFrame.new(2503.472168,2503.500000,2492.450928,0.536730,0.000000,-0.843754,-0.000000,1.000000,0.000000,0.843754,0.000000,0.536730),velocity=Vector3.new(17.015339, 0.013317, -10.510863),slideActive=false,wallhopFlick=false,humanoidState=8},
    {type="keyframe",time=0.274185,cframe=CFrame.new(2503.614014,2503.500000,2492.363281,0.535976,0.000000,-0.844233,-0.000000,1.000000,0.000000,0.844233,0.000000,0.535976),velocity=Vector3.new(17.015339, 0.013317, -10.510863),slideActive=false,wallhopFlick=false,humanoidState=8},
    {type="keyframe",time=0.278273,cframe=CFrame.new(2503.614014,2503.500000,2492.363281,0.535976,0.000000,-0.844233,-0.000000,1.000000,0.000000,0.844233,0.000000,0.535976),velocity=Vector3.new(17.015339, 0.013317, -10.510863),slideActive=false,wallhopFlick=false,humanoidState=8},
    {type="keyframe",time=0.282522,cframe=CFrame.new(2503.755859,2503.500000,2492.275635,0.535274,0.000000,-0.844679,-0.000000,1.000000,0.000000,0.844679,0.000000,0.535274),velocity=Vector3.new(17.015339, 0.013317, -10.510863),slideActive=false,wallhopFlick=false,humanoidState=8},
    {type="keyframe",time=0.286680,cframe=CFrame.new(2503.755859,2503.500000,2492.275635,0.535274,0.000000,-0.844679,-0.000000,1.000000,0.000000,0.844679,0.000000,0.535274),velocity=Vector3.new(17.015339, 0.013317, -10.510863),slideActive=false,wallhopFlick=false,humanoidState=8},
    {type="keyframe",time=0.291508,cframe=CFrame.new(2503.897705,2503.500000,2492.187988,0.534618,-0.000000,-0.845094,0.000000,1.000000,-0.000000,0.845094,-0.000000,0.534618),velocity=Vector3.new(17.015339, 0.013317, -10.510863),slideActive=false,wallhopFlick=false,humanoidState=8},
    {type="keyframe",time=0.294954,cframe=CFrame.new(2503.897705,2503.500000,2492.187988,0.534618,-0.000000,-0.845094,0.000000,1.000000,-0.000000,0.845094,-0.000000,0.534618),velocity=Vector3.new(17.015339, 0.013317, -10.510863),slideActive=false,wallhopFlick=false,humanoidState=8},
    {type="keyframe",time=0.299891,cframe=CFrame.new(2504.039551,2503.500000,2492.100342,0.534006,-0.000000,-0.845481,0.000000,1.000000,-0.000000,0.845481,-0.000000,0.534006),velocity=Vector3.new(17.015339, 0.013317, -10.510863),slideActive=false,wallhopFlick=false,humanoidState=8},
    {type="keyframe",time=0.303727,cframe=CFrame.new(2504.039551,2503.500000,2492.100342,0.534006,-0.000000,-0.845481,0.000000,1.000000,-0.000000,0.845481,-0.000000,0.534006),velocity=Vector3.new(17.015339, 0.013317, -10.510863),slideActive=false,wallhopFlick=false,humanoidState=8},
    {type="keyframe",time=0.307585,cframe=CFrame.new(2504.181396,2503.500000,2492.012695,0.533436,-0.000000,-0.845841,0.000000,1.000000,-0.000000,0.845841,-0.000000,0.533436),velocity=Vector3.new(17.015339, 0.013317, -10.510863),slideActive=false,wallhopFlick=false,humanoidState=8},
    {type="keyframe",time=0.311612,cframe=CFrame.new(2504.181396,2503.500000,2492.012695,0.533436,-0.000000,-0.845841,0.000000,1.000000,-0.000000,0.845841,-0.000000,0.533436),velocity=Vector3.new(17.015339, 0.013317, -10.510863),slideActive=false,wallhopFlick=false,humanoidState=8},
    {type="keyframe",time=0.315786,cframe=CFrame.new(2504.323242,2503.500000,2491.925049,0.532904,-0.000000,-0.846176,0.000000,1.000000,-0.000000,0.846176,-0.000000,0.532904),velocity=Vector3.new(17.015339, 0.013317, -10.510863),slideActive=false,wallhopFlick=false,humanoidState=8},
    {type="keyframe",time=0.320058,cframe=CFrame.new(2504.323242,2503.500000,2491.925049,0.532904,-0.000000,-0.846176,0.000000,1.000000,-0.000000,0.846176,-0.000000,0.532904),velocity=Vector3.new(17.015339, 0.013317, -10.510863),slideActive=false,wallhopFlick=false,humanoidState=8},
    {type="keyframe",time=0.324139,cframe=CFrame.new(2504.465088,2503.500000,2491.837402,0.532407,-0.000000,-0.846488,0.000000,1.000000,-0.000000,0.846488,-0.000000,0.532407),velocity=Vector3.new(17.015339, 0.013317, -10.510863),slideActive=false,wallhopFlick=false,humanoidState=8},
    {type="keyframe",time=0.328392,cframe=CFrame.new(2504.465088,2503.500000,2491.837402,0.532407,-0.000000,-0.846488,0.000000,1.000000,-0.000000,0.846488,-0.000000,0.532407),velocity=Vector3.new(17.015339, 0.013317, -10.510863),slideActive=false,wallhopFlick=false,humanoidState=8},
    {type="keyframe",time=0.332626,cframe=CFrame.new(2504.606934,2503.500000,2491.749756,0.531944,-0.000000,-0.846779,0.000000,1.000000,-0.000000,0.846779,-0.000000,0.531944),velocity=Vector3.new(17.015339, 0.013317, -10.510863),slideActive=false,wallhopFlick=false,humanoidState=8},
    {type="keyframe",time=0.336878,cframe=CFrame.new(2504.606934,2503.500000,2491.749756,0.531944,-0.000000,-0.846779,0.000000,1.000000,-0.000000,0.846779,-0.000000,0.531944),velocity=Vector3.new(17.015339, 0.013317, -10.510863),slideActive=false,wallhopFlick=false,humanoidState=8},
    {type="keyframe",time=0.340860,cframe=CFrame.new(2504.748779,2503.500000,2491.662109,0.531512,-0.000000,-0.847051,0.000000,1.000000,-0.000000,0.847051,-0.000000,0.531512),velocity=Vector3.new(17.015339, 0.013317, -10.510863),slideActive=false,wallhopFlick=false,humanoidState=8},
    {type="keyframe",time=0.344926,cframe=CFrame.new(2504.748779,2503.500000,2491.662109,0.531512,-0.000000,-0.847051,0.000000,1.000000,-0.000000,0.847051,-0.000000,0.531512),velocity=Vector3.new(17.015339, 0.013317, -10.510863),slideActive=false,wallhopFlick=false,humanoidState=8},
    {type="keyframe",time=0.349207,cframe=CFrame.new(2504.890625,2503.500000,2491.574463,0.531110,-0.000000,-0.847303,0.000000,1.000000,-0.000000,0.847303,-0.000000,0.531110),velocity=Vector3.new(17.015339, 0.013317, -10.510863),slideActive=false,wallhopFlick=false,humanoidState=8},
    {type="keyframe",time=0.353395,cframe=CFrame.new(2504.890625,2503.500000,2491.574463,0.531110,-0.000000,-0.847303,0.000000,1.000000,-0.000000,0.847303,-0.000000,0.531110),velocity=Vector3.new(17.015339, 0.013317, -10.510863),slideActive=false,wallhopFlick=false,humanoidState=8},
    {type="keyframe",time=0.357467,cframe=CFrame.new(2505.032471,2503.500000,2491.486816,0.530734,-0.000000,-0.847538,0.000000,1.000000,-0.000000,0.847538,-0.000000,0.530734),velocity=Vector3.new(17.015339, 0.013317, -10.510863),slideActive=false,wallhopFlick=false,humanoidState=8},
    {type="keyframe",time=0.361668,cframe=CFrame.new(2505.032471,2503.500000,2491.486816,0.530734,-0.000000,-0.847538,0.000000,1.000000,-0.000000,0.847538,-0.000000,0.530734),velocity=Vector3.new(17.015339, 0.013317, -10.510863),slideActive=false,wallhopFlick=false,humanoidState=8},
    {type="keyframe",time=0.366483,cframe=CFrame.new(2505.174316,2503.500000,2491.399170,0.530384,-0.000000,-0.847758,0.000000,1.000000,-0.000000,0.847758,-0.000000,0.530384),velocity=Vector3.new(17.015339, 0.013317, -10.510863),slideActive=false,wallhopFlick=false,humanoidState=8},
    {type="keyframe",time=0.370036,cframe=CFrame.new(2505.174316,2503.500000,2491.399170,0.530384,-0.000000,-0.847758,0.000000,1.000000,-0.000000,0.847758,-0.000000,0.530384),velocity=Vector3.new(17.015339, 0.013317, -10.510863),slideActive=false,wallhopFlick=false,humanoidState=8},
    {type="keyframe",time=0.374343,cframe=CFrame.new(2505.316162,2503.500000,2491.311523,0.530057,-0.000000,-0.847962,0.000000,1.000000,-0.000000,0.847962,-0.000000,0.530057),velocity=Vector3.new(17.015339, 0.013317, -10.510863),slideActive=false,wallhopFlick=false,humanoidState=8},
    {type="keyframe",time=0.378421,cframe=CFrame.new(2505.316162,2503.500000,2491.311523,0.530057,-0.000000,-0.847962,0.000000,1.000000,-0.000000,0.847962,-0.000000,0.530057),velocity=Vector3.new(17.015339, 0.013317, -10.510863),slideActive=false,wallhopFlick=false,humanoidState=8},
    {type="keyframe",time=0.382514,cframe=CFrame.new(2505.458008,2503.500000,2491.223877,0.529752,-0.000000,-0.848152,0.000000,1.000000,-0.000000,0.848152,-0.000000,0.529752),velocity=Vector3.new(17.015339, 0.013317, -10.510863),slideActive=false,wallhopFlick=false,humanoidState=8},
    {type="keyframe",time=0.386678,cframe=CFrame.new(2505.458008,2503.500000,2491.223877,0.529752,-0.000000,-0.848152,0.000000,1.000000,-0.000000,0.848152,-0.000000,0.529752),velocity=Vector3.new(17.015339, 0.013317, -10.510863),slideActive=false,wallhopFlick=false,humanoidState=8},
    {type="keyframe",time=0.391298,cframe=CFrame.new(2505.599854,2503.500000,2491.136230,0.529468,-0.000000,-0.848330,0.000000,1.000000,-0.000000,0.848330,-0.000000,0.529468),velocity=Vector3.new(17.015339, 0.013317, -10.510863),slideActive=false,wallhopFlick=false,humanoidState=8},
    {type="keyframe",time=0.394961,cframe=CFrame.new(2505.599854,2503.500000,2491.136230,0.529468,-0.000000,-0.848330,0.000000,1.000000,-0.000000,0.848330,-0.000000,0.529468),velocity=Vector3.new(17.015339, 0.013317, -10.510863),slideActive=false,wallhopFlick=false,humanoidState=8},
    {type="keyframe",time=0.399200,cframe=CFrame.new(2505.741699,2503.500000,2491.048584,0.529203,0.000000,-0.848495,-0.000000,1.000000,0.000000,0.848495,0.000000,0.529203),velocity=Vector3.new(17.015339, 0.013317, -10.510863),slideActive=false,wallhopFlick=false,humanoidState=8},
    {type="keyframe",time=0.403387,cframe=CFrame.new(2505.741699,2503.500000,2491.048584,0.529203,0.000000,-0.848495,-0.000000,1.000000,0.000000,0.848495,0.000000,0.529203),velocity=Vector3.new(17.015339, 0.013317, -10.510863),slideActive=false,wallhopFlick=false,humanoidState=8},
    {type="keyframe",time=0.407545,cframe=CFrame.new(2505.883545,2503.500000,2490.960938,0.528956,0.000000,-0.848649,-0.000000,1.000000,0.000000,0.848649,0.000000,0.528956),velocity=Vector3.new(17.015339, 0.013317, -10.510863),slideActive=false,wallhopFlick=false,humanoidState=8},
    {type="keyframe",time=0.412248,cframe=CFrame.new(2505.883545,2503.500000,2490.960938,0.528956,0.000000,-0.848649,-0.000000,1.000000,0.000000,0.848649,0.000000,0.528956),velocity=Vector3.new(17.015339, 0.013317, -10.510863),slideActive=false,wallhopFlick=false,humanoidState=8},
    {type="keyframe",time=0.415859,cframe=CFrame.new(2506.025391,2503.500000,2490.873291,0.528725,0.000000,-0.848793,-0.000000,1.000000,0.000000,0.848793,0.000000,0.528725),velocity=Vector3.new(17.015339, 0.013317, -10.510863),slideActive=false,wallhopFlick=false,humanoidState=8},
    {type="keyframe",time=0.420025,cframe=CFrame.new(2506.025391,2503.500000,2490.873291,0.528725,0.000000,-0.848793,-0.000000,1.000000,0.000000,0.848793,0.000000,0.528725),velocity=Vector3.new(17.015339, 0.013317, -10.510863),slideActive=false,wallhopFlick=false,humanoidState=8},
    {type="keyframe",time=0.424247,cframe=CFrame.new(2506.167236,2503.500000,2490.785645,0.528510,0.000000,-0.848927,-0.000000,1.000000,0.000000,0.848927,0.000000,0.528510),velocity=Vector3.new(17.015339, 0.013317, -10.510863),slideActive=false,wallhopFlick=false,humanoidState=8},
    {type="keyframe",time=0.428994,cframe=CFrame.new(2506.167236,2503.500000,2490.785645,0.528510,0.000000,-0.848927,-0.000000,1.000000,0.000000,0.848927,0.000000,0.528510),velocity=Vector3.new(17.015339, 0.013317, -10.510863),slideActive=false,wallhopFlick=false,humanoidState=8},
    {type="keyframe",time=0.432468,cframe=CFrame.new(2506.309082,2503.500000,2490.697998,0.528310,0.000000,-0.849052,-0.000000,1.000000,0.000000,0.849052,0.000000,0.528310),velocity=Vector3.new(17.015339, 0.013317, -10.510863),slideActive=false,wallhopFlick=false,humanoidState=8},
    {type="keyframe",time=0.436706,cframe=CFrame.new(2506.309082,2503.500000,2490.697998,0.528310,0.000000,-0.849052,-0.000000,1.000000,0.000000,0.849052,0.000000,0.528310),velocity=Vector3.new(17.015339, 0.013317, -10.510863),slideActive=false,wallhopFlick=false,humanoidState=8},
    {type="keyframe",time=0.440873,cframe=CFrame.new(2506.450928,2503.500000,2490.610352,0.528123,0.000000,-0.849168,-0.000000,1.000000,0.000000,0.849168,0.000000,0.528123),velocity=Vector3.new(17.015339, 0.013317, -10.510863),slideActive=false,wallhopFlick=false,humanoidState=8},
    {type="keyframe",time=0.444957,cframe=CFrame.new(2506.450928,2503.500000,2490.610352,0.528123,0.000000,-0.849168,-0.000000,1.000000,0.000000,0.849168,0.000000,0.528123),velocity=Vector3.new(17.015339, 0.013317, -10.510863),slideActive=false,wallhopFlick=false,humanoidState=8},
    {type="keyframe",time=0.449105,cframe=CFrame.new(2506.592773,2503.500000,2490.522705,0.527949,0.000000,-0.849276,-0.000000,1.000000,0.000000,0.849276,0.000000,0.527949),velocity=Vector3.new(17.015339, 0.013317, -10.510863),slideActive=false,wallhopFlick=false,humanoidState=8},
    {type="keyframe",time=0.454165,cframe=CFrame.new(2506.592773,2503.500000,2490.522705,0.527949,0.000000,-0.849276,-0.000000,1.000000,0.000000,0.849276,0.000000,0.527949),velocity=Vector3.new(17.015339, 0.013317, -10.510863),slideActive=false,wallhopFlick=false,humanoidState=8},
    {type="keyframe",time=0.457457,cframe=CFrame.new(2506.734619,2503.500000,2490.435059,0.527786,0.000000,-0.849377,-0.000000,1.000000,0.000000,0.849377,0.000000,0.527786),velocity=Vector3.new(17.015339, 0.013317, -10.510863),slideActive=false,wallhopFlick=false,humanoidState=8},
    {type="keyframe",time=0.461615,cframe=CFrame.new(2506.734619,2503.500000,2490.435059,0.527786,0.000000,-0.849377,-0.000000,1.000000,0.000000,0.849377,0.000000,0.527786),velocity=Vector3.new(17.015339, 0.013317, -10.510863),slideActive=false,wallhopFlick=false,humanoidState=8},
    {type="keyframe",time=0.466534,cframe=CFrame.new(2506.876465,2503.500000,2490.347412,0.527635,0.000000,-0.849471,-0.000000,1.000000,0.000000,0.849471,0.000000,0.527635),velocity=Vector3.new(17.015339, 0.013317, -10.510863),slideActive=false,wallhopFlick=false,humanoidState=8},
    {type="keyframe",time=0.470050,cframe=CFrame.new(2506.876465,2503.500000,2490.347412,0.527635,0.000000,-0.849471,-0.000000,1.000000,0.000000,0.849471,0.000000,0.527635),velocity=Vector3.new(17.015339, 0.013317, -10.510863),slideActive=false,wallhopFlick=false,humanoidState=8},
    {type="keyframe",time=0.474184,cframe=CFrame.new(2507.018311,2503.500000,2490.259766,0.527493,0.000000,-0.849559,-0.000000,1.000000,0.000000,0.849559,0.000000,0.527493),velocity=Vector3.new(17.015339, 0.013317, -10.510863),slideActive=false,wallhopFlick=false,humanoidState=8},
    {type="keyframe",time=0.478731,cframe=CFrame.new(2507.018311,2503.500000,2490.259766,0.527493,0.000000,-0.849559,-0.000000,1.000000,0.000000,0.849559,0.000000,0.527493),velocity=Vector3.new(17.015339, 0.013317, -10.510863),slideActive=false,wallhopFlick=false,humanoidState=8},
    {type="keyframe",time=0.482431,cframe=CFrame.new(2507.160156,2503.500000,2490.172119,0.527362,0.000000,-0.849641,-0.000000,1.000000,0.000000,0.849641,0.000000,0.527362),velocity=Vector3.new(17.015339, 0.013317, -10.510863),slideActive=false,wallhopFlick=false,humanoidState=8},
    {type="keyframe",time=0.486685,cframe=CFrame.new(2507.160156,2503.500000,2490.172119,0.527362,0.000000,-0.849641,-0.000000,1.000000,0.000000,0.849641,0.000000,0.527362),velocity=Vector3.new(17.015339, 0.013317, -10.510863),slideActive=false,wallhopFlick=false,humanoidState=8},
    {type="keyframe",time=0.490817,cframe=CFrame.new(2507.302002,2503.500000,2490.084473,0.527239,0.000000,-0.849717,-0.000000,1.000000,0.000000,0.849717,0.000000,0.527239),velocity=Vector3.new(17.015339, 0.013317, -10.510863),slideActive=false,wallhopFlick=false,humanoidState=8},
    {type="keyframe",time=0.495773,cframe=CFrame.new(2507.302002,2503.500000,2490.084473,0.527239,0.000000,-0.849717,-0.000000,1.000000,0.000000,0.849717,0.000000,0.527239),velocity=Vector3.new(17.015339, 0.013317, -10.510863),slideActive=false,wallhopFlick=false,humanoidState=8},
    {type="keyframe",time=0.499548,cframe=CFrame.new(2507.443848,2503.500000,2489.996826,0.527124,0.000000,-0.849788,-0.000000,1.000000,0.000000,0.849788,0.000000,0.527124),velocity=Vector3.new(17.015339, 0.013317, -10.510863),slideActive=false,wallhopFlick=false,humanoidState=8},
    {type="keyframe",time=0.503356,cframe=CFrame.new(2507.443848,2503.500000,2489.996826,0.527124,0.000000,-0.849788,-0.000000,1.000000,0.000000,0.849788,0.000000,0.527124),velocity=Vector3.new(17.015339, 0.013317, -10.510863),slideActive=false,wallhopFlick=false,humanoidState=8},
    {type="keyframe",time=0.507576,cframe=CFrame.new(2507.585693,2503.500000,2489.909180,0.527017,-0.000000,-0.849855,0.000000,1.000000,-0.000000,0.849855,-0.000000,0.527017),velocity=Vector3.new(17.015339, 0.013317, -10.510863),slideActive=false,wallhopFlick=false,humanoidState=8},
    {type="keyframe",time=0.511626,cframe=CFrame.new(2507.585693,2503.500000,2489.909180,0.527017,-0.000000,-0.849855,0.000000,1.000000,-0.000000,0.849855,-0.000000,0.527017),velocity=Vector3.new(17.015339, 0.013317, -10.510863),slideActive=false,wallhopFlick=false,humanoidState=8},
    {type="keyframe",time=0.515843,cframe=CFrame.new(2507.727539,2503.500000,2489.821533,0.526918,-0.000000,-0.849916,0.000000,1.000000,-0.000000,0.849916,-0.000000,0.526918),velocity=Vector3.new(17.015339, 0.013317, -10.510863),slideActive=false,wallhopFlick=false,humanoidState=8},
    {type="keyframe",time=0.520061,cframe=CFrame.new(2507.727539,2503.500000,2489.821533,0.526918,-0.000000,-0.849916,0.000000,1.000000,-0.000000,0.849916,-0.000000,0.526918),velocity=Vector3.new(17.015339, 0.013317, -10.510863),slideActive=false,wallhopFlick=false,humanoidState=8},
    {type="keyframe",time=0.524160,cframe=CFrame.new(2507.869385,2503.500000,2489.733887,0.526825,-0.000000,-0.849974,0.000000,1.000000,-0.000000,0.849974,-0.000000,0.526825),velocity=Vector3.new(17.015339, 0.013317, -10.510863),slideActive=false,wallhopFlick=false,humanoidState=8},
    {type="keyframe",time=0.528561,cframe=CFrame.new(2507.869385,2503.500000,2489.733887,0.526825,-0.000000,-0.849974,0.000000,1.000000,-0.000000,0.849974,-0.000000,0.526825),velocity=Vector3.new(17.015339, 0.013317, -10.510863),slideActive=false,wallhopFlick=false,humanoidState=8},
    {type="keyframe",time=0.532571,cframe=CFrame.new(2508.011230,2503.500000,2489.646240,0.526738,-0.000000,-0.850028,0.000000,1.000000,-0.000000,0.850028,-0.000000,0.526738),velocity=Vector3.new(17.015339, 0.013317, -10.510863),slideActive=false,wallhopFlick=false,humanoidState=8},
    {type="keyframe",time=0.536788,cframe=CFrame.new(2508.011230,2503.500000,2489.646240,0.526738,-0.000000,-0.850028,0.000000,1.000000,-0.000000,0.850028,-0.000000,0.526738),velocity=Vector3.new(17.015339, 0.013317, -10.510863),slideActive=false,wallhopFlick=false,humanoidState=8},
    {type="keyframe",time=0.541004,cframe=CFrame.new(2508.153076,2503.500000,2489.558594,0.526657,-0.000000,-0.850078,0.000000,1.000000,-0.000000,0.850078,-0.000000,0.526657),velocity=Vector3.new(17.015339, 0.013317, -10.510863),slideActive=false,wallhopFlick=false,humanoidState=8},
    {type="keyframe",time=0.545108,cframe=CFrame.new(2508.153076,2503.500000,2489.558594,0.526657,-0.000000,-0.850078,0.000000,1.000000,-0.000000,0.850078,-0.000000,0.526657),velocity=Vector3.new(17.015339, 0.013317, -10.510863),slideActive=false,wallhopFlick=false,humanoidState=8},
    {type="keyframe",time=0.549249,cframe=CFrame.new(2508.294922,2503.500000,2489.470947,0.526582,-0.000000,-0.850124,0.000000,1.000000,-0.000000,0.850124,-0.000000,0.526582),velocity=Vector3.new(17.015339, 0.013317, -10.510863),slideActive=false,wallhopFlick=false,humanoidState=8},
    {type="keyframe",time=0.553385,cframe=CFrame.new(2508.294922,2503.500000,2489.470947,0.526582,-0.000000,-0.850124,0.000000,1.000000,-0.000000,0.850124,-0.000000,0.526582),velocity=Vector3.new(17.015339, 0.013317, -10.510863),slideActive=false,wallhopFlick=false,humanoidState=8},
    {type="keyframe",time=0.557931,cframe=CFrame.new(2508.436768,2503.500000,2489.383301,0.526512,-0.000000,-0.850168,0.000000,1.000000,-0.000000,0.850168,-0.000000,0.526512),velocity=Vector3.new(17.015339, 0.013317, -10.510863),slideActive=false,wallhopFlick=false,humanoidState=8},
    {type="keyframe",time=0.561805,cframe=CFrame.new(2508.436768,2503.500000,2489.383301,0.526512,-0.000000,-0.850168,0.000000,1.000000,-0.000000,0.850168,-0.000000,0.526512),velocity=Vector3.new(17.015339, 0.013317, -10.510863),slideActive=false,wallhopFlick=false,humanoidState=8},
    {type="keyframe",time=0.565954,cframe=CFrame.new(2508.578613,2503.500000,2489.295654,0.526446,-0.000000,-0.850208,0.000000,1.000000,-0.000000,0.850208,-0.000000,0.526446),velocity=Vector3.new(17.015339, 0.013317, -10.510863),slideActive=false,wallhopFlick=false,humanoidState=8},
    {type="keyframe",time=0.570163,cframe=CFrame.new(2508.578613,2503.500000,2489.295654,0.526446,-0.000000,-0.850208,0.000000,1.000000,-0.000000,0.850208,-0.000000,0.526446),velocity=Vector3.new(17.015339, 0.013317, -10.510863),slideActive=false,wallhopFlick=false,humanoidState=8},
    {type="keyframe",time=0.574262,cframe=CFrame.new(2508.720459,2503.500000,2489.208008,0.526385,-0.000000,-0.850246,0.000000,1.000000,-0.000000,0.850246,-0.000000,0.526385),velocity=Vector3.new(17.015339, 0.013317, -10.510863),slideActive=false,wallhopFlick=false,humanoidState=8},
    {type="keyframe",time=0.578405,cframe=CFrame.new(2508.720459,2503.500000,2489.208008,0.526385,-0.000000,-0.850246,0.000000,1.000000,-0.000000,0.850246,-0.000000,0.526385),velocity=Vector3.new(17.015339, 0.013317, -10.510863),slideActive=false,wallhopFlick=false,humanoidState=8},
    {type="keyframe",time=0.582575,cframe=CFrame.new(2508.862305,2503.500000,2489.120361,0.526328,-0.000000,-0.850281,0.000000,1.000000,-0.000000,0.850281,-0.000000,0.526328),velocity=Vector3.new(17.015339, 0.013317, -10.510863),slideActive=false,wallhopFlick=false,humanoidState=8},
    {type="keyframe",time=0.587588,cframe=CFrame.new(2508.862305,2503.500000,2489.120361,0.526328,-0.000000,-0.850281,0.000000,1.000000,-0.000000,0.850281,-0.000000,0.526328),velocity=Vector3.new(17.015339, 0.013317, -10.510863),slideActive=false,wallhopFlick=false,humanoidState=8},
