return {
    {type="keyframe",time=0.004167,cframe=CFrame.new(2504.127930,2503.500000,2489.353760,0.543858,0.000000,-0.839177,-0.000000,1.000000,0.000000,0.839177,0.000000,0.543858),velocity=Vector3.new(0.000000, 0.013317, 0.000000),slideActive=false,wallhopFlick=false,humanoidState=8},
    {type="keyframe",time=0.008333,cframe=CFrame.new(2504.127930,2503.500000,2489.353760,0.543858,0.000000,-0.839177,-0.000000,1.000000,0.000000,0.839177,0.000000,0.543858),velocity=Vector3.new(0.000000, 0.013317, 0.000000),slideActive=false,wallhopFlick=false,humanoidState=8},
    {type="keyframe",time=0.012500,cframe=CFrame.new(2504.127930,2503.500000,2489.353760,0.543858,0.000000,-0.839177,-0.000000,1.000000,0.000000,0.839177,0.000000,0.543858),velocity=Vector3.new(0.000000, 0.013317, 0.000000),slideActive=false,wallhopFlick=false,humanoidState=8},
    {type="keyframe",time=0.016667,cframe=CFrame.new(2504.127930,2503.500000,2489.353760,0.543858,0.000000,-0.839177,-0.000000,1.000000,0.000000,0.839177,0.000000,0.543858),velocity=Vector3.new(0.000000, 0.013317, 0.000000),slideActive=false,wallhopFlick=false,humanoidState=8},
    {type="keyframe",time=0.020833,cframe=CFrame.new(2504.127930,2503.500000,2489.353760,0.543858,0.000000,-0.839177,-0.000000,1.000000,0.000000,0.839177,0.000000,0.543858),velocity=Vector3.new(0.000000, 0.013317, 0.000000),slideActive=false,wallhopFlick=false,humanoidState=8},
    {type="keyframe",time=0.025000,cframe=CFrame.new(2504.127930,2503.500000,2489.353760,0.543858,0.000000,-0.839177,-0.000000,1.000000,0.000000,0.839177,0.000000,0.543858),velocity=Vector3.new(0.000000, 0.013317, 0.000000),slideActive=false,wallhopFlick=false,humanoidState=8},
    {type="keyframe",time=0.029167,cframe=CFrame.new(2504.127930,2503.500000,2489.353760,0.543858,0.000000,-0.839177,-0.000000,1.000000,0.000000,0.839177,0.000000,0.543858),velocity=Vector3.new(0.000000, 0.013317, 0.000000),slideActive=false,wallhopFlick=false,humanoidState=8},
    {type="keyframe",time=0.033333,cframe=CFrame.new(2504.127930,2503.500000,2489.353760,0.543858,0.000000,-0.839177,-0.000000,1.000000,0.000000,0.839177,0.000000,0.543858),velocity=Vector3.new(0.000000, 0.013317, 0.000000),slideActive=false,wallhopFlick=false,humanoidState=8},
    {type="keyframe",time=0.037500,cframe=CFrame.new(2504.127930,2503.500000,2489.353760,0.543858,0.000000,-0.839177,-0.000000,1.000000,0.000000,0.839177,0.000000,0.543858),velocity=Vector3.new(0.000000, 0.013317, 0.000000),slideActive=false,wallhopFlick=false,humanoidState=8},
    {type="keyframe",time=0.041667,cframe=CFrame.new(2504.127930,2503.500000,2489.353760,0.543858,0.000000,-0.839177,-0.000000,1.000000,0.000000,0.839177,0.000000,0.543858),velocity=Vector3.new(0.000000, 0.013317, 0.000000),slideActive=false,wallhopFlick=false,humanoidState=8},
    {type="keyframe",time=0.045833,cframe=CFrame.new(2504.127930,2503.500000,2489.353760,0.532325,0.000000,-0.846540,0.000000,1.000000,0.000000,0.846540,0.000000,0.532325),velocity=Vector3.new(0.000000, 0.013317, 0.000000),slideActive=false,wallhopFlick=false,humanoidState=8},
    {type="keyframe",time=0.050000,cframe=CFrame.new(2504.136963,2503.500000,2489.348145,0.532325,0.000000,-0.846540,0.000000,1.000000,0.000000,0.846540,-0.000000,0.532325),velocity=Vector3.new(2.179947, 0.013317, -1.370803),slideActive=false,wallhopFlick=false,humanoidState=8},
    {type="keyframe",time=0.054167,cframe=CFrame.new(2504.155029,2503.500000,2489.336670,0.532325,0.000000,-0.846540,0.000000,1.000000,0.000000,0.846540,-0.000000,0.532325),velocity=Vector3.new(4.359894, 0.013317, -2.741606),slideActive=false,wallhopFlick=false,humanoidState=8},
    {type="keyframe",time=0.058333,cframe=CFrame.new(2504.182373,2503.500000,2489.319580,0.532325,0.000000,-0.846540,0.000000,1.000000,0.000000,0.846540,-0.000000,0.532325),velocity=Vector3.new(6.539841, 0.013317, -4.112409),slideActive=false,wallhopFlick=false,humanoidState=8},
    {type="keyframe",time=0.062500,cframe=CFrame.new(2504.218750,2503.500000,2489.296631,0.532325,0.000000,-0.846540,0.000000,1.000000,0.000000,0.846540,-0.000000,0.532325),velocity=Vector3.new(8.719788, 0.013317, -5.483212),slideActive=false,wallhopFlick=false,humanoidState=8},
    {type="keyframe",time=0.066667,cframe=CFrame.new(2504.264160,2503.500000,2489.268066,0.532325,0.000000,-0.846540,0.000000,1.000000,0.000000,0.846540,-0.000000,0.532325),velocity=Vector3.new(10.899734, 0.013317, -6.854014),slideActive=false,wallhopFlick=false,humanoidState=8},
    {type="keyframe",time=0.070833,cframe=CFrame.new(2504.318604,2503.500000,2489.233887,0.532325,0.000000,-0.846540,0.000000,1.000000,0.000000,0.846540,-0.000000,0.532325),velocity=Vector3.new(13.079681, 0.013317, -8.224817),slideActive=false,wallhopFlick=false,humanoidState=8},
    {type="keyframe",time=0.075000,cframe=CFrame.new(2504.382080,2503.500000,2489.193848,0.532325,0.000000,-0.846540,0.000000,1.000000,0.000000,0.846540,-0.000000,0.532325),velocity=Vector3.new(15.259628, 0.013317, -9.595620),slideActive=false,wallhopFlick=false,humanoidState=8},
    {type="keyframe",time=0.079167,cframe=CFrame.new(2504.449951,2503.500000,2489.151123,0.532325,0.000000,-0.846540,0.000000,1.000000,0.000000,0.846540,-0.000000,0.532325),velocity=Vector3.new(16.304113, 0.013317, -10.252418),slideActive=false,wallhopFlick=false,humanoidState=8},
    {type="keyframe",time=0.083333,cframe=CFrame.new(2504.519531,2503.500000,2489.107422,0.532325,0.000000,-0.846540,0.000000,1.000000,0.000000,0.846540,-0.000000,0.532325),velocity=Vector3.new(16.695795, 0.013317, -10.498716),slideActive=false,wallhopFlick=false,humanoidState=8},
    {type="keyframe",time=0.087500,cframe=CFrame.new(2504.589600,2503.500000,2489.063232,0.532325,0.000000,-0.846540,0.000000,1.000000,0.000000,0.846540,-0.000000,0.532325),velocity=Vector3.new(16.842676, 0.013317, -10.591079),slideActive=false,wallhopFlick=false,humanoidState=8},
    {type="keyframe",time=0.091667,cframe=CFrame.new(2504.659912,2503.500000,2489.019043,0.532325,0.000000,-0.846540,0.000000,1.000000,0.000000,0.846540,-0.000000,0.532325),velocity=Vector3.new(16.897757, 0.013317, -10.625714),slideActive=false,wallhopFlick=false,humanoidState=8},
    {type="keyframe",time=0.095833,cframe=CFrame.new(2504.730469,2503.500000,2488.974609,0.532325,0.000000,-0.846540,0.000000,1.000000,0.000000,0.846540,-0.000000,0.532325),velocity=Vector3.new(16.918411, 0.013317, -10.638702),slideActive=false,wallhopFlick=false,humanoidState=8},
    {type="keyframe",time=0.100000,cframe=CFrame.new(2504.801025,2503.500000,2488.930176,0.532325,0.000000,-0.846540,0.000000,1.000000,0.000000,0.846540,-0.000000,0.532325),velocity=Vector3.new(16.926157, 0.013317, -10.643574),slideActive=false,wallhopFlick=false,humanoidState=8},
    {type="keyframe",time=0.104167,cframe=CFrame.new(2504.871582,2503.500000,2488.885742,0.532325,0.000000,-0.846540,0.000000,1.000000,0.000000,0.846540,-0.000000,0.532325),velocity=Vector3.new(16.929062, 0.013317, -10.645400),slideActive=false,wallhopFlick=false,humanoidState=8},
    {type="keyframe",time=0.108333,cframe=CFrame.new(2504.942139,2503.500000,2488.841309,0.532325,0.000000,-0.846540,0.000000,1.000000,0.000000,0.846540,-0.000000,0.532325),velocity=Vector3.new(16.930151, 0.013317, -10.646085),slideActive=false,wallhopFlick=false,humanoidState=8},
    {type="keyframe",time=0.112500,cframe=CFrame.new(2505.012695,2503.500000,2488.796875,0.532325,0.000000,-0.846540,0.000000,1.000000,0.000000,0.846540,-0.000000,0.532325),velocity=Vector3.new(16.930559, 0.013317, -10.646341),slideActive=false,wallhopFlick=false,humanoidState=8},
    {type="keyframe",time=0.116667,cframe=CFrame.new(2505.083252,2503.500000,2488.752441,0.532325,0.000000,-0.846540,0.000000,1.000000,0.000000,0.846540,-0.000000,0.532325),velocity=Vector3.new(16.930714, 0.013317, -10.646438),slideActive=false,wallhopFlick=false,humanoidState=8},
    {type="keyframe",time=0.120833,cframe=CFrame.new(2505.153809,2503.500000,2488.708008,0.532325,0.000000,-0.846540,0.000000,1.000000,0.000000,0.846540,-0.000000,0.532325),velocity=Vector3.new(16.930771, 0.013317, -10.646474),slideActive=false,wallhopFlick=false,humanoidState=8},
    {type="keyframe",time=0.125000,cframe=CFrame.new(2505.224365,2503.500000,2488.663574,0.532325,0.000000,-0.846540,0.000000,1.000000,0.000000,0.846540,-0.000000,0.532325),velocity=Vector3.new(16.930792, 0.013317, -10.646487),slideActive=false,wallhopFlick=false,humanoidState=8},
    {type="keyframe",time=0.129167,cframe=CFrame.new(2505.294922,2503.500000,2488.619141,0.532325,0.000000,-0.846540,0.000000,1.000000,0.000000,0.846540,-0.000000,0.532325),velocity=Vector3.new(16.930799, 0.013317, -10.646493),slideActive=false,wallhopFlick=false,humanoidState=8},
    {type="keyframe",time=0.133333,cframe=CFrame.new(2505.365479,2503.500000,2488.574707,0.532325,0.000000,-0.846540,0.000000,1.000000,0.000000,0.846540,-0.000000,0.532325),velocity=Vector3.new(16.930803, 0.013317, -10.646495),slideActive=false,wallhopFlick=false,humanoidState=8},
    {type="keyframe",time=0.137500,cframe=CFrame.new(2505.436035,2503.500000,2488.530273,0.532325,0.000000,-0.846540,0.000000,1.000000,0.000000,0.846540,-0.000000,0.532325),velocity=Vector3.new(16.930805, 0.013317, -10.646496),slideActive=false,wallhopFlick=false,humanoidState=8},
    {type="keyframe",time=0.141667,cframe=CFrame.new(2505.506592,2503.500000,2488.485840,0.532325,0.000000,-0.846540,0.000000,1.000000,0.000000,0.846540,-0.000000,0.532325),velocity=Vector3.new(16.930805, 0.013317, -10.646496),slideActive=false,wallhopFlick=false,humanoidState=8},
    {type="keyframe",time=0.145833,cframe=CFrame.new(2505.577148,2503.500000,2488.441406,0.532325,0.000000,-0.846540,0.000000,1.000000,0.000000,0.846540,-0.000000,0.532325),velocity=Vector3.new(16.930805, 0.013317, -10.646496),slideActive=false,wallhopFlick=false,humanoidState=8},
    {type="keyframe",time=0.150000,cframe=CFrame.new(2505.647705,2503.500000,2488.396973,0.532325,0.000000,-0.846540,0.000000,1.000000,0.000000,0.846540,-0.000000,0.532325),velocity=Vector3.new(16.930805, 0.013317, -10.646496),slideActive=false,wallhopFlick=false,humanoidState=8},
    {type="keyframe",time=0.154167,cframe=CFrame.new(2505.718262,2503.500000,2488.352539,0.532325,-0.000000,-0.846540,-0.000000,1.000000,-0.000000,0.846540,0.000000,0.532325),velocity=Vector3.new(16.930805, 0.013317, -10.646496),slideActive=false,wallhopFlick=false,humanoidState=8},
    {type="keyframe",time=0.158333,cframe=CFrame.new(2505.788818,2503.500000,2488.308105,0.532325,-0.000000,-0.846540,-0.000000,1.000000,-0.000000,0.846540,0.000000,0.532325),velocity=Vector3.new(16.930805, 0.013317, -10.646496),slideActive=false,wallhopFlick=false,humanoidState=8},
    {type="keyframe",time=0.162500,cframe=CFrame.new(2505.859375,2503.500000,2488.263672,0.532325,-0.000000,-0.846540,-0.000000,1.000000,-0.000000,0.846540,0.000000,0.532325),velocity=Vector3.new(16.930805, 0.013317, -10.646496),slideActive=false,wallhopFlick=false,humanoidState=8},
    {type="keyframe",time=0.166667,cframe=CFrame.new(2505.929932,2503.500000,2488.219238,0.532325,-0.000000,-0.846540,-0.000000,1.000000,-0.000000,0.846540,0.000000,0.532325),velocity=Vector3.new(16.930805, 0.013317, -10.646496),slideActive=false,wallhopFlick=false,humanoidState=8},
    {type="keyframe",time=0.170833,cframe=CFrame.new(2506.000488,2503.500000,2488.174805,0.532325,-0.000000,-0.846540,-0.000000,1.000000,-0.000000,0.846540,0.000000,0.532325),velocity=Vector3.new(16.930805, 0.013317, -10.646496),slideActive=false,wallhopFlick=false,humanoidState=8},
    {type="keyframe",time=0.175000,cframe=CFrame.new(2506.071045,2503.500000,2488.130371,0.532325,-0.000000,-0.846540,-0.000000,1.000000,-0.000000,0.846540,0.000000,0.532325),velocity=Vector3.new(16.930805, 0.013317, -10.646496),slideActive=false,wallhopFlick=false,humanoidState=8},
    {type="keyframe",time=0.179167,cframe=CFrame.new(2506.141602,2503.500000,2488.085938,0.532325,-0.000000,-0.846540,-0.000000,1.000000,-0.000000,0.846540,0.000000,0.532325),velocity=Vector3.new(16.930805, 0.013317, -10.646496),slideActive=false,wallhopFlick=false,humanoidState=8},
    {type="keyframe",time=0.183333,cframe=CFrame.new(2506.212158,2503.500000,2488.041504,0.532325,-0.000000,-0.846540,-0.000000,1.000000,-0.000000,0.846540,0.000000,0.532325),velocity=Vector3.new(16.930805, 0.013317, -10.646496),slideActive=false,wallhopFlick=false,humanoidState=8},
    {type="keyframe",time=0.187500,cframe=CFrame.new(2506.282715,2503.500000,2487.997070,0.532325,-0.000000,-0.846540,-0.000000,1.000000,-0.000000,0.846540,0.000000,0.532325),velocity=Vector3.new(16.930805, 0.013317, -10.646496),slideActive=false,wallhopFlick=false,humanoidState=8},
    {type="keyframe",time=0.191667,cframe=CFrame.new(2506.353271,2503.500000,2487.952637,0.532325,-0.000000,-0.846540,-0.000000,1.000000,-0.000000,0.846540,0.000000,0.532325),velocity=Vector3.new(16.930805, 0.013317, -10.646496),slideActive=false,wallhopFlick=false,humanoidState=8},
    {type="keyframe",time=0.195833,cframe=CFrame.new(2506.423828,2503.500000,2487.908203,0.532325,-0.000000,-0.846540,-0.000000,1.000000,-0.000000,0.846540,0.000000,0.532325),velocity=Vector3.new(16.930805, 0.013317, -10.646496),slideActive=false,wallhopFlick=false,humanoidState=8},
    {type="keyframe",time=0.200000,cframe=CFrame.new(2506.494385,2503.500000,2487.863770,0.532325,-0.000000,-0.846540,-0.000000,1.000000,-0.000000,0.846540,0.000000,0.532325),velocity=Vector3.new(16.930805, 0.013317, -10.646496),slideActive=false,wallhopFlick=false,humanoidState=8},
    {type="keyframe",time=0.204167,cframe=CFrame.new(2506.564941,2503.500000,2487.819336,0.532325,-0.000000,-0.846540,-0.000000,1.000000,-0.000000,0.846540,0.000000,0.532325),velocity=Vector3.new(16.930805, 0.013317, -10.646496),slideActive=false,wallhopFlick=false,humanoidState=8},
    {type="keyframe",time=0.208333,cframe=CFrame.new(2506.635498,2503.500000,2487.774902,0.532325,-0.000000,-0.846540,-0.000000,1.000000,-0.000000,0.846540,0.000000,0.532325),velocity=Vector3.new(16.930805, 0.013317, -10.646496),slideActive=false,wallhopFlick=false,humanoidState=8},
    {type="keyframe",time=0.212500,cframe=CFrame.new(2506.706055,2503.500000,2487.730469,0.532325,-0.000000,-0.846540,-0.000000,1.000000,-0.000000,0.846540,0.000000,0.532325),velocity=Vector3.new(16.930805, 0.013317, -10.646496),slideActive=false,wallhopFlick=false,humanoidState=8},
    {type="keyframe",time=0.216667,cframe=CFrame.new(2506.776611,2503.500000,2487.686035,0.532325,-0.000000,-0.846540,-0.000000,1.000000,-0.000000,0.846540,0.000000,0.532325),velocity=Vector3.new(16.930805, 0.013317, -10.646496),slideActive=false,wallhopFlick=false,humanoidState=8},
    {type="keyframe",time=0.220833,cframe=CFrame.new(2506.847168,2503.500000,2487.641602,0.532325,-0.000000,-0.846540,-0.000000,1.000000,-0.000000,0.846540,0.000000,0.532325),velocity=Vector3.new(16.930805, 0.013317, -10.646496),slideActive=false,wallhopFlick=false,humanoidState=8},
    {type="keyframe",time=0.225000,cframe=CFrame.new(2506.917725,2503.500000,2487.597168,0.532325,-0.000000,-0.846540,-0.000000,1.000000,-0.000000,0.846540,0.000000,0.532325),velocity=Vector3.new(16.930805, 0.013317, -10.646496),slideActive=false,wallhopFlick=false,humanoidState=8},
    {type="keyframe",time=0.229167,cframe=CFrame.new(2506.988281,2503.500000,2487.552734,0.532325,-0.000000,-0.846540,-0.000000,1.000000,-0.000000,0.846540,0.000000,0.532325),velocity=Vector3.new(16.930805, 0.013317, -10.646496),slideActive=false,wallhopFlick=false,humanoidState=8},
    {type="keyframe",time=0.233333,cframe=CFrame.new(2507.058838,2503.500000,2487.508301,0.532325,-0.000000,-0.846540,-0.000000,1.000000,-0.000000,0.846540,0.000000,0.532325),velocity=Vector3.new(16.930805, 0.013317, -10.646496),slideActive=false,wallhopFlick=false,humanoidState=8},
    {type="keyframe",time=0.237500,cframe=CFrame.new(2507.129395,2503.500000,2487.463867,0.532325,-0.000000,-0.846540,-0.000000,1.000000,-0.000000,0.846540,0.000000,0.532325),velocity=Vector3.new(16.930805, 0.013317, -10.646496),slideActive=false,wallhopFlick=false,humanoidState=8},
    {type="keyframe",time=0.241667,cframe=CFrame.new(2507.199951,2503.500000,2487.419434,0.532325,-0.000000,-0.846540,-0.000000,1.000000,-0.000000,0.846540,0.000000,0.532325),velocity=Vector3.new(16.930805, 0.013317, -10.646496),slideActive=false,wallhopFlick=false,humanoidState=8},
    {type="keyframe",time=0.245833,cframe=CFrame.new(2507.270508,2503.500000,2487.375000,0.535396,-0.000000,-0.844601,-0.000000,1.000000,-0.000000,0.844601,0.000000,0.535396),velocity=Vector3.new(16.930805, 0.013317, -10.646496),slideActive=false,wallhopFlick=false,humanoidState=8},
    {type="keyframe",time=0.250000,cframe=CFrame.new(2507.341064,2503.500000,2487.330566,0.535396,-0.000000,-0.844601,-0.000000,1.000000,-0.000000,0.844601,0.000000,0.535396),velocity=Vector3.new(16.930805, 0.013317, -10.646496),slideActive=false,wallhopFlick=false,humanoidState=8},
    {type="keyframe",time=0.254167,cframe=CFrame.new(2507.411621,2503.500000,2487.286133,0.535396,-0.000000,-0.844601,-0.000000,1.000000,-0.000000,0.844601,0.000000,0.535396),velocity=Vector3.new(16.906567, 0.013317, -10.684883),slideActive=false,wallhopFlick=false,humanoidState=8},
    {type="keyframe",time=0.258333,cframe=CFrame.new(2507.481934,2503.500000,2487.241455,0.535396,-0.000000,-0.844601,-0.000000,1.000000,-0.000000,0.844601,0.000000,0.535396),velocity=Vector3.new(16.897478, 0.013317, -10.699279),slideActive=false,wallhopFlick=false,humanoidState=8},
    {type="keyframe",time=0.262500,cframe=CFrame.new(2507.552246,2503.500000,2487.196777,0.535396,-0.000000,-0.844601,-0.000000,1.000000,-0.000000,0.844601,0.000000,0.535396),velocity=Vector3.new(16.894070, 0.013317, -10.704678),slideActive=false,wallhopFlick=false,humanoidState=8},
    {type="keyframe",time=0.266667,cframe=CFrame.new(2507.622559,2503.500000,2487.152100,0.535396,0.000000,-0.844601,0.000000,1.000000,0.000000,0.844601,-0.000000,0.535396),velocity=Vector3.new(16.892792, 0.013317, -10.706701),slideActive=false,wallhopFlick=false,humanoidState=8},
    {type="keyframe",time=0.270833,cframe=CFrame.new(2507.692871,2503.500000,2487.107422,0.535396,0.000000,-0.844601,0.000000,1.000000,0.000000,0.844601,-0.000000,0.535396),velocity=Vector3.new(16.892313, 0.013317, -10.707460),slideActive=false,wallhopFlick=false,humanoidState=8},
    {type="keyframe",time=0.275000,cframe=CFrame.new(2507.763184,2503.500000,2487.062744,0.535396,0.000000,-0.844601,0.000000,1.000000,0.000000,0.844601,-0.000000,0.535396),velocity=Vector3.new(16.892134, 0.013317, -10.707746),slideActive=false,wallhopFlick=false,humanoidState=8},
    {type="keyframe",time=0.279167,cframe=CFrame.new(2507.833496,2503.500000,2487.018066,0.535396,0.000000,-0.844601,0.000000,1.000000,0.000000,0.844601,-0.000000,0.535396),velocity=Vector3.new(16.892065, 0.013317, -10.707852),slideActive=false,wallhopFlick=false,humanoidState=8},
    {type="keyframe",time=0.283333,cframe=CFrame.new(2507.903809,2503.500000,2486.973389,0.535396,0.000000,-0.844601,0.000000,1.000000,0.000000,0.844601,-0.000000,0.535396),velocity=Vector3.new(16.892040, 0.013317, -10.707892),slideActive=false,wallhopFlick=false,humanoidState=8},
    {type="keyframe",time=0.287500,cframe=CFrame.new(2507.974121,2503.500000,2486.928711,0.535392,0.000000,-0.844604,0.000000,1.000000,0.000000,0.844604,-0.000000,0.535392),velocity=Vector3.new(16.892031, 0.013317, -10.707908),slideActive=false,wallhopFlick=false,humanoidState=8},
    {type="keyframe",time=0.291667,cframe=CFrame.new(2508.044434,2503.500000,2486.884033,0.535392,0.000000,-0.844604,0.000000,1.000000,0.000000,0.844604,-0.000000,0.535392),velocity=Vector3.new(16.892027, 0.013317, -10.707913),slideActive=false,wallhopFlick=false,humanoidState=8},
    {type="keyframe",time=0.295833,cframe=CFrame.new(2508.114746,2503.500000,2486.839355,0.535392,0.000000,-0.844604,0.000000,1.000000,0.000000,0.844604,-0.000000,0.535392),velocity=Vector3.new(16.892059, 0.013317, -10.707862),slideActive=false,wallhopFlick=false,humanoidState=8},
    {type="keyframe",time=0.300000,cframe=CFrame.new(2508.185059,2503.500000,2486.794678,0.535392,0.000000,-0.844604,0.000000,1.000000,0.000000,0.844604,-0.000000,0.535392),velocity=Vector3.new(16.892071, 0.013317, -10.707843),slideActive=false,wallhopFlick=false,humanoidState=8},
    {type="keyframe",time=0.304167,cframe=CFrame.new(2508.255371,2503.500000,2486.750000,0.535392,0.000000,-0.844604,0.000000,1.000000,0.000000,0.844604,-0.000000,0.535392),velocity=Vector3.new(16.892075, 0.013317, -10.707836),slideActive=false,wallhopFlick=false,humanoidState=8},
    {type="keyframe",time=0.308333,cframe=CFrame.new(2508.325684,2503.500000,2486.705322,0.535392,0.000000,-0.844604,0.000000,1.000000,0.000000,0.844604,-0.000000,0.535392),velocity=Vector3.new(16.892076, 0.013317, -10.707833),slideActive=false,wallhopFlick=false,humanoidState=8},
    {type="keyframe",time=0.312500,cframe=CFrame.new(2508.395996,2503.500000,2486.660645,0.535392,0.000000,-0.844604,0.000000,1.000000,0.000000,0.844604,-0.000000,0.535392),velocity=Vector3.new(16.892078, 0.013317, -10.707832),slideActive=false,wallhopFlick=false,humanoidState=8},
    {type="keyframe",time=0.316667,cframe=CFrame.new(2508.466309,2503.500000,2486.615967,0.535387,0.000000,-0.844607,0.000000,1.000000,0.000000,0.844607,-0.000000,0.535387),velocity=Vector3.new(16.892078, 0.013317, -10.707831),slideActive=false,wallhopFlick=false,humanoidState=8},
    {type="keyframe",time=0.320833,cframe=CFrame.new(2508.536621,2503.500000,2486.571289,0.535387,0.000000,-0.844607,0.000000,1.000000,0.000000,0.844607,-0.000000,0.535387),velocity=Vector3.new(16.892078, 0.013317, -10.707831),slideActive=false,wallhopFlick=false,humanoidState=8},
    {type="keyframe",time=0.325000,cframe=CFrame.new(2508.606934,2503.500000,2486.526611,0.535387,0.000000,-0.844607,0.000000,1.000000,0.000000,0.844607,-0.000000,0.535387),velocity=Vector3.new(16.892113, 0.013317, -10.707778),slideActive=false,wallhopFlick=false,humanoidState=8},
    {type="keyframe",time=0.329167,cframe=CFrame.new(2508.677246,2503.500000,2486.481934,0.535387,0.000000,-0.844607,0.000000,1.000000,0.000000,0.844607,-0.000000,0.535387),velocity=Vector3.new(16.892124, 0.013317, -10.707758),slideActive=false,wallhopFlick=false,humanoidState=8},
    {type="keyframe",time=0.333333,cframe=CFrame.new(2508.747559,2503.500000,2486.437256,0.535387,0.000000,-0.844607,0.000000,1.000000,0.000000,0.844607,-0.000000,0.535387),velocity=Vector3.new(16.892128, 0.013317, -10.707750),slideActive=false,wallhopFlick=false,humanoidState=8},
    {type="keyframe",time=0.337500,cframe=CFrame.new(2508.817871,2503.500000,2486.392578,0.535387,0.000000,-0.844607,0.000000,1.000000,0.000000,0.844607,-0.000000,0.535387),velocity=Vector3.new(16.892130, 0.013317, -10.707748),slideActive=false,wallhopFlick=false,humanoidState=8},
    {type="keyframe",time=0.341667,cframe=CFrame.new(2508.888184,2503.500000,2486.347900,0.535393,0.000000,-0.844603,0.000000,1.000000,0.000000,0.844603,-0.000000,0.535393),velocity=Vector3.new(16.892132, 0.013317, -10.707747),slideActive=false,wallhopFlick=false,humanoidState=8},
    {type="keyframe",time=0.345833,cframe=CFrame.new(2508.958496,2503.500000,2486.303223,0.535393,0.000000,-0.844603,0.000000,1.000000,0.000000,0.844603,-0.000000,0.535393),velocity=Vector3.new(16.892132, 0.013317, -10.707747),slideActive=false,wallhopFlick=false,humanoidState=8},
    {type="keyframe",time=0.350000,cframe=CFrame.new(2509.028809,2503.500000,2486.258545,0.535393,0.000000,-0.844603,0.000000,1.000000,0.000000,0.844603,-0.000000,0.535393),velocity=Vector3.new(16.892086, 0.013317, -10.707823),slideActive=false,wallhopFlick=false,humanoidState=8},
    {type="keyframe",time=0.354167,cframe=CFrame.new(2509.099121,2503.500000,2486.213867,0.535393,0.000000,-0.844603,0.000000,1.000000,0.000000,0.844603,-0.000000,0.535393),velocity=Vector3.new(16.892069, 0.013317, -10.707851),slideActive=false,wallhopFlick=false,humanoidState=8},
    {type="keyframe",time=0.358333,cframe=CFrame.new(2509.169434,2503.500000,2486.169189,0.535393,0.000000,-0.844603,0.000000,1.000000,0.000000,0.844603,-0.000000,0.535393),velocity=Vector3.new(16.892061, 0.013317, -10.707862),slideActive=false,wallhopFlick=false,humanoidState=8},
    {type="keyframe",time=0.362500,cframe=CFrame.new(2509.239746,2503.500000,2486.124512,0.535393,0.000000,-0.844603,0.000000,1.000000,0.000000,0.844603,-0.000000,0.535393),velocity=Vector3.new(16.892059, 0.013317, -10.707866),slideActive=false,wallhopFlick=false,humanoidState=8},
    {type="keyframe",time=0.366667,cframe=CFrame.new(2509.310059,2503.500000,2486.079834,0.535399,0.000000,-0.844599,0.000000,1.000000,0.000000,0.844599,-0.000000,0.535399),velocity=Vector3.new(16.892057, 0.013317, -10.707868),slideActive=false,wallhopFlick=false,humanoidState=8},
    {type="keyframe",time=0.370833,cframe=CFrame.new(2509.380371,2503.500000,2486.035156,0.535399,0.000000,-0.844599,0.000000,1.000000,0.000000,0.844599,-0.000000,0.535399),velocity=Vector3.new(16.892057, 0.013317, -10.707869),slideActive=false,wallhopFlick=false,humanoidState=8},
    {type="keyframe",time=0.375000,cframe=CFrame.new(2509.450684,2503.500000,2485.990479,0.535400,-0.000000,-0.844599,-0.000000,1.000000,-0.000000,0.844599,0.000000,0.535400),velocity=Vector3.new(16.892008, 0.013317, -10.707944),slideActive=false,wallhopFlick=false,humanoidState=8},
    {type="keyframe",time=0.379167,cframe=CFrame.new(2509.520996,2503.500000,2485.945801,0.535400,-0.000000,-0.844599,-0.000000,1.000000,-0.000000,0.844599,0.000000,0.535400),velocity=Vector3.new(16.891991, 0.013317, -10.707973),slideActive=false,wallhopFlick=false,humanoidState=8},
    {type="keyframe",time=0.383333,cframe=CFrame.new(2509.591309,2503.500000,2485.901123,0.535400,-0.000000,-0.844599,-0.000000,1.000000,-0.000000,0.844599,0.000000,0.535400),velocity=Vector3.new(16.891983, 0.013317, -10.707985),slideActive=false,wallhopFlick=false,humanoidState=8},
    {type="keyframe",time=0.387500,cframe=CFrame.new(2509.661621,2503.500000,2485.856445,0.535400,-0.000000,-0.844599,-0.000000,1.000000,-0.000000,0.844599,0.000000,0.535400),velocity=Vector3.new(16.891979, 0.013317, -10.707990),slideActive=false,wallhopFlick=false,humanoidState=8},
    {type="keyframe",time=0.391667,cframe=CFrame.new(2509.731934,2503.500000,2485.811768,0.532333,-0.000000,-0.846535,-0.000000,1.000000,-0.000000,0.846535,0.000000,0.532333),velocity=Vector3.new(16.891977, 0.013317, -10.707992),slideActive=false,wallhopFlick=false,humanoidState=8},
    {type="keyframe",time=0.395833,cframe=CFrame.new(2509.802246,2503.500000,2485.767090,0.532333,-0.000000,-0.846535,-0.000000,1.000000,-0.000000,0.846535,0.000000,0.532333),velocity=Vector3.new(16.891977, 0.013317, -10.707993),slideActive=false,wallhopFlick=false,humanoidState=8},
    {type="keyframe",time=0.400000,cframe=CFrame.new(2509.872803,2503.500000,2485.722656,0.532333,-0.000000,-0.846535,-0.000000,1.000000,-0.000000,0.846535,0.000000,0.532333),velocity=Vector3.new(16.916180, 0.013317, -10.669659),slideActive=false,wallhopFlick=false,humanoidState=8},
    {type="keyframe",time=0.404167,cframe=CFrame.new(2509.943359,2503.500000,2485.678223,0.532333,-0.000000,-0.846535,-0.000000,1.000000,-0.000000,0.846535,0.000000,0.532333),velocity=Vector3.new(16.925257, 0.013317, -10.655284),slideActive=false,wallhopFlick=false,humanoidState=8},
    {type="keyframe",time=0.408333,cframe=CFrame.new(2510.013916,2503.500000,2485.633789,0.532333,-0.000000,-0.846535,-0.000000,1.000000,-0.000000,0.846535,0.000000,0.532333),velocity=Vector3.new(16.928659, 0.013317, -10.649894),slideActive=false,wallhopFlick=false,humanoidState=8},
    {type="keyframe",time=0.412500,cframe=CFrame.new(2510.084473,2503.500000,2485.589355,0.532333,-0.000000,-0.846535,-0.000000,1.000000,-0.000000,0.846535,0.000000,0.532333),velocity=Vector3.new(16.929935, 0.013317, -10.647872),slideActive=false,wallhopFlick=false,humanoidState=8},
    {type="keyframe",time=0.416667,cframe=CFrame.new(2510.155029,2503.500000,2485.544922,0.532333,-0.000000,-0.846535,-0.000000,1.000000,-0.000000,0.846535,0.000000,0.532333),velocity=Vector3.new(16.930414, 0.013317, -10.647114),slideActive=false,wallhopFlick=false,humanoidState=8},
    {type="keyframe",time=0.420833,cframe=CFrame.new(2510.225586,2503.500000,2485.500488,0.532333,-0.000000,-0.846535,-0.000000,1.000000,-0.000000,0.846535,0.000000,0.532333),velocity=Vector3.new(16.930593, 0.013317, -10.646830),slideActive=false,wallhopFlick=false,humanoidState=8},
    {type="keyframe",time=0.425000,cframe=CFrame.new(2510.296143,2503.500000,2485.456055,0.532333,-0.000000,-0.846535,-0.000000,1.000000,-0.000000,0.846535,0.000000,0.532333),velocity=Vector3.new(16.930662, 0.013317, -10.646723),slideActive=false,wallhopFlick=false,humanoidState=8},
    {type="keyframe",time=0.429167,cframe=CFrame.new(2510.366699,2503.500000,2485.411621,0.532333,-0.000000,-0.846535,-0.000000,1.000000,-0.000000,0.846535,0.000000,0.532333),velocity=Vector3.new(16.930687, 0.013317, -10.646683),slideActive=false,wallhopFlick=false,humanoidState=8},
    {type="keyframe",time=0.433333,cframe=CFrame.new(2510.437256,2503.500000,2485.367188,0.532333,-0.000000,-0.846535,-0.000000,1.000000,-0.000000,0.846535,0.000000,0.532333),velocity=Vector3.new(16.930696, 0.013317, -10.646667),slideActive=false,wallhopFlick=false,humanoidState=8},
    {type="keyframe",time=0.437500,cframe=CFrame.new(2510.507812,2503.500000,2485.322754,0.532333,-0.000000,-0.846535,-0.000000,1.000000,-0.000000,0.846535,0.000000,0.532333),velocity=Vector3.new(16.930700, 0.013317, -10.646662),slideActive=false,wallhopFlick=false,humanoidState=8},
    {type="keyframe",time=0.441667,cframe=CFrame.new(2510.578369,2503.500000,2485.278320,0.532333,-0.000000,-0.846535,-0.000000,1.000000,-0.000000,0.846535,0.000000,0.532333),velocity=Vector3.new(16.930702, 0.013317, -10.646660),slideActive=false,wallhopFlick=false,humanoidState=8},
    {type="keyframe",time=0.445833,cframe=CFrame.new(2510.648926,2503.500000,2485.233887,0.532333,-0.000000,-0.846535,-0.000000,1.000000,-0.000000,0.846535,0.000000,0.532333),velocity=Vector3.new(16.930702, 0.013317, -10.646659),slideActive=false,wallhopFlick=false,humanoidState=8},
    {type="keyframe",time=0.450000,cframe=CFrame.new(2510.719482,2503.500000,2485.189453,0.532333,-0.000000,-0.846535,-0.000000,1.000000,-0.000000,0.846535,0.000000,0.532333),velocity=Vector3.new(16.930702, 0.013317, -10.646659),slideActive=false,wallhopFlick=false,humanoidState=8},
    {type="keyframe",time=0.454167,cframe=CFrame.new(2510.790039,2503.500000,2485.145020,0.532333,-0.000000,-0.846535,-0.000000,1.000000,-0.000000,0.846535,0.000000,0.532333),velocity=Vector3.new(16.930702, 0.013317, -10.646659),slideActive=false,wallhopFlick=false,humanoidState=8},
    {type="keyframe",time=0.458333,cframe=CFrame.new(2510.860596,2503.500000,2485.100586,0.532333,-0.000000,-0.846535,-0.000000,1.000000,-0.000000,0.846535,0.000000,0.532333),velocity=Vector3.new(16.930702, 0.013317, -10.646659),slideActive=false,wallhopFlick=false,humanoidState=8},
    {type="keyframe",time=0.462500,cframe=CFrame.new(2510.931152,2503.500000,2485.056152,0.532333,-0.000000,-0.846535,-0.000000,1.000000,-0.000000,0.846535,0.000000,0.532333),velocity=Vector3.new(16.930702, 0.013317, -10.646659),slideActive=false,wallhopFlick=false,humanoidState=8},
    {type="keyframe",time=0.466667,cframe=CFrame.new(2511.001709,2503.500000,2485.011719,0.532333,-0.000000,-0.846535,-0.000000,1.000000,-0.000000,0.846535,0.000000,0.532333),velocity=Vector3.new(16.930702, 0.013317, -10.646659),slideActive=false,wallhopFlick=false,humanoidState=8},
    {type="keyframe",time=0.470833,cframe=CFrame.new(2511.072266,2503.500000,2484.967285,0.532333,-0.000000,-0.846535,-0.000000,1.000000,-0.000000,0.846535,0.000000,0.532333),velocity=Vector3.new(16.930702, 0.013317, -10.646659),slideActive=false,wallhopFlick=false,humanoidState=8},
    {type="keyframe",time=0.475000,cframe=CFrame.new(2511.142822,2503.500000,2484.922852,0.532333,-0.000000,-0.846535,-0.000000,1.000000,-0.000000,0.846535,0.000000,0.532333),velocity=Vector3.new(16.930702, 0.013317, -10.646659),slideActive=false,wallhopFlick=false,humanoidState=8},
    {type="keyframe",time=0.479167,cframe=CFrame.new(2511.213379,2503.500000,2484.878418,0.532333,-0.000000,-0.846535,-0.000000,1.000000,-0.000000,0.846535,0.000000,0.532333),velocity=Vector3.new(16.930702, 0.013317, -10.646659),slideActive=false,wallhopFlick=false,humanoidState=8},
    {type="keyframe",time=0.483333,cframe=CFrame.new(2511.283936,2503.500000,2484.833984,0.532333,-0.000000,-0.846535,-0.000000,1.000000,-0.000000,0.846535,0.000000,0.532333),velocity=Vector3.new(16.930702, 0.013317, -10.646659),slideActive=false,wallhopFlick=false,humanoidState=8},
    {type="keyframe",time=0.487500,cframe=CFrame.new(2511.354492,2503.500000,2484.789551,0.532333,0.000000,-0.846535,0.000000,1.000000,0.000000,0.846535,-0.000000,0.532333),velocity=Vector3.new(16.930702, 0.013317, -10.646659),slideActive=false,wallhopFlick=false,humanoidState=8},
    {type="keyframe",time=0.491667,cframe=CFrame.new(2511.425049,2503.500000,2484.745117,0.532333,0.000000,-0.846535,0.000000,1.000000,0.000000,0.846535,-0.000000,0.532333),velocity=Vector3.new(16.930702, 0.013317, -10.646659),slideActive=false,wallhopFlick=false,humanoidState=8},
    {type="keyframe",time=0.495833,cframe=CFrame.new(2511.495605,2503.500000,2484.700684,0.529258,0.000000,-0.848461,0.000000,1.000000,0.000000,0.848461,-0.000000,0.529258),velocity=Vector3.new(16.930702, 0.013317, -10.646659),slideActive=false,wallhopFlick=false,humanoidState=8},
    {type="keyframe",time=0.500000,cframe=CFrame.new(2511.566162,2503.500000,2484.656250,0.529258,0.000000,-0.848461,0.000000,1.000000,0.000000,0.848461,-0.000000,0.529258),velocity=Vector3.new(16.930702, 0.013317, -10.646659),slideActive=false,wallhopFlick=false,humanoidState=8},
    {type="keyframe",time=0.504167,cframe=CFrame.new(2511.636719,2503.500000,2484.612061,0.529258,0.000000,-0.848461,0.000000,1.000000,0.000000,0.848461,-0.000000,0.529258),velocity=Vector3.new(16.954775, 0.013317, -10.608219),slideActive=false,wallhopFlick=false,humanoidState=8},
    {type="keyframe",time=0.508333,cframe=CFrame.new(2511.707520,2503.500000,2484.567871,0.529258,0.000000,-0.848461,0.000000,1.000000,0.000000,0.848461,-0.000000,0.529258),velocity=Vector3.new(16.963802, 0.013317, -10.593804),slideActive=false,wallhopFlick=false,humanoidState=8},
    {type="keyframe",time=0.512500,cframe=CFrame.new(2511.778320,2503.500000,2484.523682,0.529258,0.000000,-0.848461,0.000000,1.000000,0.000000,0.848461,-0.000000,0.529258),velocity=Vector3.new(16.967186, 0.013317, -10.588399),slideActive=false,wallhopFlick=false,humanoidState=8},
    {type="keyframe",time=0.516667,cframe=CFrame.new(2511.849121,2503.500000,2484.479492,0.529258,0.000000,-0.848461,0.000000,1.000000,0.000000,0.848461,-0.000000,0.529258),velocity=Vector3.new(16.968456, 0.013317, -10.586371),slideActive=false,wallhopFlick=false,humanoidState=8},
    {type="keyframe",time=0.520833,cframe=CFrame.new(2511.919922,2503.500000,2484.435303,0.529258,0.000000,-0.848461,0.000000,1.000000,0.000000,0.848461,-0.000000,0.529258),velocity=Vector3.new(16.968931, 0.013317, -10.585611),slideActive=false,wallhopFlick=false,humanoidState=8},
    {type="keyframe",time=0.525000,cframe=CFrame.new(2511.990723,2503.500000,2484.391113,0.529258,0.000000,-0.848461,0.000000,1.000000,0.000000,0.848461,-0.000000,0.529258),velocity=Vector3.new(16.969110, 0.013317, -10.585326),slideActive=false,wallhopFlick=false,humanoidState=8},
    {type="keyframe",time=0.529167,cframe=CFrame.new(2512.061523,2503.500000,2484.346924,0.529258,0.000000,-0.848461,0.000000,1.000000,0.000000,0.848461,-0.000000,0.529258),velocity=Vector3.new(16.969177, 0.013317, -10.585219),slideActive=false,wallhopFlick=false,humanoidState=8},
    {type="keyframe",time=0.533333,cframe=CFrame.new(2512.132324,2503.500000,2484.302734,0.529258,0.000000,-0.848461,0.000000,1.000000,0.000000,0.848461,-0.000000,0.529258),velocity=Vector3.new(16.969202, 0.013317, -10.585179),slideActive=false,wallhopFlick=false,humanoidState=8},
    {type="keyframe",time=0.537500,cframe=CFrame.new(2512.203125,2503.500000,2484.258545,0.529258,0.000000,-0.848461,0.000000,1.000000,0.000000,0.848461,-0.000000,0.529258),velocity=Vector3.new(16.969212, 0.013317, -10.585164),slideActive=false,wallhopFlick=false,humanoidState=8},
    {type="keyframe",time=0.541667,cframe=CFrame.new(2512.273926,2503.500000,2484.214355,0.529256,0.000000,-0.848462,0.000000,1.000000,0.000000,0.848462,-0.000000,0.529256),velocity=Vector3.new(16.969215, 0.013317, -10.585158),slideActive=false,wallhopFlick=false,humanoidState=8},
    {type="keyframe",time=0.545833,cframe=CFrame.new(2512.344727,2503.500000,2484.170166,0.529256,0.000000,-0.848462,0.000000,1.000000,0.000000,0.848462,-0.000000,0.529256),velocity=Vector3.new(16.969217, 0.013317, -10.585156),slideActive=false,wallhopFlick=false,humanoidState=8},
    {type="keyframe",time=0.550000,cframe=CFrame.new(2512.415527,2503.500000,2484.125977,0.529256,0.000000,-0.848462,0.000000,1.000000,0.000000,0.848462,-0.000000,0.529256),velocity=Vector3.new(16.969231, 0.013317, -10.585139),slideActive=false,wallhopFlick=false,humanoidState=8},
    {type="keyframe",time=0.554167,cframe=CFrame.new(2512.486328,2503.500000,2484.081787,0.529256,0.000000,-0.848462,0.000000,1.000000,0.000000,0.848462,-0.000000,0.529256),velocity=Vector3.new(16.969234, 0.013317, -10.585133),slideActive=false,wallhopFlick=false,humanoidState=8},
    {type="keyframe",time=0.558333,cframe=CFrame.new(2512.557129,2503.500000,2484.037598,0.529256,0.000000,-0.848462,0.000000,1.000000,0.000000,0.848462,-0.000000,0.529256),velocity=Vector3.new(16.969236, 0.013317, -10.585131),slideActive=false,wallhopFlick=false,humanoidState=8},
    {type="keyframe",time=0.562500,cframe=CFrame.new(2512.627930,2503.500000,2483.993408,0.529256,0.000000,-0.848462,0.000000,1.000000,0.000000,0.848462,-0.000000,0.529256),velocity=Vector3.new(16.969238, 0.013317, -10.585130),slideActive=false,wallhopFlick=false,humanoidState=8},
    {type="keyframe",time=0.566667,cframe=CFrame.new(2512.698730,2503.500000,2483.949219,0.529256,0.000000,-0.848462,0.000000,1.000000,0.000000,0.848462,-0.000000,0.529256),velocity=Vector3.new(16.969238, 0.013317, -10.585129),slideActive=false,wallhopFlick=false,humanoidState=8},
    {type="keyframe",time=0.570833,cframe=CFrame.new(2512.769531,2503.500000,2483.905029,0.529256,0.000000,-0.848462,0.000000,1.000000,0.000000,0.848462,-0.000000,0.529256),velocity=Vector3.new(16.969238, 0.013317, -10.585129),slideActive=false,wallhopFlick=false,humanoidState=8},
    {type="keyframe",time=0.575000,cframe=CFrame.new(2512.840332,2503.500000,2483.860840,0.529256,0.000000,-0.848462,0.000000,1.000000,0.000000,0.848462,-0.000000,0.529256),velocity=Vector3.new(16.969238, 0.013317, -10.585129),slideActive=false,wallhopFlick=false,humanoidState=8},
    {type="keyframe",time=0.579167,cframe=CFrame.new(2512.911133,2503.500000,2483.816650,0.529256,0.000000,-0.848462,0.000000,1.000000,0.000000,0.848462,-0.000000,0.529256),velocity=Vector3.new(16.969238, 0.013317, -10.585129),slideActive=false,wallhopFlick=false,humanoidState=8},
    {type="keyframe",time=0.583333,cframe=CFrame.new(2512.981934,2503.500000,2483.772461,0.529245,0.000000,-0.848469,0.000000,1.000000,0.000000,0.848469,-0.000000,0.529245),velocity=Vector3.new(16.969238, 0.013317, -10.585129),slideActive=false,wallhopFlick=false,humanoidState=8},
    {type="keyframe",time=0.587500,cframe=CFrame.new(2513.052734,2503.500000,2483.728271,0.529245,0.000000,-0.848469,0.000000,1.000000,0.000000,0.848469,-0.000000,0.529245),velocity=Vector3.new(16.969238, 0.013317, -10.585129),slideActive=false,wallhopFlick=false,humanoidState=8},
