return {
    {type="keyframe",time=0.004167,cframe=CFrame.new(2507.134033,2503.499268,2501.833984,-0.803189,0.000000,-0.595724,0.000000,1.000000,0.000000,0.595724,0.000000,-0.803189),velocity=Vector3.new(-0.000000, 0.019975, 0.000000),slideActive=false,wallhopFlick=false,humanoidState=8},
    {type="keyframe",time=0.008333,cframe=CFrame.new(2507.134033,2503.499268,2501.833984,-0.803189,0.000000,-0.595724,0.000000,1.000000,0.000000,0.595724,0.000000,-0.803189),velocity=Vector3.new(-0.000000, 0.019975, 0.000000),slideActive=false,wallhopFlick=false,humanoidState=8},
    {type="keyframe",time=0.012500,cframe=CFrame.new(2507.134033,2503.499268,2501.833984,-0.803189,0.000000,-0.595724,0.000000,1.000000,0.000000,0.595724,0.000000,-0.803189),velocity=Vector3.new(-0.000000, 0.019975, 0.000000),slideActive=false,wallhopFlick=false,humanoidState=8},
    {type="keyframe",time=0.016667,cframe=CFrame.new(2507.134033,2503.499268,2501.833984,-0.803189,0.000000,-0.595724,0.000000,1.000000,0.000000,0.595724,0.000000,-0.803189),velocity=Vector3.new(-0.000000, 0.019975, 0.000000),slideActive=false,wallhopFlick=false,humanoidState=8},
    {type="keyframe",time=0.020833,cframe=CFrame.new(2507.134033,2503.499268,2501.833984,-0.803189,0.000000,-0.595724,0.000000,1.000000,0.000000,0.595724,0.000000,-0.803189),velocity=Vector3.new(-0.000000, 0.019975, 0.000000),slideActive=false,wallhopFlick=false,humanoidState=8},
    {type="keyframe",time=0.025000,cframe=CFrame.new(2507.134033,2503.499268,2501.833984,-0.803189,0.000000,-0.595724,0.000000,1.000000,0.000000,0.595724,0.000000,-0.803189),velocity=Vector3.new(-0.000000, 0.019975, 0.000000),slideActive=false,wallhopFlick=false,humanoidState=8},
    {type="keyframe",time=0.029167,cframe=CFrame.new(2507.134033,2503.499268,2501.833984,-0.803189,0.000000,-0.595724,0.000000,1.000000,0.000000,0.595724,0.000000,-0.803189),velocity=Vector3.new(-0.000000, 0.019975, 0.000000),slideActive=false,wallhopFlick=false,humanoidState=8},
    {type="keyframe",time=0.033333,cframe=CFrame.new(2507.134033,2503.499268,2501.833984,-0.803189,0.000000,-0.595724,0.000000,1.000000,0.000000,0.595724,0.000000,-0.803189),velocity=Vector3.new(-0.000000, 0.019975, 0.000000),slideActive=false,wallhopFlick=false,humanoidState=8},
    {type="keyframe",time=0.037500,cframe=CFrame.new(2507.134033,2503.499268,2501.833984,-0.803189,0.000000,-0.595724,0.000000,1.000000,0.000000,0.595724,0.000000,-0.803189),velocity=Vector3.new(-0.000000, 0.019975, 0.000000),slideActive=false,wallhopFlick=false,humanoidState=8},
    {type="keyframe",time=0.041667,cframe=CFrame.new(2507.134033,2503.499268,2501.833984,-0.803189,0.000000,-0.595724,0.000000,1.000000,0.000000,0.595724,0.000000,-0.803189),velocity=Vector3.new(-0.000000, 0.019975, 0.000000),slideActive=false,wallhopFlick=false,humanoidState=8},
    {type="keyframe",time=0.045833,cframe=CFrame.new(2507.134033,2503.499268,2501.833984,-0.803189,0.000000,-0.595724,0.000000,1.000000,0.000000,0.595724,0.000000,-0.803189),velocity=Vector3.new(-0.000000, 0.019975, 0.000000),slideActive=false,wallhopFlick=false,humanoidState=8},
    {type="keyframe",time=0.050000,cframe=CFrame.new(2507.134033,2503.499268,2501.833984,-0.803189,0.000000,-0.595724,0.000000,1.000000,0.000000,0.595724,0.000000,-0.803189),velocity=Vector3.new(-0.000000, 0.019975, 0.000000),slideActive=false,wallhopFlick=false,humanoidState=8},
    {type="keyframe",time=0.054167,cframe=CFrame.new(2507.134033,2503.499268,2501.833984,-0.803189,0.000000,-0.595724,0.000000,1.000000,0.000000,0.595724,0.000000,-0.803189),velocity=Vector3.new(-0.000000, 0.019975, 0.000000),slideActive=false,wallhopFlick=false,humanoidState=8},
    {type="keyframe",time=0.058333,cframe=CFrame.new(2507.134033,2503.499268,2501.833984,-0.803189,0.000000,-0.595724,0.000000,1.000000,0.000000,0.595724,0.000000,-0.803189),velocity=Vector3.new(-0.000000, 0.019975, 0.000000),slideActive=false,wallhopFlick=false,humanoidState=8},
    {type="keyframe",time=0.062500,cframe=CFrame.new(2507.134033,2503.499268,2501.833984,-0.852038,0.000000,-0.523480,0.000000,1.000000,-0.000000,0.523480,0.000000,-0.852038),velocity=Vector3.new(-0.000000, 0.019975, 0.000000),slideActive=false,wallhopFlick=false,humanoidState=8},
    {type="keyframe",time=0.070833,cframe=CFrame.new(2507.139648,2503.499268,2501.843018,-0.852038,0.000000,-0.523480,0.000000,1.000000,0.000000,0.523480,0.000000,-0.852038),velocity=Vector3.new(1.348010, 0.019975, 2.194115),slideActive=false,wallhopFlick=false,humanoidState=8},
    {type="keyframe",time=0.075000,cframe=CFrame.new(2507.167725,2503.499268,2501.888672,-0.852038,0.000000,-0.523480,0.000000,1.000000,0.000000,0.523480,0.000000,-0.852038),velocity=Vector3.new(4.044068, 0.019975, 6.582320),slideActive=false,wallhopFlick=false,humanoidState=8},
    {type="keyframe",time=0.079167,cframe=CFrame.new(2507.190186,2503.499268,2501.925293,-0.852038,0.000000,-0.523480,0.000000,1.000000,0.000000,0.523480,0.000000,-0.852038),velocity=Vector3.new(5.392097, 0.019975, 8.776423),slideActive=false,wallhopFlick=false,humanoidState=8},
    {type="keyframe",time=0.083333,cframe=CFrame.new(2507.218262,2503.499268,2501.970947,-0.852038,0.000000,-0.523480,0.000000,1.000000,0.000000,0.523480,0.000000,-0.852038),velocity=Vector3.new(6.740127, 0.019975, 10.970525),slideActive=false,wallhopFlick=false,humanoidState=8},
    {type="keyframe",time=0.087500,cframe=CFrame.new(2507.251953,2503.499268,2502.025879,-0.852038,0.000000,-0.523480,0.000000,1.000000,0.000000,0.523480,0.000000,-0.852038),velocity=Vector3.new(8.088158, 0.019975, 13.164627),slideActive=false,wallhopFlick=false,humanoidState=8},
    {type="keyframe",time=0.091667,cframe=CFrame.new(2507.291260,2503.499268,2502.089844,-0.852038,0.000000,-0.523480,0.000000,1.000000,0.000000,0.523480,0.000000,-0.852038),velocity=Vector3.new(9.436189, 0.019975, 15.358728),slideActive=false,wallhopFlick=false,humanoidState=8},
    {type="keyframe",time=0.095833,cframe=CFrame.new(2507.333252,2503.499268,2502.158203,-0.852038,0.000000,-0.523480,0.000000,1.000000,0.000000,0.523480,0.000000,-0.852038),velocity=Vector3.new(10.082076, 0.019975, 16.409994),slideActive=false,wallhopFlick=false,humanoidState=8},
    {type="keyframe",time=0.100000,cframe=CFrame.new(2507.376221,2503.499268,2502.228271,-0.852042,0.000000,-0.523474,0.000000,1.000000,0.000000,0.523474,0.000000,-0.852042),velocity=Vector3.new(10.324284, 0.019975, 16.804218),slideActive=false,wallhopFlick=false,humanoidState=8},
    {type="keyframe",time=0.104167,cframe=CFrame.new(2507.419678,2503.499268,2502.298828,-0.852042,0.000000,-0.523474,0.000000,1.000000,0.000000,0.523474,0.000000,-0.852042),velocity=Vector3.new(10.415112, 0.019975, 16.952053),slideActive=false,wallhopFlick=false,humanoidState=8},
    {type="keyframe",time=0.108333,cframe=CFrame.new(2507.463135,2503.499268,2502.369629,-0.852045,0.000000,-0.523468,0.000000,1.000000,0.000000,0.523468,0.000000,-0.852045),velocity=Vector3.new(10.449094, 0.019975, 17.007540),slideActive=false,wallhopFlick=false,humanoidState=8},
    {type="keyframe",time=0.112500,cframe=CFrame.new(2507.506836,2503.499268,2502.440674,-0.852045,0.000000,-0.523468,0.000000,1.000000,0.000000,0.523468,0.000000,-0.852045),velocity=Vector3.new(10.461838, 0.019975, 17.028347),slideActive=false,wallhopFlick=false,humanoidState=8},
    {type="keyframe",time=0.116667,cframe=CFrame.new(2507.550537,2503.499268,2502.511719,-0.852049,0.000000,-0.523462,0.000000,1.000000,0.000000,0.523462,0.000000,-0.852049),velocity=Vector3.new(10.466537, 0.019975, 17.036198),slideActive=false,wallhopFlick=false,humanoidState=8},
    {type="keyframe",time=0.120833,cframe=CFrame.new(2507.594238,2503.499268,2502.582764,-0.852049,0.000000,-0.523462,0.000000,1.000000,0.000000,0.523462,0.000000,-0.852049),velocity=Vector3.new(10.468298, 0.019975, 17.039143),slideActive=false,wallhopFlick=false,humanoidState=8},
    {type="keyframe",time=0.125000,cframe=CFrame.new(2507.637939,2503.499268,2502.653809,-0.852053,0.000000,-0.523455,0.000000,1.000000,0.000000,0.523455,0.000000,-0.852053),velocity=Vector3.new(10.468880, 0.019975, 17.040295),slideActive=false,wallhopFlick=false,humanoidState=8},
    {type="keyframe",time=0.129167,cframe=CFrame.new(2507.681641,2503.499268,2502.724854,-0.852053,0.000000,-0.523455,0.000000,1.000000,0.000000,0.523455,0.000000,-0.852053),velocity=Vector3.new(10.469098, 0.019975, 17.040728),slideActive=false,wallhopFlick=false,humanoidState=8},
    {type="keyframe",time=0.133333,cframe=CFrame.new(2507.725342,2503.499268,2502.795898,-0.852051,0.000000,-0.523459,0.000000,1.000000,0.000000,0.523459,0.000000,-0.852051),velocity=Vector3.new(10.469101, 0.019975, 17.040939),slideActive=false,wallhopFlick=false,humanoidState=8},
    {type="keyframe",time=0.137500,cframe=CFrame.new(2507.769043,2503.499268,2502.866943,-0.852051,0.000000,-0.523459,0.000000,1.000000,0.000000,0.523459,0.000000,-0.852051),velocity=Vector3.new(10.469102, 0.019975, 17.041018),slideActive=false,wallhopFlick=false,humanoidState=8},
    {type="keyframe",time=0.141667,cframe=CFrame.new(2507.812744,2503.499268,2502.937988,-0.850146,0.000000,-0.526546,0.000000,1.000000,0.000000,0.526546,0.000000,-0.850146),velocity=Vector3.new(10.469151, 0.019975, 17.041018),slideActive=false,wallhopFlick=false,humanoidState=8},
    {type="keyframe",time=0.145833,cframe=CFrame.new(2507.856445,2503.499268,2503.009033,-0.850146,0.000000,-0.526546,0.000000,1.000000,0.000000,0.526546,0.000000,-0.850146),velocity=Vector3.new(10.469169, 0.019975, 17.041018),slideActive=false,wallhopFlick=false,humanoidState=8},
    {type="keyframe",time=0.150000,cframe=CFrame.new(2507.900146,2503.499268,2503.079834,-0.850146,0.000000,-0.526546,0.000000,1.000000,0.000000,0.526546,0.000000,-0.850146),velocity=Vector3.new(10.507767, 0.019975, 17.017212),slideActive=false,wallhopFlick=false,humanoidState=8},
    {type="keyframe",time=0.154167,cframe=CFrame.new(2507.944092,2503.499268,2503.150635,-0.850146,0.000000,-0.526546,0.000000,1.000000,0.000000,0.526546,0.000000,-0.850146),velocity=Vector3.new(10.522241, 0.019975, 17.008284),slideActive=false,wallhopFlick=false,humanoidState=8},
    {type="keyframe",time=0.158333,cframe=CFrame.new(2507.988037,2503.499268,2503.221436,-0.850146,0.000000,-0.526546,0.000000,1.000000,0.000000,0.526546,0.000000,-0.850146),velocity=Vector3.new(10.527668, 0.019975, 17.004936),slideActive=false,wallhopFlick=false,humanoidState=8},
    {type="keyframe",time=0.162500,cframe=CFrame.new(2508.031982,2503.499268,2503.292236,-0.850146,0.000000,-0.526546,0.000000,1.000000,0.000000,0.526546,0.000000,-0.850146),velocity=Vector3.new(10.529703, 0.019975, 17.003681),slideActive=false,wallhopFlick=false,humanoidState=8},
    {type="keyframe",time=0.166667,cframe=CFrame.new(2508.075928,2503.499268,2503.363037,-0.850151,0.000000,-0.526540,0.000000,1.000000,0.000000,0.526540,0.000000,-0.850151),velocity=Vector3.new(10.530467, 0.019975, 17.003210),slideActive=false,wallhopFlick=false,humanoidState=8},
    {type="keyframe",time=0.170833,cframe=CFrame.new(2508.119873,2503.499268,2503.433838,-0.850151,0.000000,-0.526540,0.000000,1.000000,0.000000,0.526540,0.000000,-0.850151),velocity=Vector3.new(10.530753, 0.019975, 17.003035),slideActive=false,wallhopFlick=false,humanoidState=8},
    {type="keyframe",time=0.175000,cframe=CFrame.new(2508.163818,2503.499268,2503.504639,-0.850151,0.000000,-0.526540,0.000000,1.000000,0.000000,0.526540,0.000000,-0.850151),velocity=Vector3.new(10.530777, 0.019975, 17.003021),slideActive=false,wallhopFlick=false,humanoidState=8},
    {type="keyframe",time=0.179167,cframe=CFrame.new(2508.207764,2503.499268,2503.575439,-0.850155,0.000000,-0.526533,0.000000,1.000000,0.000000,0.526533,0.000000,-0.850155),velocity=Vector3.new(10.530786, 0.019975, 17.003017),slideActive=false,wallhopFlick=false,humanoidState=8},
    {type="keyframe",time=0.183333,cframe=CFrame.new(2508.251709,2503.499268,2503.646240,-0.850155,0.000000,-0.526533,0.000000,1.000000,0.000000,0.526533,0.000000,-0.850155),velocity=Vector3.new(10.530789, 0.019975, 17.003016),slideActive=false,wallhopFlick=false,humanoidState=8},
    {type="keyframe",time=0.187500,cframe=CFrame.new(2508.295654,2503.499268,2503.717041,-0.850153,0.000000,-0.526536,0.000000,1.000000,0.000000,0.526536,0.000000,-0.850153),velocity=Vector3.new(10.530704, 0.019975, 17.003067),slideActive=false,wallhopFlick=false,humanoidState=8},
    {type="keyframe",time=0.191667,cframe=CFrame.new(2508.339600,2503.499268,2503.787842,-0.850153,0.000000,-0.526536,0.000000,1.000000,0.000000,0.526536,0.000000,-0.850153),velocity=Vector3.new(10.530673, 0.019975, 17.003086),slideActive=false,wallhopFlick=false,humanoidState=8},
    {type="keyframe",time=0.195833,cframe=CFrame.new(2508.383545,2503.499268,2503.858643,-0.848237,0.000000,-0.529617,0.000000,1.000000,0.000000,0.529617,0.000000,-0.848237),velocity=Vector3.new(10.530705, 0.019975, 17.003065),slideActive=false,wallhopFlick=false,humanoidState=8},
    {type="keyframe",time=0.200000,cframe=CFrame.new(2508.427490,2503.499268,2503.929443,-0.848237,0.000000,-0.529617,0.000000,1.000000,0.000000,0.529617,0.000000,-0.848237),velocity=Vector3.new(10.530718, 0.019975, 17.003057),slideActive=false,wallhopFlick=false,humanoidState=8},
    {type="keyframe",time=0.204167,cframe=CFrame.new(2508.471436,2503.499268,2504.000244,-0.848237,0.000000,-0.529617,0.000000,1.000000,0.000000,0.529617,0.000000,-0.848237),velocity=Vector3.new(10.569233, 0.019975, 16.979107),slideActive=false,wallhopFlick=false,humanoidState=8},
    {type="keyframe",time=0.208333,cframe=CFrame.new(2508.515625,2503.499268,2504.071045,-0.848237,0.000000,-0.529617,0.000000,1.000000,0.000000,0.529617,0.000000,-0.848237),velocity=Vector3.new(10.583675, 0.019975, 16.970125),slideActive=false,wallhopFlick=false,humanoidState=8},
    {type="keyframe",time=0.212500,cframe=CFrame.new(2508.559814,2503.499268,2504.141846,-0.848241,0.000000,-0.529610,0.000000,1.000000,0.000000,0.529610,0.000000,-0.848241),velocity=Vector3.new(10.589091, 0.019975, 16.966757),slideActive=false,wallhopFlick=false,humanoidState=8},
    {type="keyframe",time=0.216667,cframe=CFrame.new(2508.604004,2503.499268,2504.212646,-0.848241,0.000000,-0.529610,0.000000,1.000000,0.000000,0.529610,0.000000,-0.848241),velocity=Vector3.new(10.591123, 0.019975, 16.965494),slideActive=false,wallhopFlick=false,humanoidState=8},
    {type="keyframe",time=0.220833,cframe=CFrame.new(2508.648193,2503.499268,2504.283447,-0.848241,0.000000,-0.529610,0.000000,1.000000,0.000000,0.529610,0.000000,-0.848241),velocity=Vector3.new(10.591796, 0.019975, 16.965076),slideActive=false,wallhopFlick=false,humanoidState=8},
    {type="keyframe",time=0.225000,cframe=CFrame.new(2508.692383,2503.499268,2504.354248,-0.848241,0.000000,-0.529610,0.000000,1.000000,0.000000,0.529610,0.000000,-0.848241),velocity=Vector3.new(10.592048, 0.019975, 16.964920),slideActive=false,wallhopFlick=false,humanoidState=8},
    {type="keyframe",time=0.229167,cframe=CFrame.new(2508.736572,2503.499268,2504.425049,-0.848239,0.000000,-0.529613,0.000000,1.000000,0.000000,0.529613,0.000000,-0.848239),velocity=Vector3.new(10.592142, 0.019975, 16.964861),slideActive=false,wallhopFlick=false,humanoidState=8},
    {type="keyframe",time=0.233333,cframe=CFrame.new(2508.780762,2503.499268,2504.495850,-0.848239,0.000000,-0.529613,0.000000,1.000000,0.000000,0.529613,0.000000,-0.848239),velocity=Vector3.new(10.592178, 0.019975, 16.964838),slideActive=false,wallhopFlick=false,humanoidState=8},
    {type="keyframe",time=0.237500,cframe=CFrame.new(2508.824951,2503.499268,2504.566650,-0.846309,0.000000,-0.532692,0.000000,1.000000,0.000000,0.532692,0.000000,-0.846309),velocity=Vector3.new(10.592235, 0.019975, 16.964804),slideActive=false,wallhopFlick=false,humanoidState=8},
    {type="keyframe",time=0.241667,cframe=CFrame.new(2508.869141,2503.499268,2504.637451,-0.846309,0.000000,-0.532692,0.000000,1.000000,0.000000,0.532692,0.000000,-0.846309),velocity=Vector3.new(10.592256, 0.019975, 16.964790),slideActive=false,wallhopFlick=false,humanoidState=8},
    {type="keyframe",time=0.245833,cframe=CFrame.new(2508.913330,2503.499268,2504.708008,-0.846314,0.000000,-0.532685,0.000000,1.000000,0.000000,0.532685,0.000000,-0.846314),velocity=Vector3.new(10.630745, 0.019975, 16.940662),slideActive=false,wallhopFlick=false,humanoidState=8},
    {type="keyframe",time=0.250000,cframe=CFrame.new(2508.957764,2503.499268,2504.778564,-0.846314,0.000000,-0.532685,0.000000,1.000000,0.000000,0.532685,0.000000,-0.846314),velocity=Vector3.new(10.645178, 0.019975, 16.931614),slideActive=false,wallhopFlick=false,humanoidState=8},
    {type="keyframe",time=0.254167,cframe=CFrame.new(2509.002197,2503.499268,2504.849121,-0.846318,0.000000,-0.532678,0.000000,1.000000,0.000000,0.532678,0.000000,-0.846318),velocity=Vector3.new(10.650501, 0.019975, 16.928278),slideActive=false,wallhopFlick=false,humanoidState=8},
    {type="keyframe",time=0.258333,cframe=CFrame.new(2509.046631,2503.499268,2504.919678,-0.846318,0.000000,-0.532678,0.000000,1.000000,0.000000,0.532678,0.000000,-0.846318),velocity=Vector3.new(10.652497, 0.019975, 16.927027),slideActive=false,wallhopFlick=false,humanoidState=8},
    {type="keyframe",time=0.262500,cframe=CFrame.new(2509.091064,2503.499268,2504.990234,-0.844376,0.000000,-0.535751,0.000000,1.000000,0.000000,0.535751,0.000000,-0.844376),velocity=Vector3.new(10.653156, 0.019975, 16.926613),slideActive=false,wallhopFlick=false,humanoidState=8},
    {type="keyframe",time=0.266667,cframe=CFrame.new(2509.135498,2503.499268,2505.060791,-0.844376,0.000000,-0.535751,0.000000,1.000000,0.000000,0.535751,0.000000,-0.844376),velocity=Vector3.new(10.653403, 0.019975, 16.926458),slideActive=false,wallhopFlick=false,humanoidState=8},
    {type="keyframe",time=0.270833,cframe=CFrame.new(2509.179932,2503.499268,2505.131104,-0.844370,0.000000,-0.535761,0.000000,1.000000,0.000000,0.535761,0.000000,-0.844370),velocity=Vector3.new(10.691916, 0.019975, 16.902119),slideActive=false,wallhopFlick=false,humanoidState=8},
    {type="keyframe",time=0.275000,cframe=CFrame.new(2509.224609,2503.499268,2505.201416,-0.844370,0.000000,-0.535761,0.000000,1.000000,0.000000,0.535761,0.000000,-0.844370),velocity=Vector3.new(10.706359, 0.019975, 16.892990),slideActive=false,wallhopFlick=false,humanoidState=8},
    {type="keyframe",time=0.279167,cframe=CFrame.new(2509.269287,2503.499268,2505.271729,-0.842425,0.000000,-0.538813,0.000000,1.000000,0.000000,0.538813,0.000000,-0.842425),velocity=Vector3.new(10.711899, 0.019975, 16.889492),slideActive=false,wallhopFlick=false,humanoidState=8},
    {type="keyframe",time=0.283333,cframe=CFrame.new(2509.313965,2503.499268,2505.342041,-0.842426,0.000000,-0.538813,0.000000,1.000000,0.000000,0.538813,0.000000,-0.842426),velocity=Vector3.new(10.713976, 0.019975, 16.888180),slideActive=false,wallhopFlick=false,humanoidState=8},
    {type="keyframe",time=0.287500,cframe=CFrame.new(2509.358887,2503.499268,2505.412354,-0.842426,0.000000,-0.538813,0.000000,1.000000,0.000000,0.538813,0.000000,-0.842426),velocity=Vector3.new(10.752908, 0.019975, 16.863384),slideActive=false,wallhopFlick=false,humanoidState=8},
    {type="keyframe",time=0.291667,cframe=CFrame.new(2509.403809,2503.499268,2505.482666,-0.842419,0.000000,-0.538823,0.000000,1.000000,0.000000,0.538823,0.000000,-0.842419),velocity=Vector3.new(10.767500, 0.019975, 16.854088),slideActive=false,wallhopFlick=false,humanoidState=8},
    {type="keyframe",time=0.295833,cframe=CFrame.new(2509.448730,2503.499268,2505.552979,-0.842419,0.000000,-0.538823,0.000000,1.000000,0.000000,0.538823,0.000000,-0.842419),velocity=Vector3.new(10.772972, 0.019975, 16.850601),slideActive=false,wallhopFlick=false,humanoidState=8},
    {type="keyframe",time=0.300000,cframe=CFrame.new(2509.493652,2503.499268,2505.623291,-0.840462,0.000000,-0.541871,0.000000,1.000000,0.000000,0.541871,0.000000,-0.840462),velocity=Vector3.new(10.775153, 0.019975, 16.849213),slideActive=false,wallhopFlick=false,humanoidState=8},
    {type="keyframe",time=0.304167,cframe=CFrame.new(2509.538574,2503.509766,2505.693604,-0.840462,0.000000,-0.541871,0.000000,1.000000,0.000000,0.541871,0.000000,-0.840462),velocity=Vector3.new(10.775970, 2.519365, 16.848692),slideActive=false,wallhopFlick=false,humanoidState=8},
    {type="keyframe",time=0.308333,cframe=CFrame.new(2509.583740,2503.525391,2505.763672,-0.840462,0.000000,-0.541871,0.000000,1.000000,0.000000,0.541871,0.000000,-0.840462),velocity=Vector3.new(10.814379, 3.741975, 16.824028),slideActive=false,wallhopFlick=false,humanoidState=8},
    {type="keyframe",time=0.312500,cframe=CFrame.new(2509.628906,2503.542969,2505.833740,-0.840462,0.000000,-0.541871,0.000000,1.000000,0.000000,0.541871,0.000000,-0.840462),velocity=Vector3.new(10.828781, 4.208910, 16.814779),slideActive=false,wallhopFlick=false,humanoidState=8},
    {type="keyframe",time=0.316667,cframe=CFrame.new(2509.674072,2503.560547,2505.903809,-0.840462,0.000000,-0.541871,0.000000,1.000000,0.000000,0.541871,0.000000,-0.840462),velocity=Vector3.new(10.834181, 4.242106, 16.811310),slideActive=false,wallhopFlick=false,humanoidState=8},
    {type="keyframe",time=0.320833,cframe=CFrame.new(2509.719238,2503.577393,2505.973877,-0.840462,0.000000,-0.541871,0.000000,1.000000,0.000000,0.541871,0.000000,-0.840462),velocity=Vector3.new(10.836205, 4.040361, 16.810009),slideActive=false,wallhopFlick=false,humanoidState=8},
    {type="keyframe",time=0.325000,cframe=CFrame.new(2509.764404,2503.603271,2506.043945,-0.838491,0.000000,-0.544915,0.000000,1.000000,0.000000,0.544915,0.000000,-0.838491),velocity=Vector3.new(10.836965, 6.222953, 16.809521),slideActive=false,wallhopFlick=false,humanoidState=8},
    {type="keyframe",time=0.329167,cframe=CFrame.new(2509.809570,2503.632812,2506.114014,-0.838491,0.000000,-0.544915,0.000000,1.000000,0.000000,0.544915,0.000000,-0.838491),velocity=Vector3.new(10.837250, 7.081704, 16.809338),slideActive=false,wallhopFlick=false,humanoidState=8},
    {type="keyframe",time=0.333333,cframe=CFrame.new(2509.854980,2503.662598,2506.183838,-0.838498,0.000000,-0.544905,0.000000,1.000000,0.000000,0.544905,0.000000,-0.838498),velocity=Vector3.new(10.875406, 7.177598, 16.784641),slideActive=false,wallhopFlick=false,humanoidState=8},
    {type="keyframe",time=0.337500,cframe=CFrame.new(2509.900391,2503.691162,2506.253662,-0.838498,0.000000,-0.544905,0.000000,1.000000,0.000000,0.544905,0.000000,-0.838498),velocity=Vector3.new(10.889715, 6.857226, 16.775381),slideActive=false,wallhopFlick=false,humanoidState=8},
    {type="keyframe",time=0.341667,cframe=CFrame.new(2509.945801,2503.728027,2506.323486,-0.836508,0.000000,-0.547955,0.000000,1.000000,0.000000,0.547955,0.000000,-0.836508),velocity=Vector3.new(10.894952, 8.826025, 16.771994),slideActive=false,wallhopFlick=false,humanoidState=8},
    {type="keyframe",time=0.345833,cframe=CFrame.new(2509.991211,2503.767334,2506.393311,-0.836508,0.000000,-0.547955,0.000000,1.000000,0.000000,0.547955,0.000000,-0.836508),velocity=Vector3.new(10.896915, 9.431643, 16.770723),slideActive=false,wallhopFlick=false,humanoidState=8},
    {type="keyframe",time=0.350000,cframe=CFrame.new(2510.036865,2503.805908,2506.463135,-0.836510,0.000000,-0.547952,0.000000,1.000000,0.000000,0.547952,0.000000,-0.836510),velocity=Vector3.new(10.935785, 9.268353, 16.745367),slideActive=false,wallhopFlick=false,humanoidState=8},
    {type="keyframe",time=0.354167,cframe=CFrame.new(2510.082520,2503.842041,2506.532959,-0.836510,0.000000,-0.547952,0.000000,1.000000,0.000000,0.547952,0.000000,-0.836510),velocity=Vector3.new(10.950361, 8.697725, 16.735857),slideActive=false,wallhopFlick=false,humanoidState=8},
    {type="keyframe",time=0.358333,cframe=CFrame.new(2510.128174,2503.875000,2506.602783,-0.836505,0.000000,-0.547959,0.000000,1.000000,0.000000,0.547959,0.000000,-0.836505),velocity=Vector3.new(10.955782, 55.000000, 16.732321),slideActive=false,wallhopFlick=false,humanoidState=3},
    {type="keyframe",time=0.362500,cframe=CFrame.new(2510.173828,2504.100830,2506.672607,-0.834512,0.000000,-0.550990,0.000000,1.000000,0.000000,0.550990,0.000000,-0.834512),velocity=Vector3.new(10.955782, 54.182499, 16.732321),slideActive=false,wallhopFlick=false,humanoidState=5},
    {type="keyframe",time=0.366667,cframe=CFrame.new(2510.219482,2504.323242,2506.742432,-0.834512,0.000000,-0.550990,0.000000,1.000000,0.000000,0.550990,0.000000,-0.834512),velocity=Vector3.new(10.957907, 53.364998, 16.730934),slideActive=false,wallhopFlick=false,humanoidState=5},
    {type="keyframe",time=0.370833,cframe=CFrame.new(2510.265381,2504.542236,2506.812012,-0.834512,0.000000,-0.550990,0.000000,1.000000,0.000000,0.550990,0.000000,-0.834512),velocity=Vector3.new(10.996587, 52.547497, 16.705498),slideActive=false,wallhopFlick=false,humanoidState=5},
    {type="keyframe",time=0.375000,cframe=CFrame.new(2510.311279,2504.757812,2506.881592,-0.834512,0.000000,-0.550990,0.000000,1.000000,0.000000,0.550990,0.000000,-0.834512),velocity=Vector3.new(11.011092, 51.729996, 16.695959),slideActive=false,wallhopFlick=false,humanoidState=5},
    {type="keyframe",time=0.379167,cframe=CFrame.new(2510.357178,2504.969971,2506.951172,-0.832506,0.000000,-0.554016,0.000000,1.000000,0.000000,0.554016,0.000000,-0.832506),velocity=Vector3.new(11.016532, 50.912495, 16.692383),slideActive=false,wallhopFlick=false,humanoidState=5},
    {type="keyframe",time=0.383333,cframe=CFrame.new(2510.403076,2505.178711,2507.020752,-0.832506,0.000000,-0.554016,0.000000,1.000000,0.000000,0.554016,0.000000,-0.832506),velocity=Vector3.new(11.018572, 50.094994, 16.691042),slideActive=false,wallhopFlick=false,humanoidState=5},
    {type="keyframe",time=0.387500,cframe=CFrame.new(2510.449219,2505.384033,2507.090088,-0.832515,0.000000,-0.554003,0.000000,1.000000,0.000000,0.554003,0.000000,-0.832515),velocity=Vector3.new(11.057159, 49.277493, 16.665466),slideActive=false,wallhopFlick=false,humanoidState=5},
    {type="keyframe",time=0.391667,cframe=CFrame.new(2510.495361,2505.585938,2507.159424,-0.832515,0.000000,-0.554003,0.000000,1.000000,0.000000,0.554003,0.000000,-0.832515),velocity=Vector3.new(11.071630, 48.459991, 16.655876),slideActive=false,wallhopFlick=false,humanoidState=5},
    {type="keyframe",time=0.395833,cframe=CFrame.new(2510.541504,2505.784424,2507.228760,-0.832516,0.000000,-0.554001,0.000000,1.000000,0.000000,0.554001,0.000000,-0.832516),velocity=Vector3.new(11.076899, 47.642490, 16.652388),slideActive=false,wallhopFlick=false,humanoidState=5},
    {type="keyframe",time=0.400000,cframe=CFrame.new(2510.587646,2505.979492,2507.298096,-0.832516,0.000000,-0.554001,0.000000,1.000000,0.000000,0.554001,0.000000,-0.832516),velocity=Vector3.new(11.078874, 46.824989, 16.651079),slideActive=false,wallhopFlick=false,humanoidState=5},
    {type="keyframe",time=0.404167,cframe=CFrame.new(2510.633789,2506.171143,2507.367432,-0.830496,0.000000,-0.557025,0.000000,1.000000,0.000000,0.557025,0.000000,-0.830496),velocity=Vector3.new(11.079595, 46.007488, 16.650602),slideActive=false,wallhopFlick=false,humanoidState=5},
    {type="keyframe",time=0.408333,cframe=CFrame.new(2510.679932,2506.359375,2507.436768,-0.830496,0.000000,-0.557025,0.000000,1.000000,0.000000,0.557025,0.000000,-0.830496),velocity=Vector3.new(11.079865, 45.189987, 16.650423),slideActive=false,wallhopFlick=false,humanoidState=5},
    {type="keyframe",time=0.412500,cframe=CFrame.new(2510.726318,2506.544189,2507.506104,-0.830492,0.000000,-0.557030,0.000000,1.000000,0.000000,0.557030,0.000000,-0.830492),velocity=Vector3.new(11.117758, 44.372486, 16.625107),slideActive=false,wallhopFlick=false,humanoidState=5},
    {type="keyframe",time=0.416667,cframe=CFrame.new(2510.772705,2506.725586,2507.575439,-0.830492,0.000000,-0.557030,0.000000,1.000000,0.000000,0.557030,0.000000,-0.830492),velocity=Vector3.new(11.131968, 43.554985, 16.615614),slideActive=false,wallhopFlick=false,humanoidState=5},
    {type="keyframe",time=0.420833,cframe=CFrame.new(2510.819092,2506.903564,2507.644775,-0.828463,0.000000,-0.560044,0.000000,1.000000,0.000000,0.560044,0.000000,-0.828463),velocity=Vector3.new(11.137362, 42.737484, 16.612007),slideActive=false,wallhopFlick=false,humanoidState=5},
    {type="keyframe",time=0.425000,cframe=CFrame.new(2510.865479,2507.078125,2507.713867,-0.828463,0.000000,-0.560045,0.000000,1.000000,0.000000,0.560045,0.000000,-0.828463),velocity=Vector3.new(11.139385, 41.919983, 16.610655),slideActive=false,wallhopFlick=false,humanoidState=5},
    {type="keyframe",time=0.429167,cframe=CFrame.new(2510.912109,2507.249268,2507.782959,-0.826424,0.000000,-0.563049,0.000000,1.000000,0.000000,0.563049,0.000000,-0.826424),velocity=Vector3.new(11.177826, 41.102482, 16.584778),slideActive=false,wallhopFlick=false,humanoidState=5},
    {type="keyframe",time=0.433333,cframe=CFrame.new(2510.958740,2507.417236,2507.852051,-0.826424,0.000000,-0.563049,0.000000,1.000000,0.000000,0.563049,0.000000,-0.826424),velocity=Vector3.new(11.192241, 40.284981, 16.575073),slideActive=false,wallhopFlick=false,humanoidState=5},
    {type="keyframe",time=0.437500,cframe=CFrame.new(2511.005615,2507.581787,2507.920898,-0.826422,0.000000,-0.563051,0.000000,1.000000,0.000000,0.563051,0.000000,-0.826422),velocity=Vector3.new(11.235197, 39.467480, 16.545950),slideActive=false,wallhopFlick=false,humanoidState=5},
    {type="keyframe",time=0.441667,cframe=CFrame.new(2511.052490,2507.742920,2507.989746,-0.826422,0.000000,-0.563051,0.000000,1.000000,0.000000,0.563051,0.000000,-0.826422),velocity=Vector3.new(11.251306, 38.649979, 16.535028),slideActive=false,wallhopFlick=false,humanoidState=5},
    {type="keyframe",time=0.445833,cframe=CFrame.new(2511.099365,2507.900635,2508.058594,-0.824373,0.000000,-0.566047,0.000000,1.000000,0.000000,0.566047,0.000000,-0.824373),velocity=Vector3.new(11.257377, 37.832478, 16.530914),slideActive=false,wallhopFlick=false,humanoidState=5},
    {type="keyframe",time=0.450000,cframe=CFrame.new(2511.146240,2508.054932,2508.127441,-0.824373,0.000000,-0.566046,0.000000,1.000000,0.000000,0.566046,0.000000,-0.824373),velocity=Vector3.new(11.259653, 37.014977, 16.529371),slideActive=false,wallhopFlick=false,humanoidState=5},
    {type="keyframe",time=0.454167,cframe=CFrame.new(2511.193359,2508.205811,2508.196289,-0.824373,0.000000,-0.566047,0.000000,1.000000,0.000000,0.566047,0.000000,-0.824373),velocity=Vector3.new(11.297951, 36.197475, 16.503181),slideActive=false,wallhopFlick=false,humanoidState=5},
    {type="keyframe",time=0.458333,cframe=CFrame.new(2511.240479,2508.353271,2508.264893,-0.824371,0.000000,-0.566051,0.000000,1.000000,0.000000,0.566051,0.000000,-0.824371),velocity=Vector3.new(11.312312, 35.379974, 16.493361),slideActive=false,wallhopFlick=false,humanoidState=5},
    {type="keyframe",time=0.462500,cframe=CFrame.new(2511.287598,2508.497314,2508.333496,-0.824371,0.000000,-0.566051,0.000000,1.000000,0.000000,0.566051,0.000000,-0.824371),velocity=Vector3.new(11.317698, 34.562473, 16.489677),slideActive=false,wallhopFlick=false,humanoidState=5},
    {type="keyframe",time=0.466667,cframe=CFrame.new(2511.334717,2508.637939,2508.402100,-0.824370,0.000000,-0.566051,0.000000,1.000000,0.000000,0.566051,0.000000,-0.824370),velocity=Vector3.new(11.319768, 33.744972, 16.488262),slideActive=false,wallhopFlick=false,humanoidState=5},
    {type="keyframe",time=0.470833,cframe=CFrame.new(2511.381836,2508.775146,2508.470703,-0.824368,0.000000,-0.566055,0.000000,1.000000,0.000000,0.566055,0.000000,-0.824368),velocity=Vector3.new(11.320544, 32.927471, 16.487730),slideActive=false,wallhopFlick=false,humanoidState=5},
    {type="keyframe",time=0.475000,cframe=CFrame.new(2511.428955,2508.908936,2508.539307,-0.822312,0.000000,-0.569037,0.000000,1.000000,0.000000,0.569037,0.000000,-0.822312),velocity=Vector3.new(11.320836, 32.109970, 16.487532),slideActive=false,wallhopFlick=false,humanoidState=5},
    {type="keyframe",time=0.479167,cframe=CFrame.new(2511.476074,2509.039307,2508.607910,-0.822312,0.000000,-0.569038,0.000000,1.000000,0.000000,0.569038,0.000000,-0.822312),velocity=Vector3.new(11.320997, 31.292471, 16.487421),slideActive=false,wallhopFlick=false,humanoidState=5},
    {type="keyframe",time=0.483333,cframe=CFrame.new(2511.523438,2509.166260,2508.676514,-0.822312,0.000000,-0.569037,0.000000,1.000000,0.000000,0.569037,0.000000,-0.822312),velocity=Vector3.new(11.358342, 30.474972, 16.461678),slideActive=false,wallhopFlick=false,humanoidState=5},
    {type="keyframe",time=0.487500,cframe=CFrame.new(2511.570801,2509.289795,2508.745117,-0.822312,0.000000,-0.569037,0.000000,1.000000,0.000000,0.569037,0.000000,-0.822312),velocity=Vector3.new(11.372347, 29.657473, 16.452024),slideActive=false,wallhopFlick=false,humanoidState=5},
    {type="keyframe",time=0.491667,cframe=CFrame.new(2511.618164,2509.409912,2508.813721,-0.822312,0.000000,-0.569037,0.000000,1.000000,0.000000,0.569037,0.000000,-0.822312),velocity=Vector3.new(11.377599, 28.839973, 16.448404),slideActive=false,wallhopFlick=false,humanoidState=5},
    {type="keyframe",time=0.495833,cframe=CFrame.new(2511.665527,2509.526611,2508.882324,-0.822312,0.000000,-0.569037,0.000000,1.000000,0.000000,0.569037,0.000000,-0.822312),velocity=Vector3.new(11.379568, 28.022474, 16.447046),slideActive=false,wallhopFlick=false,humanoidState=5},
    {type="keyframe",time=0.500000,cframe=CFrame.new(2511.712891,2509.639893,2508.950928,-0.822312,0.000000,-0.569037,0.000000,1.000000,0.000000,0.569037,0.000000,-0.822312),velocity=Vector3.new(11.380306, 27.204975, 16.446537),slideActive=false,wallhopFlick=false,humanoidState=5},
    {type="keyframe",time=0.504167,cframe=CFrame.new(2511.760254,2509.749756,2509.019531,-0.822312,0.000000,-0.569038,0.000000,1.000000,0.000000,0.569038,0.000000,-0.822312),velocity=Vector3.new(11.380584, 26.387476, 16.446346),slideActive=false,wallhopFlick=false,humanoidState=5},
    {type="keyframe",time=0.508333,cframe=CFrame.new(2511.807617,2509.856201,2509.088135,-0.822312,0.000000,-0.569038,0.000000,1.000000,0.000000,0.569038,0.000000,-0.822312),velocity=Vector3.new(11.380688, 25.569977, 16.446274),slideActive=false,wallhopFlick=false,humanoidState=5},
    {type="keyframe",time=0.512500,cframe=CFrame.new(2511.854980,2509.959229,2509.156738,-0.822312,0.000000,-0.569038,0.000000,1.000000,0.000000,0.569038,0.000000,-0.822312),velocity=Vector3.new(11.380727, 24.752478, 16.446247),slideActive=false,wallhopFlick=false,humanoidState=5},
    {type="keyframe",time=0.516667,cframe=CFrame.new(2511.902344,2510.058838,2509.225342,-0.822312,0.000000,-0.569037,0.000000,1.000000,0.000000,0.569037,0.000000,-0.822312),velocity=Vector3.new(11.380741, 23.934978, 16.446238),slideActive=false,wallhopFlick=false,humanoidState=5},
    {type="keyframe",time=0.520833,cframe=CFrame.new(2511.949707,2510.155273,2509.293945,-0.822312,0.000000,-0.569037,0.000000,1.000000,0.000000,0.569037,0.000000,-0.822312),velocity=Vector3.new(11.380747, 23.117479, 16.446234),slideActive=false,wallhopFlick=false,humanoidState=5},
    {type="keyframe",time=0.525000,cframe=CFrame.new(2511.997070,2510.248291,2509.362549,-0.822312,0.000000,-0.569037,0.000000,1.000000,0.000000,0.569037,0.000000,-0.822312),velocity=Vector3.new(11.380749, 22.299980, 16.446232),slideActive=false,wallhopFlick=false,humanoidState=5},
    {type="keyframe",time=0.529167,cframe=CFrame.new(2512.044434,2510.337891,2509.431152,-0.822312,0.000000,-0.569037,0.000000,1.000000,0.000000,0.569037,0.000000,-0.822312),velocity=Vector3.new(11.380750, 21.482481, 16.446232),slideActive=false,wallhopFlick=false,humanoidState=5},
    {type="keyframe",time=0.533333,cframe=CFrame.new(2512.091797,2510.424072,2509.499756,-0.822312,0.000000,-0.569038,0.000000,1.000000,0.000000,0.569038,0.000000,-0.822312),velocity=Vector3.new(11.380750, 20.664982, 16.446232),slideActive=false,wallhopFlick=false,humanoidState=5},
    {type="keyframe",time=0.537500,cframe=CFrame.new(2512.139160,2510.506836,2509.568359,-0.822312,0.000000,-0.569038,0.000000,1.000000,0.000000,0.569038,0.000000,-0.822312),velocity=Vector3.new(11.380750, 19.847483, 16.446232),slideActive=false,wallhopFlick=false,humanoidState=5},
    {type="keyframe",time=0.541667,cframe=CFrame.new(2512.186523,2510.586182,2509.636963,-0.822312,0.000000,-0.569038,0.000000,1.000000,0.000000,0.569038,0.000000,-0.822312),velocity=Vector3.new(11.380750, 19.029984, 16.446232),slideActive=false,wallhopFlick=false,humanoidState=5},
    {type="keyframe",time=0.545833,cframe=CFrame.new(2512.233887,2510.662109,2509.705566,-0.822312,0.000000,-0.569038,0.000000,1.000000,0.000000,0.569038,0.000000,-0.822312),velocity=Vector3.new(11.380750, 18.212484, 16.446232),slideActive=false,wallhopFlick=false,humanoidState=5},
    {type="keyframe",time=0.550000,cframe=CFrame.new(2512.281250,2510.734619,2509.774170,-0.822312,0.000000,-0.569038,0.000000,1.000000,0.000000,0.569038,0.000000,-0.822312),velocity=Vector3.new(11.380750, 17.394985, 16.446232),slideActive=false,wallhopFlick=false,humanoidState=5},
    {type="keyframe",time=0.554167,cframe=CFrame.new(2512.328613,2510.803711,2509.842773,-0.822312,0.000000,-0.569038,0.000000,1.000000,0.000000,0.569038,0.000000,-0.822312),velocity=Vector3.new(11.380750, 16.577486, 16.446232),slideActive=false,wallhopFlick=false,humanoidState=5},
    {type="keyframe",time=0.558333,cframe=CFrame.new(2512.375977,2510.869385,2509.911377,-0.822312,0.000000,-0.569038,0.000000,1.000000,0.000000,0.569038,0.000000,-0.822312),velocity=Vector3.new(11.380750, 15.759986, 16.446232),slideActive=false,wallhopFlick=false,humanoidState=5},
    {type="keyframe",time=0.562500,cframe=CFrame.new(2512.423340,2510.931641,2509.979980,-0.822312,0.000000,-0.569038,0.000000,1.000000,0.000000,0.569038,0.000000,-0.822312),velocity=Vector3.new(11.380750, 14.942486, 16.446232),slideActive=false,wallhopFlick=false,humanoidState=5},
    {type="keyframe",time=0.566667,cframe=CFrame.new(2512.470703,2510.990479,2510.048584,-0.822312,0.000000,-0.569038,0.000000,1.000000,0.000000,0.569038,0.000000,-0.822312),velocity=Vector3.new(11.380750, 14.124986, 16.446232),slideActive=false,wallhopFlick=false,humanoidState=5},
    {type="keyframe",time=0.570833,cframe=CFrame.new(2512.518066,2511.045898,2510.117188,-0.822312,0.000000,-0.569038,0.000000,1.000000,0.000000,0.569038,0.000000,-0.822312),velocity=Vector3.new(11.380750, 13.307486, 16.446232),slideActive=false,wallhopFlick=false,humanoidState=5},
    {type="keyframe",time=0.575000,cframe=CFrame.new(2512.565430,2511.097900,2510.185791,-0.822312,0.000000,-0.569038,0.000000,1.000000,0.000000,0.569038,0.000000,-0.822312),velocity=Vector3.new(11.380750, 12.489985, 16.446232),slideActive=false,wallhopFlick=false,humanoidState=5},
    {type="keyframe",time=0.579167,cframe=CFrame.new(2512.612793,2511.146484,2510.254395,-0.822312,0.000000,-0.569038,0.000000,1.000000,0.000000,0.569038,0.000000,-0.822312),velocity=Vector3.new(11.380750, 11.672485, 16.446232),slideActive=false,wallhopFlick=false,humanoidState=5},
    {type="keyframe",time=0.583333,cframe=CFrame.new(2512.660156,2511.191650,2510.322998,-0.822312,0.000000,-0.569038,0.000000,1.000000,0.000000,0.569038,0.000000,-0.822312),velocity=Vector3.new(11.380750, 10.854985, 16.446232),slideActive=false,wallhopFlick=false,humanoidState=5},
    {type="keyframe",time=0.587500,cframe=CFrame.new(2512.707520,2511.233398,2510.391602,-0.822315,0.000000,-0.569032,0.000000,1.000000,0.000000,0.569032,0.000000,-0.822315),velocity=Vector3.new(11.380750, 10.037485, 16.446232),slideActive=false,wallhopFlick=false,humanoidState=5},
    {type="keyframe",time=0.591667,cframe=CFrame.new(2512.754883,2511.271729,2510.460205,-0.822316,0.000000,-0.569032,0.000000,1.000000,0.000000,0.569032,0.000000,-0.822316),velocity=Vector3.new(11.380750, 9.219985, 16.446232),slideActive=false,wallhopFlick=false,humanoidState=5},
