return {
    {type="keyframe",time=0.004167,cframe=CFrame.new(2508.506592,2502.500244,2499.818115,0.018106,-0.000000,-0.999836,-0.000000,1.000000,-0.000000,0.999836,0.000000,0.018106),velocity=Vector3.new(0.000000, 0.006658, 0.000000),slideActive=false,wallhopFlick=false,humanoidState=8},
    {type="keyframe",time=0.008333,cframe=CFrame.new(2508.506592,2502.500244,2499.818115,0.018106,-0.000000,-0.999836,-0.000000,1.000000,-0.000000,0.999836,0.000000,0.018106),velocity=Vector3.new(0.000000, 0.006658, 0.000000),slideActive=false,wallhopFlick=false,humanoidState=8},
    {type="keyframe",time=0.012500,cframe=CFrame.new(2508.506592,2502.500244,2499.818115,0.018106,-0.000000,-0.999836,-0.000000,1.000000,-0.000000,0.999836,0.000000,0.018106),velocity=Vector3.new(0.000000, 0.006658, 0.000000),slideActive=false,wallhopFlick=false,humanoidState=8},
    {type="keyframe",time=0.016667,cframe=CFrame.new(2508.506592,2502.500244,2499.818115,0.018106,-0.000000,-0.999836,-0.000000,1.000000,-0.000000,0.999836,0.000000,0.018106),velocity=Vector3.new(0.000000, 0.006658, 0.000000),slideActive=false,wallhopFlick=false,humanoidState=8},
    {type="keyframe",time=0.025000,cframe=CFrame.new(2508.506592,2502.500244,2499.818115,0.018106,-0.000000,-0.999836,-0.000000,1.000000,-0.000000,0.999836,0.000000,0.018106),velocity=Vector3.new(0.000000, 0.006658, 0.000000),slideActive=false,wallhopFlick=false,humanoidState=8},
    {type="keyframe",time=0.029167,cframe=CFrame.new(2508.506592,2502.500244,2499.818115,-0.140181,0.000000,-0.990126,0.000000,1.000000,-0.000000,0.990126,0.000000,-0.140181),velocity=Vector3.new(0.000000, 0.006658, 0.000000),slideActive=false,wallhopFlick=false,humanoidState=8},
    {type="keyframe",time=0.033333,cframe=CFrame.new(2508.517334,2502.500244,2499.819580,-0.140181,0.000000,-0.990126,0.000000,1.000000,0.000000,0.990126,0.000000,-0.140181),velocity=Vector3.new(2.549698, 0.006658, 0.360985),slideActive=false,wallhopFlick=false,humanoidState=8},
    {type="keyframe",time=0.037500,cframe=CFrame.new(2508.538574,2502.500244,2499.822510,-0.140181,0.000000,-0.990126,0.000000,1.000000,0.000000,0.990126,0.000000,-0.140181),velocity=Vector3.new(5.099397, 0.006658, 0.721969),slideActive=false,wallhopFlick=false,humanoidState=8},
    {type="keyframe",time=0.041667,cframe=CFrame.new(2508.570557,2502.500244,2499.826904,-0.140181,0.000000,-0.990126,0.000000,1.000000,0.000000,0.990126,0.000000,-0.140181),velocity=Vector3.new(7.649095, 0.006658, 1.082954),slideActive=false,wallhopFlick=false,humanoidState=8},
    {type="keyframe",time=0.045833,cframe=CFrame.new(2508.613037,2502.500244,2499.833008,-0.140181,0.000000,-0.990126,0.000000,1.000000,0.000000,0.990126,0.000000,-0.140181),velocity=Vector3.new(10.198792, 0.006658, 1.443939),slideActive=false,wallhopFlick=false,humanoidState=8},
    {type="keyframe",time=0.050000,cframe=CFrame.new(2508.666260,2502.500244,2499.840576,-0.140181,0.000000,-0.990126,0.000000,1.000000,0.000000,0.990126,0.000000,-0.140181),velocity=Vector3.new(12.748490, 0.006658, 1.804923),slideActive=false,wallhopFlick=false,humanoidState=8},
    {type="keyframe",time=0.054167,cframe=CFrame.new(2508.729980,2502.500244,2499.849609,-0.140181,0.000000,-0.990126,0.000000,1.000000,0.000000,0.990126,0.000000,-0.140181),velocity=Vector3.new(15.298188, 0.006658, 2.165908),slideActive=false,wallhopFlick=false,humanoidState=8},
    {type="keyframe",time=0.058333,cframe=CFrame.new(2508.804443,2502.500244,2499.860107,-0.140181,0.000000,-0.990126,0.000000,1.000000,0.000000,0.990126,0.000000,-0.140181),velocity=Vector3.new(17.847887, 0.006658, 2.526893),slideActive=false,wallhopFlick=false,humanoidState=8},
    {type="keyframe",time=0.062500,cframe=CFrame.new(2508.883789,2502.500244,2499.871338,-0.140181,0.000000,-0.990126,0.000000,1.000000,0.000000,0.990126,0.000000,-0.140181),velocity=Vector3.new(19.069530, 0.006658, 2.699852),slideActive=false,wallhopFlick=false,humanoidState=8},
    {type="keyframe",time=0.070833,cframe=CFrame.new(2508.965088,2502.500244,2499.882812,-0.140181,0.000000,-0.990126,0.000000,1.000000,0.000000,0.990126,0.000000,-0.140181),velocity=Vector3.new(19.527647, 0.006658, 2.764712),slideActive=false,wallhopFlick=false,humanoidState=8},
    {type="keyframe",time=0.075000,cframe=CFrame.new(2509.129395,2502.500244,2499.906250,-0.140181,0.000000,-0.990126,0.000000,1.000000,0.000000,0.990126,0.000000,-0.140181),velocity=Vector3.new(19.763863, 0.006658, 2.798156),slideActive=false,wallhopFlick=false,humanoidState=8},
    {type="keyframe",time=0.083333,cframe=CFrame.new(2509.211914,2502.500244,2499.917969,-0.140181,0.000000,-0.990126,0.000000,1.000000,0.000000,0.990126,0.000000,-0.140181),velocity=Vector3.new(19.788021, 0.006658, 2.801576),slideActive=false,wallhopFlick=false,humanoidState=8},
    {type="keyframe",time=0.087500,cframe=CFrame.new(2509.376953,2502.500244,2499.941406,-0.140181,0.000000,-0.990126,0.000000,1.000000,0.000000,0.990126,0.000000,-0.140181),velocity=Vector3.new(19.800478, 0.006658, 2.803339),slideActive=false,wallhopFlick=false,humanoidState=8},
    {type="keyframe",time=0.095833,cframe=CFrame.new(2509.459473,2502.500244,2499.953125,-0.140181,0.000000,-0.990126,0.000000,1.000000,0.000000,0.990126,0.000000,-0.140181),velocity=Vector3.new(19.801752, 0.006658, 2.803520),slideActive=false,wallhopFlick=false,humanoidState=8},
    {type="keyframe",time=0.104167,cframe=CFrame.new(2509.624512,2502.500244,2499.976562,-0.140181,0.000000,-0.990126,0.000000,1.000000,0.000000,0.990126,0.000000,-0.140181),velocity=Vector3.new(19.802410, 0.006658, 2.803613),slideActive=false,wallhopFlick=false,humanoidState=8},
    {type="keyframe",time=0.108333,cframe=CFrame.new(2509.789551,2502.500244,2500.000000,-0.140181,0.000000,-0.990126,0.000000,1.000000,0.000000,0.990126,0.000000,-0.140181),velocity=Vector3.new(19.802502, 0.006658, 2.803626),slideActive=false,wallhopFlick=false,humanoidState=8},
    {type="keyframe",time=0.112500,cframe=CFrame.new(2509.872070,2502.500244,2500.011719,-0.140181,0.000000,-0.990126,0.000000,1.000000,0.000000,0.990126,0.000000,-0.140181),velocity=Vector3.new(19.802511, 0.006658, 2.803627),slideActive=false,wallhopFlick=false,humanoidState=8},
    {type="keyframe",time=0.116667,cframe=CFrame.new(2509.954590,2502.500244,2500.023438,-0.140181,0.000000,-0.990126,0.000000,1.000000,0.000000,0.990126,0.000000,-0.140181),velocity=Vector3.new(19.802515, 0.006658, 2.803628),slideActive=false,wallhopFlick=false,humanoidState=8},
    {type="keyframe",time=0.125000,cframe=CFrame.new(2510.037109,2502.500244,2500.035156,-0.140181,0.000000,-0.990126,0.000000,1.000000,0.000000,0.990126,0.000000,-0.140181),velocity=Vector3.new(19.802517, 0.006658, 2.803628),slideActive=false,wallhopFlick=false,humanoidState=8},
    {type="keyframe",time=0.129167,cframe=CFrame.new(2510.202148,2502.500244,2500.058594,-0.140181,0.000000,-0.990126,0.000000,1.000000,0.000000,0.990126,0.000000,-0.140181),velocity=Vector3.new(19.802517, 0.006658, 2.803628),slideActive=false,wallhopFlick=false,humanoidState=8},
    {type="keyframe",time=0.133333,cframe=CFrame.new(2510.284668,2502.500244,2500.070312,-0.140181,0.000000,-0.990126,0.000000,1.000000,0.000000,0.990126,0.000000,-0.140181),velocity=Vector3.new(19.802517, 0.006658, 2.803628),slideActive=false,wallhopFlick=false,humanoidState=8},
    {type="keyframe",time=0.137500,cframe=CFrame.new(2510.367188,2502.500244,2500.082031,-0.140181,0.000000,-0.990126,0.000000,1.000000,0.000000,0.990126,0.000000,-0.140181),velocity=Vector3.new(19.802517, 0.006658, 2.803628),slideActive=false,wallhopFlick=false,humanoidState=8},
    {type="keyframe",time=0.141667,cframe=CFrame.new(2510.449707,2502.500244,2500.093750,-0.140181,0.000000,-0.990126,0.000000,1.000000,0.000000,0.990126,0.000000,-0.140181),velocity=Vector3.new(19.802517, 0.006658, 2.803628),slideActive=false,wallhopFlick=false,humanoidState=8},
    {type="keyframe",time=0.150000,cframe=CFrame.new(2510.532227,2502.500244,2500.105469,-0.140181,0.000000,-0.990126,0.000000,1.000000,0.000000,0.990126,0.000000,-0.140181),velocity=Vector3.new(19.802517, 0.006658, 2.803628),slideActive=false,wallhopFlick=false,humanoidState=8},
    {type="keyframe",time=0.154167,cframe=CFrame.new(2510.697266,2502.500244,2500.128906,-0.140181,0.000000,-0.990126,0.000000,1.000000,0.000000,0.990126,0.000000,-0.140181),velocity=Vector3.new(19.802517, 0.006658, 2.803628),slideActive=false,wallhopFlick=false,humanoidState=8},
    {type="keyframe",time=0.162500,cframe=CFrame.new(2510.779785,2502.500244,2500.140625,-0.140181,0.000000,-0.990126,0.000000,1.000000,0.000000,0.990126,0.000000,-0.140181),velocity=Vector3.new(19.802517, 0.006658, 2.803628),slideActive=false,wallhopFlick=false,humanoidState=8},
    {type="keyframe",time=0.166667,cframe=CFrame.new(2510.944824,2502.500244,2500.164062,-0.140181,0.000000,-0.990126,0.000000,1.000000,0.000000,0.990126,0.000000,-0.140181),velocity=Vector3.new(19.802517, 0.006658, 2.803628),slideActive=false,wallhopFlick=false,humanoidState=8},
    {type="keyframe",time=0.175000,cframe=CFrame.new(2511.027344,2502.500244,2500.175781,-0.140181,0.000000,-0.990126,0.000000,1.000000,0.000000,0.990126,0.000000,-0.140181),velocity=Vector3.new(19.802517, 0.006658, 2.803628),slideActive=false,wallhopFlick=false,humanoidState=8},
    {type="keyframe",time=0.179167,cframe=CFrame.new(2511.192383,2502.500244,2500.199219,-0.140181,0.000000,-0.990126,0.000000,1.000000,0.000000,0.990126,0.000000,-0.140181),velocity=Vector3.new(19.802517, 0.006658, 2.803628),slideActive=false,wallhopFlick=false,humanoidState=8},
    {type="keyframe",time=0.183333,cframe=CFrame.new(2511.274902,2502.500244,2500.210938,-0.140181,0.000000,-0.990126,0.000000,1.000000,0.000000,0.990126,0.000000,-0.140181),velocity=Vector3.new(19.802517, 0.006658, 2.803628),slideActive=false,wallhopFlick=false,humanoidState=8},
    {type="keyframe",time=0.187500,cframe=CFrame.new(2511.357422,2502.500244,2500.222656,-0.140181,0.000000,-0.990126,0.000000,1.000000,0.000000,0.990126,0.000000,-0.140181),velocity=Vector3.new(19.802517, 0.006658, 2.803628),slideActive=false,wallhopFlick=false,humanoidState=8},
    {type="keyframe",time=0.191667,cframe=CFrame.new(2511.439941,2502.500244,2500.234375,-0.140181,0.000000,-0.990126,0.000000,1.000000,0.000000,0.990126,0.000000,-0.140181),velocity=Vector3.new(19.802517, 0.006658, 2.803628),slideActive=false,wallhopFlick=false,humanoidState=8},
    {type="keyframe",time=0.195833,cframe=CFrame.new(2511.522461,2502.500244,2500.246094,-0.140181,0.000000,-0.990126,0.000000,1.000000,0.000000,0.990126,0.000000,-0.140181),velocity=Vector3.new(19.802517, 0.006658, 2.803628),slideActive=false,wallhopFlick=false,humanoidState=8},
    {type="keyframe",time=0.200000,cframe=CFrame.new(2511.604980,2502.500244,2500.257812,-0.140181,0.000000,-0.990126,0.000000,1.000000,0.000000,0.990126,0.000000,-0.140181),velocity=Vector3.new(19.802517, 0.006658, 2.803628),slideActive=false,wallhopFlick=false,humanoidState=8},
    {type="keyframe",time=0.208333,cframe=CFrame.new(2511.687500,2502.500244,2500.269531,-0.140181,0.000000,-0.990126,0.000000,1.000000,0.000000,0.990126,0.000000,-0.140181),velocity=Vector3.new(19.802517, 0.006658, 2.803628),slideActive=false,wallhopFlick=false,humanoidState=8},
    {type="keyframe",time=0.216667,cframe=CFrame.new(2511.852539,2502.500244,2500.292969,-0.140181,0.000000,-0.990126,0.000000,1.000000,0.000000,0.990126,0.000000,-0.140181),velocity=Vector3.new(19.802517, 0.006658, 2.803628),slideActive=false,wallhopFlick=false,humanoidState=8},
    {type="keyframe",time=0.220833,cframe=CFrame.new(2512.017578,2502.500244,2500.316406,-0.140181,0.000000,-0.990126,0.000000,1.000000,0.000000,0.990126,0.000000,-0.140181),velocity=Vector3.new(19.802517, 0.006658, 2.803628),slideActive=false,wallhopFlick=false,humanoidState=8},
    {type="keyframe",time=0.225000,cframe=CFrame.new(2512.100098,2502.500244,2500.328125,-0.140181,0.000000,-0.990126,0.000000,1.000000,0.000000,0.990126,0.000000,-0.140181),velocity=Vector3.new(19.802517, 0.006658, 2.803628),slideActive=false,wallhopFlick=false,humanoidState=8},
    {type="keyframe",time=0.229167,cframe=CFrame.new(2512.182617,2502.500244,2500.339844,-0.140181,0.000000,-0.990126,0.000000,1.000000,0.000000,0.990126,0.000000,-0.140181),velocity=Vector3.new(19.802517, 0.006658, 2.803628),slideActive=false,wallhopFlick=false,humanoidState=8},
    {type="keyframe",time=0.233333,cframe=CFrame.new(2512.265137,2502.500244,2500.351562,-0.140181,0.000000,-0.990126,0.000000,1.000000,0.000000,0.990126,0.000000,-0.140181),velocity=Vector3.new(19.802517, 0.006658, 2.803628),slideActive=false,wallhopFlick=false,humanoidState=8},
    {type="keyframe",time=0.237500,cframe=CFrame.new(2512.347656,2502.500244,2500.363281,-0.140181,0.000000,-0.990126,0.000000,1.000000,0.000000,0.990126,0.000000,-0.140181),velocity=Vector3.new(19.802517, 0.006658, 2.803628),slideActive=false,wallhopFlick=false,humanoidState=8},
    {type="keyframe",time=0.241667,cframe=CFrame.new(2512.430176,2502.500244,2500.375000,-0.140181,0.000000,-0.990126,0.000000,1.000000,0.000000,0.990126,0.000000,-0.140181),velocity=Vector3.new(19.802517, 0.006658, 2.803628),slideActive=false,wallhopFlick=false,humanoidState=8},
    {type="keyframe",time=0.245833,cframe=CFrame.new(2512.512695,2502.500244,2500.386719,-0.140181,0.000000,-0.990126,0.000000,1.000000,0.000000,0.990126,0.000000,-0.140181),velocity=Vector3.new(19.802517, 0.006658, 2.803628),slideActive=false,wallhopFlick=false,humanoidState=8},
    {type="keyframe",time=0.250000,cframe=CFrame.new(2512.595215,2502.500244,2500.398438,-0.140181,0.000000,-0.990126,0.000000,1.000000,0.000000,0.990126,0.000000,-0.140181),velocity=Vector3.new(19.802517, 0.006658, 2.803628),slideActive=false,wallhopFlick=false,humanoidState=8},
    {type="keyframe",time=0.254167,cframe=CFrame.new(2512.677734,2502.500244,2500.410156,-0.140181,0.000000,-0.990126,0.000000,1.000000,0.000000,0.990126,0.000000,-0.140181),velocity=Vector3.new(19.802517, 0.006658, 2.803628),slideActive=false,wallhopFlick=false,humanoidState=8},
    {type="keyframe",time=0.258333,cframe=CFrame.new(2512.760254,2502.500244,2500.421875,-0.140181,0.000000,-0.990126,0.000000,1.000000,0.000000,0.990126,0.000000,-0.140181),velocity=Vector3.new(19.802517, 0.006658, 2.803628),slideActive=false,wallhopFlick=false,humanoidState=8},
    {type="keyframe",time=0.262500,cframe=CFrame.new(2512.842773,2502.500244,2500.433594,-0.140181,0.000000,-0.990126,0.000000,1.000000,0.000000,0.990126,0.000000,-0.140181),velocity=Vector3.new(19.802517, 0.006658, 2.803628),slideActive=false,wallhopFlick=false,humanoidState=8},
    {type="keyframe",time=0.266667,cframe=CFrame.new(2512.925293,2502.500244,2500.445312,-0.140181,0.000000,-0.990126,0.000000,1.000000,0.000000,0.990126,0.000000,-0.140181),velocity=Vector3.new(19.802517, 0.006658, 2.803628),slideActive=false,wallhopFlick=false,humanoidState=8},
    {type="keyframe",time=0.270833,cframe=CFrame.new(2513.007812,2502.500244,2500.457031,-0.140181,0.000000,-0.990126,0.000000,1.000000,0.000000,0.990126,0.000000,-0.140181),velocity=Vector3.new(19.802517, 0.006658, 2.803628),slideActive=false,wallhopFlick=false,humanoidState=8},
    {type="keyframe",time=0.275000,cframe=CFrame.new(2513.090332,2502.500244,2500.468750,-0.140181,0.000000,-0.990126,0.000000,1.000000,0.000000,0.990126,0.000000,-0.140181),velocity=Vector3.new(19.802517, 0.006658, 2.803628),slideActive=false,wallhopFlick=false,humanoidState=8},
    {type="keyframe",time=0.279167,cframe=CFrame.new(2513.172852,2502.500244,2500.480469,-0.140181,0.000000,-0.990126,0.000000,1.000000,0.000000,0.990126,0.000000,-0.140181),velocity=Vector3.new(19.802517, 0.006658, 2.803628),slideActive=false,wallhopFlick=false,humanoidState=8},
    {type="keyframe",time=0.283333,cframe=CFrame.new(2513.255371,2502.500244,2500.492188,-0.140181,0.000000,-0.990126,0.000000,1.000000,0.000000,0.990126,0.000000,-0.140181),velocity=Vector3.new(19.802517, 0.006658, 2.803628),slideActive=false,wallhopFlick=false,humanoidState=8},
    {type="keyframe",time=0.287500,cframe=CFrame.new(2513.337891,2502.500244,2500.503906,-0.140181,0.000000,-0.990126,0.000000,1.000000,0.000000,0.990126,0.000000,-0.140181),velocity=Vector3.new(19.802517, 0.006658, 2.803628),slideActive=false,wallhopFlick=false,humanoidState=8},
    {type="keyframe",time=0.291667,cframe=CFrame.new(2513.420410,2502.500244,2500.515625,-0.140181,0.000000,-0.990126,0.000000,1.000000,0.000000,0.990126,0.000000,-0.140181),velocity=Vector3.new(19.802517, 0.006658, 2.803628),slideActive=false,wallhopFlick=false,humanoidState=8},
    {type="keyframe",time=0.295833,cframe=CFrame.new(2513.502930,2502.500244,2500.527344,-0.140181,0.000000,-0.990126,0.000000,1.000000,0.000000,0.990126,0.000000,-0.140181),velocity=Vector3.new(19.802517, 0.006658, 2.803628),slideActive=false,wallhopFlick=false,humanoidState=8},
    {type="keyframe",time=0.300000,cframe=CFrame.new(2513.585449,2502.500244,2500.539062,-0.140181,0.000000,-0.990126,0.000000,1.000000,0.000000,0.990126,0.000000,-0.140181),velocity=Vector3.new(19.802517, 0.006658, 2.803628),slideActive=false,wallhopFlick=false,humanoidState=8},
    {type="keyframe",time=0.304167,cframe=CFrame.new(2513.667969,2502.500244,2500.550781,-0.140181,0.000000,-0.990126,0.000000,1.000000,0.000000,0.990126,0.000000,-0.140181),velocity=Vector3.new(19.802517, 0.006658, 2.803628),slideActive=false,wallhopFlick=false,humanoidState=8},
    {type="keyframe",time=0.308333,cframe=CFrame.new(2513.750488,2502.500244,2500.562500,-0.140181,0.000000,-0.990126,0.000000,1.000000,0.000000,0.990126,0.000000,-0.140181),velocity=Vector3.new(19.802517, 0.006658, 2.803628),slideActive=false,wallhopFlick=false,humanoidState=8},
    {type="keyframe",time=0.312500,cframe=CFrame.new(2513.833008,2502.500244,2500.574219,-0.140181,0.000000,-0.990126,0.000000,1.000000,0.000000,0.990126,0.000000,-0.140181),velocity=Vector3.new(19.802517, 0.006658, 2.803628),slideActive=false,wallhopFlick=false,humanoidState=8},
    {type="keyframe",time=0.316667,cframe=CFrame.new(2513.915527,2502.500244,2500.585938,-0.140181,0.000000,-0.990126,0.000000,1.000000,0.000000,0.990126,0.000000,-0.140181),velocity=Vector3.new(19.802517, 0.006658, 2.803628),slideActive=false,wallhopFlick=false,humanoidState=8},
    {type="keyframe",time=0.320833,cframe=CFrame.new(2513.998047,2502.500244,2500.597656,-0.140181,0.000000,-0.990126,0.000000,1.000000,0.000000,0.990126,0.000000,-0.140181),velocity=Vector3.new(19.802517, 0.006658, 2.803628),slideActive=false,wallhopFlick=false,humanoidState=8},
    {type="keyframe",time=0.325000,cframe=CFrame.new(2514.080566,2502.500244,2500.609375,-0.140181,0.000000,-0.990126,0.000000,1.000000,0.000000,0.990126,0.000000,-0.140181),velocity=Vector3.new(19.802517, 0.006658, 2.803628),slideActive=false,wallhopFlick=false,humanoidState=8},
    {type="keyframe",time=0.329167,cframe=CFrame.new(2514.163086,2502.500244,2500.621094,-0.140181,0.000000,-0.990126,0.000000,1.000000,0.000000,0.990126,0.000000,-0.140181),velocity=Vector3.new(19.802517, 0.006658, 2.803628),slideActive=false,wallhopFlick=false,humanoidState=8},
    {type="keyframe",time=0.333333,cframe=CFrame.new(2514.245605,2502.500244,2500.632812,-0.140181,0.000000,-0.990126,0.000000,1.000000,0.000000,0.990126,0.000000,-0.140181),velocity=Vector3.new(19.802517, 0.006658, 2.803628),slideActive=false,wallhopFlick=false,humanoidState=8},
    {type="keyframe",time=0.337500,cframe=CFrame.new(2514.328125,2502.500244,2500.644531,-0.140181,0.000000,-0.990126,0.000000,1.000000,0.000000,0.990126,0.000000,-0.140181),velocity=Vector3.new(19.802517, 0.006658, 2.803628),slideActive=false,wallhopFlick=false,humanoidState=8},
    {type="keyframe",time=0.341667,cframe=CFrame.new(2514.410645,2502.500244,2500.656250,-0.140181,0.000000,-0.990126,0.000000,1.000000,0.000000,0.990126,0.000000,-0.140181),velocity=Vector3.new(19.802517, 0.006658, 2.803628),slideActive=false,wallhopFlick=false,humanoidState=8},
    {type="keyframe",time=0.345833,cframe=CFrame.new(2514.493164,2502.500244,2500.667969,-0.140181,0.000000,-0.990126,0.000000,1.000000,0.000000,0.990126,0.000000,-0.140181),velocity=Vector3.new(19.802517, 0.006658, 2.803628),slideActive=false,wallhopFlick=false,humanoidState=8},
    {type="keyframe",time=0.350000,cframe=CFrame.new(2514.575684,2502.500244,2500.679688,-0.140181,0.000000,-0.990126,0.000000,1.000000,0.000000,0.990126,0.000000,-0.140181),velocity=Vector3.new(19.802517, 0.006658, 2.803628),slideActive=false,wallhopFlick=false,humanoidState=8},
    {type="keyframe",time=0.354167,cframe=CFrame.new(2514.658203,2502.500244,2500.691406,-0.140181,0.000000,-0.990126,0.000000,1.000000,0.000000,0.990126,0.000000,-0.140181),velocity=Vector3.new(19.802517, 0.006658, 2.803628),slideActive=false,wallhopFlick=false,humanoidState=8},
    {type="keyframe",time=0.362500,cframe=CFrame.new(2514.740723,2502.500244,2500.703125,-0.140181,0.000000,-0.990126,0.000000,1.000000,0.000000,0.990126,0.000000,-0.140181),velocity=Vector3.new(19.802517, 0.006658, 2.803628),slideActive=false,wallhopFlick=false,humanoidState=8},
    {type="keyframe",time=0.366667,cframe=CFrame.new(2514.905762,2502.500244,2500.726562,-0.140181,0.000000,-0.990126,0.000000,1.000000,0.000000,0.990126,0.000000,-0.140181),velocity=Vector3.new(19.802517, 0.006658, 2.803628),slideActive=false,wallhopFlick=false,humanoidState=8},
    {type="keyframe",time=0.375000,cframe=CFrame.new(2514.988281,2502.500244,2500.738281,-0.140181,0.000000,-0.990126,0.000000,1.000000,0.000000,0.990126,0.000000,-0.140181),velocity=Vector3.new(19.802517, 0.006658, 2.803628),slideActive=false,wallhopFlick=false,humanoidState=8},
    {type="keyframe",time=0.379167,cframe=CFrame.new(2515.153320,2502.500244,2500.761719,-0.140181,0.000000,-0.990126,0.000000,1.000000,0.000000,0.990126,0.000000,-0.140181),velocity=Vector3.new(19.802517, 0.006658, 2.803628),slideActive=false,wallhopFlick=false,humanoidState=8},
    {type="keyframe",time=0.383333,cframe=CFrame.new(2515.235840,2502.500244,2500.773438,-0.140181,0.000000,-0.990126,0.000000,1.000000,0.000000,0.990126,0.000000,-0.140181),velocity=Vector3.new(19.802517, 0.006658, 2.803628),slideActive=false,wallhopFlick=false,humanoidState=8},
    {type="keyframe",time=0.391667,cframe=CFrame.new(2515.318359,2502.500244,2500.785156,-0.140181,0.000000,-0.990126,0.000000,1.000000,0.000000,0.990126,0.000000,-0.140181),velocity=Vector3.new(19.802517, 0.006658, 2.803628),slideActive=false,wallhopFlick=false,humanoidState=8},
    {type="keyframe",time=0.400000,cframe=CFrame.new(2515.483398,2502.500244,2500.808594,-0.140181,0.000000,-0.990126,0.000000,1.000000,0.000000,0.990126,0.000000,-0.140181),velocity=Vector3.new(19.802517, 0.006658, 2.803628),slideActive=false,wallhopFlick=false,humanoidState=8},
    {type="keyframe",time=0.404167,cframe=CFrame.new(2515.648438,2502.500244,2500.832031,-0.140181,0.000000,-0.990126,0.000000,1.000000,0.000000,0.990126,0.000000,-0.140181),velocity=Vector3.new(19.802517, 0.006658, 2.803628),slideActive=false,wallhopFlick=false,humanoidState=8},
    {type="keyframe",time=0.412500,cframe=CFrame.new(2515.730957,2502.500244,2500.843750,-0.140181,0.000000,-0.990126,0.000000,1.000000,0.000000,0.990126,0.000000,-0.140181),velocity=Vector3.new(19.802517, 0.006658, 2.803628),slideActive=false,wallhopFlick=false,humanoidState=8},
    {type="keyframe",time=0.416667,cframe=CFrame.new(2515.895996,2502.500244,2500.867188,-0.140181,0.000000,-0.990126,0.000000,1.000000,0.000000,0.990126,0.000000,-0.140181),velocity=Vector3.new(19.802517, 0.006658, 2.803628),slideActive=false,wallhopFlick=false,humanoidState=8},
    {type="keyframe",time=0.420833,cframe=CFrame.new(2515.978516,2502.500244,2500.878906,-0.140181,0.000000,-0.990126,0.000000,1.000000,0.000000,0.990126,0.000000,-0.140181),velocity=Vector3.new(19.802517, 0.006658, 2.803628),slideActive=false,wallhopFlick=false,humanoidState=8},
    {type="keyframe",time=0.425000,cframe=CFrame.new(2516.061035,2502.500244,2500.890625,-0.140181,0.000000,-0.990126,0.000000,1.000000,0.000000,0.990126,0.000000,-0.140181),velocity=Vector3.new(19.802517, 0.006658, 2.803628),slideActive=false,wallhopFlick=false,humanoidState=8},
    {type="keyframe",time=0.429167,cframe=CFrame.new(2516.143555,2502.500244,2500.902344,-0.140181,0.000000,-0.990126,0.000000,1.000000,0.000000,0.990126,0.000000,-0.140181),velocity=Vector3.new(19.802517, 0.006658, 2.803628),slideActive=false,wallhopFlick=false,humanoidState=8},
    {type="keyframe",time=0.433333,cframe=CFrame.new(2516.226074,2502.500244,2500.914062,-0.140181,0.000000,-0.990126,0.000000,1.000000,0.000000,0.990126,0.000000,-0.140181),velocity=Vector3.new(19.802517, 0.006658, 2.803628),slideActive=false,wallhopFlick=false,humanoidState=8},
    {type="keyframe",time=0.437500,cframe=CFrame.new(2516.308594,2502.500244,2500.925781,-0.140181,0.000000,-0.990126,0.000000,1.000000,0.000000,0.990126,0.000000,-0.140181),velocity=Vector3.new(19.802517, 0.006658, 2.803628),slideActive=false,wallhopFlick=false,humanoidState=8},
    {type="keyframe",time=0.441667,cframe=CFrame.new(2516.391113,2502.500244,2500.937500,-0.140181,0.000000,-0.990126,0.000000,1.000000,0.000000,0.990126,0.000000,-0.140181),velocity=Vector3.new(19.802517, 0.006658, 2.803628),slideActive=false,wallhopFlick=false,humanoidState=8},
    {type="keyframe",time=0.450000,cframe=CFrame.new(2516.473633,2502.500244,2500.949219,-0.140181,0.000000,-0.990126,0.000000,1.000000,0.000000,0.990126,0.000000,-0.140181),velocity=Vector3.new(19.802517, 0.006658, 2.803628),slideActive=false,wallhopFlick=false,humanoidState=8},
    {type="keyframe",time=0.454167,cframe=CFrame.new(2516.638672,2502.500244,2500.972656,-0.140181,0.000000,-0.990126,0.000000,1.000000,0.000000,0.990126,0.000000,-0.140181),velocity=Vector3.new(19.802517, 0.006658, 2.803628),slideActive=false,wallhopFlick=false,humanoidState=8},
    {type="keyframe",time=0.458333,cframe=CFrame.new(2516.721191,2502.500244,2500.984375,-0.140181,0.000000,-0.990126,0.000000,1.000000,0.000000,0.990126,0.000000,-0.140181),velocity=Vector3.new(19.802517, 0.006658, 2.803628),slideActive=false,wallhopFlick=false,humanoidState=8},
    {type="keyframe",time=0.462500,cframe=CFrame.new(2516.803711,2502.500244,2500.996094,-0.140181,0.000000,-0.990126,0.000000,1.000000,0.000000,0.990126,0.000000,-0.140181),velocity=Vector3.new(19.802517, 0.006658, 2.803628),slideActive=false,wallhopFlick=false,humanoidState=8},
    {type="keyframe",time=0.466667,cframe=CFrame.new(2516.886230,2502.500244,2501.007812,-0.140181,0.000000,-0.990126,0.000000,1.000000,0.000000,0.990126,0.000000,-0.140181),velocity=Vector3.new(19.802517, 0.006658, 2.803628),slideActive=false,wallhopFlick=false,humanoidState=8},
    {type="keyframe",time=0.470833,cframe=CFrame.new(2516.968750,2502.500244,2501.019531,-0.140181,0.000000,-0.990126,0.000000,1.000000,0.000000,0.990126,0.000000,-0.140181),velocity=Vector3.new(19.802517, 0.006658, 2.803628),slideActive=false,wallhopFlick=false,humanoidState=8},
    {type="keyframe",time=0.475000,cframe=CFrame.new(2517.051270,2502.500244,2501.031250,-0.140181,0.000000,-0.990126,0.000000,1.000000,0.000000,0.990126,0.000000,-0.140181),velocity=Vector3.new(19.802517, 0.006658, 2.803628),slideActive=false,wallhopFlick=false,humanoidState=8},
    {type="keyframe",time=0.483333,cframe=CFrame.new(2517.133789,2502.500244,2501.042969,-0.140181,0.000000,-0.990126,0.000000,1.000000,0.000000,0.990126,0.000000,-0.140181),velocity=Vector3.new(19.802517, 0.006658, 2.803628),slideActive=false,wallhopFlick=false,humanoidState=8},
    {type="keyframe",time=0.487500,cframe=CFrame.new(2517.298828,2502.500244,2501.066406,-0.140181,0.000000,-0.990126,0.000000,1.000000,0.000000,0.990126,0.000000,-0.140181),velocity=Vector3.new(19.802517, 0.006658, 2.803628),slideActive=false,wallhopFlick=false,humanoidState=8},
    {type="keyframe",time=0.491667,cframe=CFrame.new(2517.381348,2502.500244,2501.078125,-0.140181,0.000000,-0.990126,0.000000,1.000000,0.000000,0.990126,0.000000,-0.140181),velocity=Vector3.new(19.802517, 0.006658, 2.803628),slideActive=false,wallhopFlick=false,humanoidState=8},
    {type="keyframe",time=0.495833,cframe=CFrame.new(2517.463867,2502.500244,2501.089844,-0.140181,0.000000,-0.990126,0.000000,1.000000,0.000000,0.990126,0.000000,-0.140181),velocity=Vector3.new(19.802517, 0.006658, 2.803628),slideActive=false,wallhopFlick=false,humanoidState=8},
    {type="keyframe",time=0.500000,cframe=CFrame.new(2517.546387,2502.500244,2501.101562,-0.140181,0.000000,-0.990126,0.000000,1.000000,0.000000,0.990126,0.000000,-0.140181),velocity=Vector3.new(19.802517, 0.006658, 2.803628),slideActive=false,wallhopFlick=false,humanoidState=8},
    {type="keyframe",time=0.504167,cframe=CFrame.new(2517.628906,2502.500244,2501.113281,-0.140181,0.000000,-0.990126,0.000000,1.000000,0.000000,0.990126,0.000000,-0.140181),velocity=Vector3.new(19.802517, 0.006658, 2.803628),slideActive=false,wallhopFlick=false,humanoidState=8},
    {type="keyframe",time=0.508333,cframe=CFrame.new(2517.711426,2502.500244,2501.125000,-0.140181,0.000000,-0.990126,0.000000,1.000000,0.000000,0.990126,0.000000,-0.140181),velocity=Vector3.new(19.802517, 0.006658, 2.803628),slideActive=false,wallhopFlick=false,humanoidState=8},
    {type="keyframe",time=0.512500,cframe=CFrame.new(2517.793945,2502.500244,2501.136719,-0.140181,0.000000,-0.990126,0.000000,1.000000,0.000000,0.990126,0.000000,-0.140181),velocity=Vector3.new(19.802517, 0.006658, 2.803628),slideActive=false,wallhopFlick=false,humanoidState=8},
    {type="keyframe",time=0.516667,cframe=CFrame.new(2517.876465,2502.500244,2501.148438,-0.140181,0.000000,-0.990126,0.000000,1.000000,0.000000,0.990126,0.000000,-0.140181),velocity=Vector3.new(19.802517, 0.006658, 2.803628),slideActive=false,wallhopFlick=false,humanoidState=8},
    {type="keyframe",time=0.520833,cframe=CFrame.new(2517.958984,2502.500244,2501.160156,-0.140181,0.000000,-0.990126,0.000000,1.000000,0.000000,0.990126,0.000000,-0.140181),velocity=Vector3.new(19.802517, 0.006658, 2.803628),slideActive=false,wallhopFlick=false,humanoidState=8},
    {type="keyframe",time=0.525000,cframe=CFrame.new(2518.041504,2502.500244,2501.171875,-0.140181,0.000000,-0.990126,0.000000,1.000000,0.000000,0.990126,0.000000,-0.140181),velocity=Vector3.new(19.802517, 0.006658, 2.803628),slideActive=false,wallhopFlick=false,humanoidState=8},
    {type="keyframe",time=0.529167,cframe=CFrame.new(2518.124023,2502.500244,2501.183594,-0.140181,0.000000,-0.990126,0.000000,1.000000,0.000000,0.990126,0.000000,-0.140181),velocity=Vector3.new(19.802517, 0.006658, 2.803628),slideActive=false,wallhopFlick=false,humanoidState=8},
    {type="keyframe",time=0.533333,cframe=CFrame.new(2518.206543,2502.500244,2501.195312,-0.140181,0.000000,-0.990126,0.000000,1.000000,0.000000,0.990126,0.000000,-0.140181),velocity=Vector3.new(19.802517, 0.006658, 2.803628),slideActive=false,wallhopFlick=false,humanoidState=8},
    {type="keyframe",time=0.537500,cframe=CFrame.new(2518.289062,2502.500244,2501.207031,-0.140181,0.000000,-0.990126,0.000000,1.000000,0.000000,0.990126,0.000000,-0.140181),velocity=Vector3.new(19.802517, 0.006658, 2.803628),slideActive=false,wallhopFlick=false,humanoidState=8},
    {type="keyframe",time=0.541667,cframe=CFrame.new(2518.371582,2502.500244,2501.218750,-0.140181,0.000000,-0.990126,0.000000,1.000000,0.000000,0.990126,0.000000,-0.140181),velocity=Vector3.new(19.802517, 0.006658, 2.803628),slideActive=false,wallhopFlick=false,humanoidState=8},
    {type="keyframe",time=0.545833,cframe=CFrame.new(2518.454102,2502.500244,2501.230469,-0.140181,0.000000,-0.990126,0.000000,1.000000,0.000000,0.990126,0.000000,-0.140181),velocity=Vector3.new(19.802517, 0.006658, 2.803628),slideActive=false,wallhopFlick=false,humanoidState=8},
    {type="keyframe",time=0.550000,cframe=CFrame.new(2518.536621,2502.500244,2501.242188,-0.140181,0.000000,-0.990126,0.000000,1.000000,0.000000,0.990126,0.000000,-0.140181),velocity=Vector3.new(19.802517, 0.006658, 2.803628),slideActive=false,wallhopFlick=false,humanoidState=8},
    {type="keyframe",time=0.554167,cframe=CFrame.new(2518.619141,2502.500244,2501.253906,-0.140181,0.000000,-0.990126,0.000000,1.000000,0.000000,0.990126,0.000000,-0.140181),velocity=Vector3.new(19.802517, 0.006658, 2.803628),slideActive=false,wallhopFlick=false,humanoidState=8},
    {type="keyframe",time=0.558333,cframe=CFrame.new(2518.701660,2502.500244,2501.265625,-0.140181,0.000000,-0.990126,0.000000,1.000000,0.000000,0.990126,0.000000,-0.140181),velocity=Vector3.new(19.802517, 0.006658, 2.803628),slideActive=false,wallhopFlick=false,humanoidState=8},
    {type="keyframe",time=0.566667,cframe=CFrame.new(2518.784180,2502.500244,2501.277344,-0.140181,0.000000,-0.990126,0.000000,1.000000,0.000000,0.990126,0.000000,-0.140181),velocity=Vector3.new(19.802517, 0.006658, 2.803628),slideActive=false,wallhopFlick=false,humanoidState=8},
    {type="keyframe",time=0.570833,cframe=CFrame.new(2518.949219,2502.500244,2501.300781,-0.140181,0.000000,-0.990126,0.000000,1.000000,0.000000,0.990126,0.000000,-0.140181),velocity=Vector3.new(19.802517, 0.006658, 2.803628),slideActive=false,wallhopFlick=false,humanoidState=8},
    {type="keyframe",time=0.575000,cframe=CFrame.new(2519.031738,2502.500244,2501.312500,-0.140181,0.000000,-0.990126,0.000000,1.000000,0.000000,0.990126,0.000000,-0.140181),velocity=Vector3.new(19.802517, 0.006658, 2.803628),slideActive=false,wallhopFlick=false,humanoidState=8},
    {type="keyframe",time=0.579167,cframe=CFrame.new(2519.114258,2502.500244,2501.324219,-0.140181,0.000000,-0.990126,0.000000,1.000000,0.000000,0.990126,0.000000,-0.140181),velocity=Vector3.new(19.802517, 0.006658, 2.803628),slideActive=false,wallhopFlick=false,humanoidState=8},
    {type="keyframe",time=0.583333,cframe=CFrame.new(2519.196777,2502.500244,2501.335938,-0.140181,0.000000,-0.990126,0.000000,1.000000,0.000000,0.990126,0.000000,-0.140181),velocity=Vector3.new(19.802517, 0.006658, 2.803628),slideActive=false,wallhopFlick=false,humanoidState=8},
    {type="keyframe",time=0.591667,cframe=CFrame.new(2519.279297,2502.500244,2501.347656,-0.140181,0.000000,-0.990126,0.000000,1.000000,0.000000,0.990126,0.000000,-0.140181),velocity=Vector3.new(19.802517, 0.006658, 2.803628),slideActive=false,wallhopFlick=false,humanoidState=8},
    {type="keyframe",time=0.600000,cframe=CFrame.new(2519.444336,2502.500244,2501.371094,-0.140181,0.000000,-0.990126,0.000000,1.000000,0.000000,0.990126,0.000000,-0.140181),velocity=Vector3.new(19.802517, 0.006658, 2.803628),slideActive=false,wallhopFlick=false,humanoidState=8},
    {type="keyframe",time=0.604167,cframe=CFrame.new(2519.609375,2502.500244,2501.394531,-0.140181,0.000000,-0.990126,0.000000,1.000000,0.000000,0.990126,0.000000,-0.140181),velocity=Vector3.new(19.802517, 0.006658, 2.803628),slideActive=false,wallhopFlick=false,humanoidState=8},
    {type="keyframe",time=0.612500,cframe=CFrame.new(2519.691895,2502.500244,2501.406250,-0.140181,0.000000,-0.990126,0.000000,1.000000,0.000000,0.990126,0.000000,-0.140181),velocity=Vector3.new(19.802517, 0.006658, 2.803628),slideActive=false,wallhopFlick=false,humanoidState=8},
    {type="keyframe",time=0.616667,cframe=CFrame.new(2519.856934,2502.500244,2501.429688,-0.140181,0.000000,-0.990126,0.000000,1.000000,0.000000,0.990126,0.000000,-0.140181),velocity=Vector3.new(19.802517, 0.006658, 2.803628),slideActive=false,wallhopFlick=false,humanoidState=8},
    {type="keyframe",time=0.620833,cframe=CFrame.new(2519.939453,2502.500244,2501.441406,-0.140181,0.000000,-0.990126,0.000000,1.000000,0.000000,0.990126,0.000000,-0.140181),velocity=Vector3.new(19.802517, 0.006658, 2.803628),slideActive=false,wallhopFlick=false,humanoidState=8},
    {type="keyframe",time=0.625000,cframe=CFrame.new(2520.021973,2502.500244,2501.453125,-0.140181,0.000000,-0.990126,0.000000,1.000000,0.000000,0.990126,0.000000,-0.140181),velocity=Vector3.new(19.802517, 0.006658, 2.803628),slideActive=false,wallhopFlick=false,humanoidState=8},
    {type="keyframe",time=0.633333,cframe=CFrame.new(2520.104492,2502.500244,2501.464844,-0.140181,0.000000,-0.990126,0.000000,1.000000,0.000000,0.990126,0.000000,-0.140181),velocity=Vector3.new(19.802517, 0.006658, 2.803628),slideActive=false,wallhopFlick=false,humanoidState=8},
    {type="keyframe",time=0.637500,cframe=CFrame.new(2520.269531,2502.500244,2501.488281,-0.140181,0.000000,-0.990126,0.000000,1.000000,0.000000,0.990126,0.000000,-0.140181),velocity=Vector3.new(19.802517, 0.006658, 2.803628),slideActive=false,wallhopFlick=false,humanoidState=8},
    {type="keyframe",time=0.641667,cframe=CFrame.new(2520.352051,2502.500244,2501.500000,-0.140181,0.000000,-0.990126,0.000000,1.000000,0.000000,0.990126,0.000000,-0.140181),velocity=Vector3.new(19.802517, 0.006658, 2.803628),slideActive=false,wallhopFlick=false,humanoidState=8},
    {type="keyframe",time=0.650000,cframe=CFrame.new(2520.434570,2502.500244,2501.511719,-0.140181,0.000000,-0.990126,0.000000,1.000000,0.000000,0.990126,0.000000,-0.140181),velocity=Vector3.new(19.802517, 0.006658, 2.803628),slideActive=false,wallhopFlick=false,humanoidState=8},
    {type="keyframe",time=0.654167,cframe=CFrame.new(2520.599609,2502.500244,2501.535156,-0.140181,0.000000,-0.990126,0.000000,1.000000,0.000000,0.990126,0.000000,-0.140181),velocity=Vector3.new(19.802517, 0.006658, 2.803628),slideActive=false,wallhopFlick=false,humanoidState=8},
    {type="keyframe",time=0.662500,cframe=CFrame.new(2520.682129,2502.500244,2501.546875,-0.140181,0.000000,-0.990126,0.000000,1.000000,0.000000,0.990126,0.000000,-0.140181),velocity=Vector3.new(19.802517, 0.006658, 2.803628),slideActive=false,wallhopFlick=false,humanoidState=8},
    {type="keyframe",time=0.666667,cframe=CFrame.new(2520.847168,2502.500244,2501.570312,-0.140181,0.000000,-0.990126,0.000000,1.000000,0.000000,0.990126,0.000000,-0.140181),velocity=Vector3.new(19.802517, 0.006658, 2.803628),slideActive=false,wallhopFlick=false,humanoidState=8},
    {type="keyframe",time=0.670833,cframe=CFrame.new(2520.929688,2502.500244,2501.582031,-0.140181,0.000000,-0.990126,0.000000,1.000000,0.000000,0.990126,0.000000,-0.140181),velocity=Vector3.new(19.802517, 0.006658, 2.803628),slideActive=false,wallhopFlick=false,humanoidState=8},
    {type="keyframe",time=0.675000,cframe=CFrame.new(2521.012207,2502.500244,2501.593750,-0.140181,0.000000,-0.990126,0.000000,1.000000,0.000000,0.990126,0.000000,-0.140181),velocity=Vector3.new(19.802517, 0.006658, 2.803628),slideActive=false,wallhopFlick=false,humanoidState=8},
    {type="keyframe",time=0.679167,cframe=CFrame.new(2521.094727,2502.500244,2501.605469,-0.140181,0.000000,-0.990126,0.000000,1.000000,0.000000,0.990126,0.000000,-0.140181),velocity=Vector3.new(19.802517, 0.006658, 2.803628),slideActive=false,wallhopFlick=false,humanoidState=8},
    {type="keyframe",time=0.683333,cframe=CFrame.new(2521.177246,2502.500244,2501.617188,-0.140181,0.000000,-0.990126,0.000000,1.000000,0.000000,0.990126,0.000000,-0.140181),velocity=Vector3.new(19.802517, 0.006658, 2.803628),slideActive=false,wallhopFlick=false,humanoidState=8},
    {type="keyframe",time=0.687500,cframe=CFrame.new(2521.259766,2502.500244,2501.628906,-0.140181,0.000000,-0.990126,0.000000,1.000000,0.000000,0.990126,0.000000,-0.140181),velocity=Vector3.new(19.802517, 0.006658, 2.803628),slideActive=false,wallhopFlick=false,humanoidState=8},
    {type="keyframe",time=0.691667,cframe=CFrame.new(2521.342285,2502.500244,2501.640625,-0.140181,0.000000,-0.990126,0.000000,1.000000,0.000000,0.990126,0.000000,-0.140181),velocity=Vector3.new(19.802517, 0.006658, 2.803628),slideActive=false,wallhopFlick=false,humanoidState=8},
    {type="keyframe",time=0.695833,cframe=CFrame.new(2521.424805,2502.500244,2501.652344,-0.140181,0.000000,-0.990126,0.000000,1.000000,0.000000,0.990126,0.000000,-0.140181),velocity=Vector3.new(19.802517, 0.006658, 2.803628),slideActive=false,wallhopFlick=false,humanoidState=8},
