return {
    {type="keyframe",time=0.004167,cframe=CFrame.new(2497.343750,2503.499268,2493.595215,0.944153,-0.000000,-0.329508,-0.000000,1.000000,-0.000000,0.329508,0.000000,0.944153),velocity=Vector3.new(0.000000, 0.019975, 0.000000),slideActive=false,wallhopFlick=false,humanoidState=8},
    {type="keyframe",time=0.008333,cframe=CFrame.new(2497.343750,2503.499268,2493.595215,0.944153,-0.000000,-0.329508,-0.000000,1.000000,-0.000000,0.329508,0.000000,0.944153),velocity=Vector3.new(0.000000, 0.019975, 0.000000),slideActive=false,wallhopFlick=false,humanoidState=8},
    {type="keyframe",time=0.012500,cframe=CFrame.new(2497.343750,2503.499268,2493.595215,0.944153,-0.000000,-0.329508,-0.000000,1.000000,-0.000000,0.329508,0.000000,0.944153),velocity=Vector3.new(0.000000, 0.019975, 0.000000),slideActive=false,wallhopFlick=false,humanoidState=8},
    {type="keyframe",time=0.016667,cframe=CFrame.new(2497.343750,2503.499268,2493.595215,0.944153,-0.000000,-0.329508,-0.000000,1.000000,-0.000000,0.329508,0.000000,0.944153),velocity=Vector3.new(0.000000, 0.019975, 0.000000),slideActive=false,wallhopFlick=false,humanoidState=8},
    {type="keyframe",time=0.020833,cframe=CFrame.new(2497.343750,2503.499268,2493.595215,0.944153,-0.000000,-0.329508,-0.000000,1.000000,-0.000000,0.329508,0.000000,0.944153),velocity=Vector3.new(0.000000, 0.019975, 0.000000),slideActive=false,wallhopFlick=false,humanoidState=8},
    {type="keyframe",time=0.025000,cframe=CFrame.new(2497.343750,2503.499268,2493.595215,0.944153,-0.000000,-0.329508,-0.000000,1.000000,-0.000000,0.329508,0.000000,0.944153),velocity=Vector3.new(0.000000, 0.019975, 0.000000),slideActive=false,wallhopFlick=false,humanoidState=8},
    {type="keyframe",time=0.029167,cframe=CFrame.new(2497.343750,2503.499268,2493.595215,0.944153,-0.000000,-0.329508,-0.000000,1.000000,-0.000000,0.329508,0.000000,0.944153),velocity=Vector3.new(0.000000, 0.019975, 0.000000),slideActive=false,wallhopFlick=false,humanoidState=8},
    {type="keyframe",time=0.033333,cframe=CFrame.new(2497.343750,2503.499268,2493.595215,0.935488,0.000000,-0.353359,0.000000,1.000000,0.000000,0.353359,0.000000,0.935488),velocity=Vector3.new(0.000000, 0.019975, 0.000000),slideActive=false,wallhopFlick=false,humanoidState=8},
    {type="keyframe",time=0.037500,cframe=CFrame.new(2497.347656,2503.499268,2493.585205,0.935488,0.000000,-0.353359,0.000000,1.000000,0.000000,0.353359,-0.000000,0.935488),velocity=Vector3.new(0.909945, 0.019975, -2.408998),slideActive=false,wallhopFlick=false,humanoidState=8},
    {type="keyframe",time=0.041667,cframe=CFrame.new(2497.355225,2503.499268,2493.565186,0.935488,0.000000,-0.353359,0.000000,1.000000,0.000000,0.353359,-0.000000,0.935488),velocity=Vector3.new(1.819889, 0.019975, -4.817996),slideActive=false,wallhopFlick=false,humanoidState=8},
    {type="keyframe",time=0.045833,cframe=CFrame.new(2497.366699,2503.499268,2493.535156,0.935488,0.000000,-0.353359,0.000000,1.000000,0.000000,0.353359,-0.000000,0.935488),velocity=Vector3.new(2.729834, 0.019975, -7.226994),slideActive=false,wallhopFlick=false,humanoidState=8},
    {type="keyframe",time=0.050000,cframe=CFrame.new(2497.381836,2503.499268,2493.495117,0.935488,0.000000,-0.353359,0.000000,1.000000,0.000000,0.353359,-0.000000,0.935488),velocity=Vector3.new(3.639778, 0.019975, -9.635992),slideActive=false,wallhopFlick=false,humanoidState=8},
    {type="keyframe",time=0.054167,cframe=CFrame.new(2497.400879,2503.499268,2493.444824,0.935488,0.000000,-0.353359,0.000000,1.000000,0.000000,0.353359,-0.000000,0.935488),velocity=Vector3.new(4.549723, 0.019975, -12.044990),slideActive=false,wallhopFlick=false,humanoidState=8},
    {type="keyframe",time=0.058333,cframe=CFrame.new(2497.423584,2503.499268,2493.384521,0.935488,0.000000,-0.353359,0.000000,1.000000,0.000000,0.353359,-0.000000,0.935488),velocity=Vector3.new(5.459667, 0.019975, -14.453987),slideActive=false,wallhopFlick=false,humanoidState=8},
    {type="keyframe",time=0.062500,cframe=CFrame.new(2497.450195,2503.499268,2493.314209,0.935488,0.000000,-0.353359,0.000000,1.000000,0.000000,0.353359,-0.000000,0.935488),velocity=Vector3.new(6.369612, 0.019975, -16.862986),slideActive=false,wallhopFlick=false,humanoidState=8},
    {type="keyframe",time=0.066667,cframe=CFrame.new(2497.478516,2503.499268,2493.239258,0.935488,0.000000,-0.353359,0.000000,1.000000,0.000000,0.353359,-0.000000,0.935488),velocity=Vector3.new(6.805596, 0.019975, -18.017216),slideActive=false,wallhopFlick=false,humanoidState=8},
    {type="keyframe",time=0.070833,cframe=CFrame.new(2497.507568,2503.499268,2493.162354,0.935488,0.000000,-0.353359,0.000000,1.000000,0.000000,0.353359,-0.000000,0.935488),velocity=Vector3.new(6.969090, 0.019975, -18.450052),slideActive=false,wallhopFlick=false,humanoidState=8},
    {type="keyframe",time=0.075000,cframe=CFrame.new(2497.536865,2503.499268,2493.084717,0.935488,0.000000,-0.353359,0.000000,1.000000,0.000000,0.353359,-0.000000,0.935488),velocity=Vector3.new(7.030401, 0.019975, -18.612366),slideActive=false,wallhopFlick=false,humanoidState=8},
    {type="keyframe",time=0.079167,cframe=CFrame.new(2497.566162,2503.499268,2493.006836,0.935488,0.000000,-0.353359,0.000000,1.000000,0.000000,0.353359,-0.000000,0.935488),velocity=Vector3.new(7.053392, 0.019975, -18.673233),slideActive=false,wallhopFlick=false,humanoidState=8},
    {type="keyframe",time=0.083333,cframe=CFrame.new(2497.595703,2503.499268,2492.928955,0.935488,0.000000,-0.353359,0.000000,1.000000,0.000000,0.353359,-0.000000,0.935488),velocity=Vector3.new(7.062014, 0.019975, -18.696058),slideActive=false,wallhopFlick=false,humanoidState=8},
    {type="keyframe",time=0.087500,cframe=CFrame.new(2497.625244,2503.499268,2492.851074,0.936766,0.000000,-0.349956,0.000000,1.000000,0.000000,0.349956,-0.000000,0.936766),velocity=Vector3.new(7.065247, 0.019975, -18.704617),slideActive=false,wallhopFlick=false,humanoidState=8},
    {type="keyframe",time=0.091667,cframe=CFrame.new(2497.654785,2503.499268,2492.773193,0.938029,0.000000,-0.346557,0.000000,1.000000,0.000000,0.346557,-0.000000,0.938029),velocity=Vector3.new(7.066460, 0.019975, -18.707827),slideActive=false,wallhopFlick=false,humanoidState=8},
    {type="keyframe",time=0.095833,cframe=CFrame.new(2497.684082,2503.499268,2492.695068,0.938029,0.000000,-0.346557,0.000000,1.000000,0.000000,0.346557,-0.000000,0.938029),velocity=Vector3.new(7.024370, 0.019975, -18.725014),slideActive=false,wallhopFlick=false,humanoidState=8},
    {type="keyframe",time=0.100000,cframe=CFrame.new(2497.713135,2503.499268,2492.616943,0.938029,0.000000,-0.346557,0.000000,1.000000,0.000000,0.346557,-0.000000,0.938029),velocity=Vector3.new(6.966099, 0.019975, -18.747242),slideActive=false,wallhopFlick=false,humanoidState=8},
    {type="keyframe",time=0.104167,cframe=CFrame.new(2497.742188,2503.499268,2492.538818,0.940523,0.000000,-0.339729,0.000000,1.000000,0.000000,0.339729,-0.000000,0.940523),velocity=Vector3.new(6.944247, 0.019975, -18.755579),slideActive=false,wallhopFlick=false,humanoidState=8},
    {type="keyframe",time=0.108333,cframe=CFrame.new(2497.770996,2503.499268,2492.460693,0.940523,0.000000,-0.339729,0.000000,1.000000,0.000000,0.339729,-0.000000,0.940523),velocity=Vector3.new(6.936053, 0.019975, -18.758705),slideActive=false,wallhopFlick=false,humanoidState=8},
    {type="keyframe",time=0.112500,cframe=CFrame.new(2497.799561,2503.499268,2492.382324,0.942965,0.000000,-0.332893,0.000000,1.000000,0.000000,0.332893,-0.000000,0.942965),velocity=Vector3.new(6.847638, 0.019975, -18.791056),slideActive=false,wallhopFlick=false,humanoidState=8},
    {type="keyframe",time=0.116667,cframe=CFrame.new(2497.827881,2503.499268,2492.303955,0.945354,0.000000,-0.326047,0.000000,1.000000,0.000000,0.326047,-0.000000,0.945354),velocity=Vector3.new(6.814482, 0.019975, -18.803186),slideActive=false,wallhopFlick=false,humanoidState=8},
    {type="keyframe",time=0.120833,cframe=CFrame.new(2497.855957,2503.499268,2492.225342,0.945354,0.000000,-0.326047,0.000000,1.000000,0.000000,0.326047,-0.000000,0.945354),velocity=Vector3.new(6.716594, 0.019975, -18.838255),slideActive=false,wallhopFlick=false,humanoidState=8},
    {type="keyframe",time=0.125000,cframe=CFrame.new(2497.883545,2503.499268,2492.146729,0.947693,0.000000,-0.319183,0.000000,1.000000,0.000000,0.319183,-0.000000,0.947693),velocity=Vector3.new(6.594307, 0.019975, -18.881266),slideActive=false,wallhopFlick=false,humanoidState=8},
    {type="keyframe",time=0.129167,cframe=CFrame.new(2497.910889,2503.499268,2492.067871,0.947693,0.000000,-0.319183,0.000000,1.000000,0.000000,0.319183,-0.000000,0.947693),velocity=Vector3.new(6.548450, 0.019975, -18.897394),slideActive=false,wallhopFlick=false,humanoidState=8},
    {type="keyframe",time=0.133333,cframe=CFrame.new(2497.937744,2503.499268,2491.989014,0.951117,0.000000,-0.308830,0.000000,1.000000,0.000000,0.308830,-0.000000,0.951117),velocity=Vector3.new(6.445455, 0.019975, -18.932688),slideActive=false,wallhopFlick=false,humanoidState=8},
    {type="keyframe",time=0.137500,cframe=CFrame.new(2497.964355,2503.499268,2491.910156,0.951117,0.000000,-0.308830,0.000000,1.000000,0.000000,0.308830,-0.000000,0.951117),velocity=Vector3.new(6.406831, 0.019975, -18.945923),slideActive=false,wallhopFlick=false,humanoidState=8},
    {type="keyframe",time=0.141667,cframe=CFrame.new(2497.990479,2503.499268,2491.831055,0.953333,-0.000000,-0.301922,0.000000,1.000000,0.000000,0.301922,-0.000000,0.953333),velocity=Vector3.new(6.262935, 0.019975, -18.993689),slideActive=false,wallhopFlick=false,humanoidState=8},
    {type="keyframe",time=0.145833,cframe=CFrame.new(2498.016357,2503.499268,2491.751953,0.953333,-0.000000,-0.301922,0.000000,1.000000,-0.000000,0.301922,0.000000,0.953333),velocity=Vector3.new(6.208974, 0.019975, -19.011600),slideActive=false,wallhopFlick=false,humanoidState=8},
    {type="keyframe",time=0.150000,cframe=CFrame.new(2498.041748,2503.499268,2491.672607,0.955505,-0.000000,-0.294976,0.000000,1.000000,-0.000000,0.294976,0.000000,0.955505),velocity=Vector3.new(6.102386, 0.019975, -19.046007),slideActive=false,wallhopFlick=false,humanoidState=8},
    {type="keyframe",time=0.154167,cframe=CFrame.new(2498.066895,2503.499268,2491.593262,0.955505,-0.000000,-0.294976,0.000000,1.000000,-0.000000,0.294976,0.000000,0.955505),velocity=Vector3.new(6.062415, 0.019975, -19.058910),slideActive=false,wallhopFlick=false,humanoidState=8},
    {type="keyframe",time=0.158333,cframe=CFrame.new(2498.091797,2503.499268,2491.513672,0.957618,-0.000000,-0.288042,0.000000,1.000000,-0.000000,0.288042,0.000000,0.957618),velocity=Vector3.new(5.960611, 0.019975, -19.090899),slideActive=false,wallhopFlick=false,humanoidState=8},
    {type="keyframe",time=0.162500,cframe=CFrame.new(2498.116455,2503.499268,2491.434082,0.957618,-0.000000,-0.288042,-0.000000,1.000000,-0.000000,0.288042,0.000000,0.957618),velocity=Vector3.new(5.922435, 0.019975, -19.102894),slideActive=false,wallhopFlick=false,humanoidState=8},
    {type="keyframe",time=0.166667,cframe=CFrame.new(2498.140625,2503.499268,2491.354248,0.959688,-0.000000,-0.281069,-0.000000,1.000000,-0.000000,0.281069,0.000000,0.959688),velocity=Vector3.new(5.821440, 0.019975, -19.133804),slideActive=false,wallhopFlick=false,humanoidState=8},
    {type="keyframe",time=0.170833,cframe=CFrame.new(2498.164795,2503.499268,2491.274414,0.959688,-0.000000,-0.281069,-0.000000,1.000000,-0.000000,0.281069,0.000000,0.959688),velocity=Vector3.new(5.783567, 0.019975, -19.145395),slideActive=false,wallhopFlick=false,humanoidState=8},
    {type="keyframe",time=0.175000,cframe=CFrame.new(2498.188477,2503.495850,2491.194824,0.960702,-0.000000,-0.277580,-0.000000,1.000000,-0.000000,0.277580,0.000000,0.960702),velocity=Vector3.new(5.667881, -0.797525, -19.126736),slideActive=false,wallhopFlick=false,humanoidState=8},
    {type="keyframe",time=0.179167,cframe=CFrame.new(2498.211914,2503.489990,2491.115234,0.962692,-0.000000,-0.270598,-0.000000,1.000000,-0.000000,0.270598,0.000000,0.962692),velocity=Vector3.new(5.624498, -1.426376, -19.119738),slideActive=false,wallhopFlick=false,humanoidState=8},
    {type="keyframe",time=0.183333,cframe=CFrame.new(2498.235107,2503.483154,2491.035645,0.962692,-0.000000,-0.270598,-0.000000,1.000000,-0.000000,0.270598,0.000000,0.962692),velocity=Vector3.new(5.564816, -1.661641, -19.129795),slideActive=false,wallhopFlick=false,humanoidState=8},
    {type="keyframe",time=0.187500,cframe=CFrame.new(2498.257812,2503.475830,2490.955811,0.964633,-0.000000,-0.263597,-0.000000,1.000000,-0.000000,0.263597,0.000000,0.964633),velocity=Vector3.new(5.455540, -1.748712, -19.158442),slideActive=false,wallhopFlick=false,humanoidState=8},
    {type="keyframe",time=0.191667,cframe=CFrame.new(2498.280273,2503.468506,2490.875977,0.964633,-0.000000,-0.263597,-0.000000,1.000000,-0.000000,0.263597,0.000000,0.964633),velocity=Vector3.new(5.414561, -1.781364, -19.169184),slideActive=false,wallhopFlick=false,humanoidState=8},
    {type="keyframe",time=0.195833,cframe=CFrame.new(2498.302246,2503.457764,2490.796631,0.966521,-0.000000,-0.256588,-0.000000,1.000000,-0.000000,0.256588,0.000000,0.966521),velocity=Vector3.new(5.270664, -2.598864, -19.045979),slideActive=false,wallhopFlick=false,humanoidState=8},
    {type="keyframe",time=0.200000,cframe=CFrame.new(2498.323975,2503.444336,2490.717529,0.966521,-0.000000,-0.256588,-0.000000,1.000000,-0.000000,0.256588,0.000000,0.966521),velocity=Vector3.new(5.216703, -3.243923, -18.999777),slideActive=false,wallhopFlick=false,humanoidState=8},
    {type="keyframe",time=0.204167,cframe=CFrame.new(2498.345215,2503.429932,2490.638428,0.968360,-0.000000,-0.249558,-0.000000,1.000000,-0.000000,0.249558,0.000000,0.968360),velocity=Vector3.new(5.110431, -3.483320, -19.006104),slideActive=false,wallhopFlick=false,humanoidState=8},
    {type="keyframe",time=0.208333,cframe=CFrame.new(2498.366455,2503.415039,2490.559326,0.968360,-0.000000,-0.249558,-0.000000,1.000000,-0.000000,0.249558,0.000000,0.968360),velocity=Vector3.new(5.070579, -3.573094, -19.008476),slideActive=false,wallhopFlick=false,humanoidState=8},
    {type="keyframe",time=0.212500,cframe=CFrame.new(2498.387207,2503.399902,2490.479980,0.970146,-0.000000,-0.242522,-0.000000,1.000000,-0.000000,0.242522,0.000000,0.970146),velocity=Vector3.new(4.969340, -3.604141, -19.032438),slideActive=false,wallhopFlick=false,humanoidState=8},
    {type="keyframe",time=0.216667,cframe=CFrame.new(2498.407471,2503.381592,2490.401611,0.970146,-0.000000,-0.242522,-0.000000,1.000000,-0.000000,0.242522,0.000000,0.970146),velocity=Vector3.new(4.865485, -4.421641, -18.785749),slideActive=false,wallhopFlick=false,humanoidState=8},
    {type="keyframe",time=0.220833,cframe=CFrame.new(2498.427246,2503.359863,2490.323730,0.971021,-0.000000,-0.238994,-0.000000,1.000000,-0.000000,0.238994,0.000000,0.971021),velocity=Vector3.new(4.742171, -5.239141, -18.715801),slideActive=false,wallhopFlick=false,humanoidState=8},
    {type="keyframe",time=0.225000,cframe=CFrame.new(2498.446777,2503.334717,2490.245850,0.971021,-0.000000,-0.238994,-0.000000,1.000000,-0.000000,0.238994,0.000000,0.971021),velocity=Vector3.new(4.695928, -6.056641, -18.689571),slideActive=false,wallhopFlick=false,humanoidState=8},
    {type="keyframe",time=0.229167,cframe=CFrame.new(2498.466064,2503.306152,2490.167969,0.971883,-0.000000,-0.235464,-0.000000,1.000000,-0.000000,0.235464,0.000000,0.971883),velocity=Vector3.new(4.636285, -6.874141, -18.690815),slideActive=false,wallhopFlick=false,humanoidState=8},
    {type="keyframe",time=0.233333,cframe=CFrame.new(2498.485352,2503.274170,2490.090088,0.971883,-0.000000,-0.235464,-0.000000,1.000000,-0.000000,0.235464,0.000000,0.971883),velocity=Vector3.new(4.613918, -7.691641, -18.691282),slideActive=false,wallhopFlick=false,humanoidState=8},
    {type="keyframe",time=0.237500,cframe=CFrame.new(2498.503906,2503.243408,2490.013672,0.972733,-0.000000,-0.231930,-0.000000,1.000000,-0.000000,0.231930,0.000000,0.972733),velocity=Vector3.new(4.477549, -7.369204, -18.348915),slideActive=false,wallhopFlick=false,humanoidState=8},
    {type="keyframe",time=0.241667,cframe=CFrame.new(2498.522461,2503.213135,2489.937744,0.972733,-0.000000,-0.231930,-0.000000,1.000000,-0.000000,0.231930,0.000000,0.972733),velocity=Vector3.new(4.426410, -7.248290, -18.220528),slideActive=false,wallhopFlick=false,humanoidState=8},
    {type="keyframe",time=0.245833,cframe=CFrame.new(2498.540771,2503.183105,2489.862061,0.972733,-0.000000,-0.231930,-0.000000,1.000000,-0.000000,0.231930,0.000000,0.972733),velocity=Vector3.new(4.366234, -7.200319, -18.183273),slideActive=false,wallhopFlick=false,humanoidState=8},
    {type="keyframe",time=0.250000,cframe=CFrame.new(2498.558838,2503.153076,2489.786377,0.972733,0.000000,-0.231930,-0.000000,1.000000,-0.000000,0.231930,0.000000,0.972733),velocity=Vector3.new(4.343668, -7.182330, -18.169302),slideActive=false,wallhopFlick=false,humanoidState=8},
    {type="keyframe",time=0.254167,cframe=CFrame.new(2498.576904,2503.123291,2489.710693,0.973569,0.000000,-0.228393,-0.000000,1.000000,0.000000,0.228393,-0.000000,0.973569),velocity=Vector3.new(4.335207, -7.175584, -18.164062),slideActive=false,wallhopFlick=false,humanoidState=8},
    {type="keyframe",time=0.258333,cframe=CFrame.new(2498.594482,2503.090088,2489.636963,0.973569,0.000000,-0.228393,-0.000000,1.000000,0.000000,0.228393,-0.000000,0.973569),velocity=Vector3.new(4.227556, -7.993084, -17.723913),slideActive=false,wallhopFlick=false,humanoidState=8},
    {type="keyframe",time=0.262500,cframe=CFrame.new(2498.611816,2503.053467,2489.563721,0.973569,0.000000,-0.228393,-0.000000,1.000000,0.000000,0.228393,-0.000000,0.973569),velocity=Vector3.new(4.147856, -8.810584, -17.569698),slideActive=false,wallhopFlick=false,humanoidState=8},
    {type="keyframe",time=0.266667,cframe=CFrame.new(2498.628906,2503.013428,2489.490723,0.973569,0.000000,-0.228393,-0.000000,1.000000,0.000000,0.228393,-0.000000,0.973569),velocity=Vector3.new(4.117969, -9.628084, -17.511869),slideActive=false,wallhopFlick=false,humanoidState=8},
    {type="keyframe",time=0.270833,cframe=CFrame.new(2498.645996,2502.969971,2489.417969,0.973569,0.000000,-0.228393,-0.000000,1.000000,0.000000,0.228393,-0.000000,0.973569),velocity=Vector3.new(4.106761, -10.445584, -17.490183),slideActive=false,wallhopFlick=false,humanoidState=8},
    {type="keyframe",time=0.279167,cframe=CFrame.new(2498.663086,2502.930664,2489.345215,0.974395,0.000000,-0.224845,-0.000000,1.000000,0.000000,0.224845,-0.000000,0.974395),velocity=Vector3.new(4.102559, -9.427674, -17.482050),slideActive=false,wallhopFlick=false,humanoidState=8},
    {type="keyframe",time=0.283333,cframe=CFrame.new(2498.697266,2502.855957,2489.199707,0.975206,0.000000,-0.221300,-0.000000,1.000000,0.000000,0.221300,-0.000000,0.975206),velocity=Vector3.new(4.100391, -8.902815, -17.477858),slideActive=false,wallhopFlick=false,humanoidState=8},
    {type="keyframe",time=0.287500,cframe=CFrame.new(2498.714600,2502.823486,2489.125000,0.975206,0.000000,-0.221300,-0.000000,1.000000,0.000000,0.221300,-0.000000,0.975206),velocity=Vector3.new(4.161773, -7.815348, -17.926193),slideActive=false,wallhopFlick=false,humanoidState=8},
    {type="keyframe",time=0.291667,cframe=CFrame.new(2498.731934,2502.792725,2489.049561,0.975206,0.000000,-0.221300,-0.000000,1.000000,0.000000,0.221300,-0.000000,0.975206),velocity=Vector3.new(4.143652, -7.404761, -18.104828),slideActive=false,wallhopFlick=false,humanoidState=8},
    {type="keyframe",time=0.295833,cframe=CFrame.new(2498.749268,2502.762451,2488.973877,0.976784,0.000000,-0.214229,-0.000000,1.000000,0.000000,0.214229,-0.000000,0.976784),velocity=Vector3.new(4.136857, -7.250791, -18.171816),slideActive=false,wallhopFlick=false,humanoidState=8},
    {type="keyframe",time=0.300000,cframe=CFrame.new(2498.766602,2502.732422,2488.897949,0.976784,0.000000,-0.214229,-0.000000,1.000000,0.000000,0.214229,-0.000000,0.976784),velocity=Vector3.new(4.134308, -7.193052, -18.196938),slideActive=false,wallhopFlick=false,humanoidState=8},
    {type="keyframe",time=0.304167,cframe=CFrame.new(2498.783691,2502.707031,2488.820557,0.978313,0.000000,-0.207134,-0.000000,1.000000,0.000000,0.207134,-0.000000,0.978313),velocity=Vector3.new(4.128650, -6.074398, -18.579628),slideActive=false,wallhopFlick=false,humanoidState=8},
    {type="keyframe",time=0.308333,cframe=CFrame.new(2498.800781,2502.683350,2488.742432,0.978313,0.000000,-0.207134,-0.000000,1.000000,0.000000,0.207134,-0.000000,0.978313),velocity=Vector3.new(4.126527, -5.654902, -18.723137),slideActive=false,wallhopFlick=false,humanoidState=8},
    {type="keyframe",time=0.312500,cframe=CFrame.new(2498.817627,2502.660400,2488.664062,0.979060,0.000000,-0.203572,-0.000000,1.000000,0.000000,0.203572,-0.000000,0.979060),velocity=Vector3.new(4.040621, -5.492833, -18.796661),slideActive=false,wallhopFlick=false,humanoidState=8},
    {type="keyframe",time=0.316667,cframe=CFrame.new(2498.834229,2502.637695,2488.585693,0.980513,0.000000,-0.196452,-0.000000,1.000000,0.000000,0.196452,-0.000000,0.980513),velocity=Vector3.new(4.008406, -5.432056, -18.824232),slideActive=false,wallhopFlick=false,humanoidState=8},
    {type="keyframe",time=0.320833,cframe=CFrame.new(2498.850586,2502.615234,2488.507080,0.980514,0.000000,-0.196452,-0.000000,1.000000,0.000000,0.196452,-0.000000,0.980514),velocity=Vector3.new(3.953586, -5.406816, -18.844240),slideActive=false,wallhopFlick=false,humanoidState=8},
    {type="keyframe",time=0.325000,cframe=CFrame.new(2498.866943,2502.597412,2488.427490,0.981914,0.000000,-0.189328,-0.000000,1.000000,0.000000,0.189328,-0.000000,0.981914),velocity=Vector3.new(3.898458, -4.268464, -19.124449),slideActive=false,wallhopFlick=false,humanoidState=8},
    {type="keyframe",time=0.329167,cframe=CFrame.new(2498.883057,2502.581299,2488.347412,0.981914,0.000000,-0.189328,-0.000000,1.000000,0.000000,0.189328,-0.000000,0.981914),velocity=Vector3.new(3.877784, -3.841582, -19.229527),slideActive=false,wallhopFlick=false,humanoidState=8},
    {type="keyframe",time=0.333333,cframe=CFrame.new(2498.898926,2502.565918,2488.267090,0.982596,0.000000,-0.185754,-0.000000,1.000000,0.000000,0.185754,-0.000000,0.982596),velocity=Vector3.new(3.782557, -3.677904, -19.286791),slideActive=false,wallhopFlick=false,humanoidState=8},
    {type="keyframe",time=0.337500,cframe=CFrame.new(2498.914551,2502.550781,2488.186523,0.982596,0.000000,-0.185754,-0.000000,1.000000,0.000000,0.185754,-0.000000,0.982596),velocity=Vector3.new(3.746847, -3.616524, -19.308266),slideActive=false,wallhopFlick=false,humanoidState=8},
    {type="keyframe",time=0.341667,cframe=CFrame.new(2498.929932,2502.535889,2488.105957,0.983266,0.000000,-0.182178,-0.000000,1.000000,0.000000,0.182178,-0.000000,0.983266),velocity=Vector3.new(3.689564, -3.591661, -19.325043),slideActive=false,wallhopFlick=false,humanoidState=8},
    {type="keyframe",time=0.345833,cframe=CFrame.new(2498.945312,2502.525635,2488.024902,0.983266,0.000000,-0.182178,0.000000,1.000000,0.000000,0.182178,-0.000000,0.983266),velocity=Vector3.new(3.696390, -2.454047, -19.481068),slideActive=false,wallhopFlick=false,humanoidState=8},
    {type="keyframe",time=0.350000,cframe=CFrame.new(2498.960449,2502.520264,2487.943359,0.983266,0.000000,-0.182178,0.000000,1.000000,0.000000,0.182178,-0.000000,0.983266),velocity=Vector3.new(3.654433, -1.314016, -19.547995),slideActive=false,wallhopFlick=false,humanoidState=8},
    {type="keyframe",time=0.354167,cframe=CFrame.new(2498.975586,2502.513672,2487.861816,0.983266,0.000000,-0.182178,0.000000,1.000000,0.000000,0.182178,-0.000000,0.983266),velocity=Vector3.new(3.638700, -1.598978, -19.573092),slideActive=false,wallhopFlick=false,humanoidState=8},
    {type="keyframe",time=0.358333,cframe=CFrame.new(2498.990723,2502.506592,2487.780273,0.983266,-0.000000,-0.182178,0.000000,1.000000,0.000000,0.182178,-0.000000,0.983266),velocity=Vector3.new(3.632800, -1.705838, -19.582502),slideActive=false,wallhopFlick=false,humanoidState=8},
    {type="keyframe",time=0.362500,cframe=CFrame.new(2499.005859,2502.499268,2487.698730,0.983266,-0.000000,-0.182178,0.000000,1.000000,-0.000000,0.182178,0.000000,0.983266),velocity=Vector3.new(3.630587, -1.745911, -19.586033),slideActive=false,wallhopFlick=false,humanoidState=8},
    {type="keyframe",time=0.366667,cframe=CFrame.new(2499.020996,2502.495361,2487.616943,0.983266,-0.000000,-0.182178,0.000000,1.000000,-0.000000,0.182178,0.000000,0.983266),velocity=Vector3.new(3.638693, -0.936547, -19.635584),slideActive=false,wallhopFlick=false,humanoidState=8},
    {type="keyframe",time=0.370833,cframe=CFrame.new(2499.036133,2502.493408,2487.535156,0.983266,-0.000000,-0.182178,0.000000,1.000000,-0.000000,0.182178,0.000000,0.983266),velocity=Vector3.new(3.641732, -0.449313, -19.654165),slideActive=false,wallhopFlick=false,humanoidState=8},
    {type="keyframe",time=0.375000,cframe=CFrame.new(2499.051270,2502.492676,2487.453125,0.983266,-0.000000,-0.182178,0.000000,1.000000,-0.000000,0.182178,0.000000,0.983266),velocity=Vector3.new(3.642872, -0.160980, -19.661133),slideActive=false,wallhopFlick=false,humanoidState=8},
    {type="keyframe",time=0.379167,cframe=CFrame.new(2499.066406,2502.492676,2487.371094,0.983266,-0.000000,-0.182178,0.000000,1.000000,-0.000000,0.182178,0.000000,0.983266),velocity=Vector3.new(3.643300, 0.004355, -19.663746),slideActive=false,wallhopFlick=false,humanoidState=8},
    {type="keyframe",time=0.383333,cframe=CFrame.new(2499.081543,2502.493164,2487.289062,0.983266,-0.000000,-0.182178,0.000000,1.000000,-0.000000,0.182178,0.000000,0.983266),velocity=Vector3.new(3.643460, 0.093912, -19.664726),slideActive=false,wallhopFlick=false,humanoidState=8},
    {type="keyframe",time=0.387500,cframe=CFrame.new(2499.096680,2502.493652,2487.207031,0.983266,-0.000000,-0.182178,0.000000,1.000000,-0.000000,0.182178,0.000000,0.983266),velocity=Vector3.new(3.643520, 0.136318, -19.665094),slideActive=false,wallhopFlick=false,humanoidState=8},
    {type="keyframe",time=0.391667,cframe=CFrame.new(2499.111816,2502.494385,2487.125000,0.983266,-0.000000,-0.182178,0.000000,1.000000,-0.000000,0.182178,0.000000,0.983266),velocity=Vector3.new(3.643542, 0.153185, -19.665232),slideActive=false,wallhopFlick=false,humanoidState=8},
    {type="keyframe",time=0.395833,cframe=CFrame.new(2499.126953,2502.495117,2487.042969,0.983266,-0.000000,-0.182178,0.000000,1.000000,-0.000000,0.182178,0.000000,0.983266),velocity=Vector3.new(3.643551, 0.153165, -19.665283),slideActive=false,wallhopFlick=false,humanoidState=8},
    {type="keyframe",time=0.400000,cframe=CFrame.new(2499.142090,2502.495605,2486.960938,0.983266,-0.000000,-0.182178,0.000000,1.000000,-0.000000,0.182178,0.000000,0.983266),velocity=Vector3.new(3.643554, 0.144000, -19.665302),slideActive=false,wallhopFlick=false,humanoidState=8},
    {type="keyframe",time=0.404167,cframe=CFrame.new(2499.157227,2502.496094,2486.878906,0.983266,-0.000000,-0.182178,0.000000,1.000000,-0.000000,0.182178,0.000000,0.983266),velocity=Vector3.new(3.643555, 0.132931, -19.665310),slideActive=false,wallhopFlick=false,humanoidState=8},
    {type="keyframe",time=0.408333,cframe=CFrame.new(2499.172363,2502.496582,2486.796875,0.983266,-0.000000,-0.182178,0.000000,1.000000,-0.000000,0.182178,0.000000,0.983266),velocity=Vector3.new(3.643556, 0.120833, -19.665312),slideActive=false,wallhopFlick=false,humanoidState=8},
    {type="keyframe",time=0.412500,cframe=CFrame.new(2499.187500,2502.497070,2486.714844,0.983266,-0.000000,-0.182178,0.000000,1.000000,-0.000000,0.182178,0.000000,0.983266),velocity=Vector3.new(3.643556, 0.108176, -19.665314),slideActive=false,wallhopFlick=false,humanoidState=8},
    {type="keyframe",time=0.416667,cframe=CFrame.new(2499.202637,2502.497559,2486.632812,0.983266,-0.000000,-0.182178,0.000000,1.000000,-0.000000,0.182178,0.000000,0.983266),velocity=Vector3.new(3.643556, 0.095216, -19.665314),slideActive=false,wallhopFlick=false,humanoidState=8},
    {type="keyframe",time=0.420833,cframe=CFrame.new(2499.217773,2502.497803,2486.550781,0.983266,-0.000000,-0.182178,0.000000,1.000000,-0.000000,0.182178,0.000000,0.983266),velocity=Vector3.new(3.643556, 0.082093, -19.665314),slideActive=false,wallhopFlick=false,humanoidState=8},
    {type="keyframe",time=0.425000,cframe=CFrame.new(2499.232910,2502.498047,2486.468750,0.983266,-0.000000,-0.182178,0.000000,1.000000,-0.000000,0.182178,0.000000,0.983266),velocity=Vector3.new(3.643556, 0.071933, -19.665314),slideActive=false,wallhopFlick=false,humanoidState=8},
    {type="keyframe",time=0.429167,cframe=CFrame.new(2499.248047,2502.498291,2486.386719,0.983266,-0.000000,-0.182178,0.000000,1.000000,-0.000000,0.182178,0.000000,0.983266),velocity=Vector3.new(3.643556, 0.063378, -19.665314),slideActive=false,wallhopFlick=false,humanoidState=8},
    {type="keyframe",time=0.433333,cframe=CFrame.new(2499.263184,2502.498535,2486.304688,0.983266,-0.000000,-0.182178,0.000000,1.000000,-0.000000,0.182178,0.000000,0.983266),velocity=Vector3.new(3.643556, 0.055692, -19.665314),slideActive=false,wallhopFlick=false,humanoidState=8},
    {type="keyframe",time=0.437500,cframe=CFrame.new(2499.278320,2502.498779,2486.222656,0.983266,-0.000000,-0.182178,0.000000,1.000000,-0.000000,0.182178,0.000000,0.983266),velocity=Vector3.new(3.643556, 0.048477, -19.665314),slideActive=false,wallhopFlick=false,humanoidState=8},
    {type="keyframe",time=0.441667,cframe=CFrame.new(2499.293457,2502.499023,2486.140625,0.983266,-0.000000,-0.182178,0.000000,1.000000,-0.000000,0.182178,0.000000,0.983266),velocity=Vector3.new(3.643556, 0.041517, -19.665314),slideActive=false,wallhopFlick=false,humanoidState=8},
    {type="keyframe",time=0.445833,cframe=CFrame.new(2499.308594,2502.499268,2486.058594,0.983266,-0.000000,-0.182178,0.000000,1.000000,-0.000000,0.182178,0.000000,0.983266),velocity=Vector3.new(3.643556, 0.034695, -19.665314),slideActive=false,wallhopFlick=false,humanoidState=8},
    {type="keyframe",time=0.450000,cframe=CFrame.new(2499.323730,2502.499268,2485.976562,0.983266,-0.000000,-0.182178,0.000000,1.000000,-0.000000,0.182178,0.000000,0.983266),velocity=Vector3.new(3.643556, 0.027949, -19.665314),slideActive=false,wallhopFlick=false,humanoidState=8},
    {type="keyframe",time=0.454167,cframe=CFrame.new(2499.338867,2502.499268,2485.894531,0.983266,-0.000000,-0.182178,0.000000,1.000000,-0.000000,0.182178,0.000000,0.983266),velocity=Vector3.new(3.643556, 0.024294, -19.665314),slideActive=false,wallhopFlick=false,humanoidState=8},
    {type="keyframe",time=0.462500,cframe=CFrame.new(2499.354004,2502.499268,2485.812500,0.983266,-0.000000,-0.182178,0.000000,1.000000,-0.000000,0.182178,0.000000,0.983266),velocity=Vector3.new(3.643556, 0.022315, -19.665314),slideActive=false,wallhopFlick=false,humanoidState=8},
    {type="keyframe",time=0.466667,cframe=CFrame.new(2499.384277,2502.499268,2485.648438,0.983266,-0.000000,-0.182178,-0.000000,1.000000,-0.000000,0.182178,0.000000,0.983266),velocity=Vector3.new(3.643556, 0.020661, -19.665314),slideActive=false,wallhopFlick=false,humanoidState=8},
    {type="keyframe",time=0.470833,cframe=CFrame.new(2499.399414,2502.499268,2485.566406,0.983266,0.000000,-0.182178,-0.000000,1.000000,0.000000,0.182178,-0.000000,0.983266),velocity=Vector3.new(3.643556, 0.020347, -19.665314),slideActive=false,wallhopFlick=false,humanoidState=8},
    {type="keyframe",time=0.475000,cframe=CFrame.new(2499.414551,2502.499268,2485.484375,0.983266,0.000000,-0.182178,-0.000000,1.000000,0.000000,0.182178,-0.000000,0.983266),velocity=Vector3.new(3.643556, 0.020176, -19.665314),slideActive=false,wallhopFlick=false,humanoidState=8},
    {type="keyframe",time=0.479167,cframe=CFrame.new(2499.429688,2502.499268,2485.402344,0.983266,0.000000,-0.182178,-0.000000,1.000000,0.000000,0.182178,-0.000000,0.983266),velocity=Vector3.new(3.643556, 0.020084, -19.665314),slideActive=false,wallhopFlick=false,humanoidState=8},
    {type="keyframe",time=0.483333,cframe=CFrame.new(2499.444824,2502.499268,2485.320312,0.983266,0.000000,-0.182178,-0.000000,1.000000,0.000000,0.182178,-0.000000,0.983266),velocity=Vector3.new(3.643556, 0.020034, -19.665314),slideActive=false,wallhopFlick=false,humanoidState=8},
    {type="keyframe",time=0.487500,cframe=CFrame.new(2499.459961,2502.499268,2485.238281,0.983266,0.000000,-0.182178,-0.000000,1.000000,0.000000,0.182178,-0.000000,0.983266),velocity=Vector3.new(3.643556, 0.020007, -19.665314),slideActive=false,wallhopFlick=false,humanoidState=8},
    {type="keyframe",time=0.491667,cframe=CFrame.new(2499.475098,2502.499268,2485.156250,0.983266,0.000000,-0.182178,-0.000000,1.000000,0.000000,0.182178,-0.000000,0.983266),velocity=Vector3.new(3.643556, 0.019992, -19.665314),slideActive=false,wallhopFlick=false,humanoidState=8},
    {type="keyframe",time=0.495833,cframe=CFrame.new(2499.490234,2502.499268,2485.074219,0.983266,0.000000,-0.182178,-0.000000,1.000000,0.000000,0.182178,-0.000000,0.983266),velocity=Vector3.new(3.643556, 0.019984, -19.665314),slideActive=false,wallhopFlick=false,humanoidState=8},
    {type="keyframe",time=0.500000,cframe=CFrame.new(2499.505371,2502.499268,2484.992188,0.983266,0.000000,-0.182178,-0.000000,1.000000,0.000000,0.182178,-0.000000,0.983266),velocity=Vector3.new(3.643556, 0.019980, -19.665314),slideActive=false,wallhopFlick=false,humanoidState=8},
    {type="keyframe",time=0.504167,cframe=CFrame.new(2499.520508,2502.499268,2484.910156,0.983266,0.000000,-0.182178,-0.000000,1.000000,0.000000,0.182178,-0.000000,0.983266),velocity=Vector3.new(3.643556, 0.019978, -19.665314),slideActive=false,wallhopFlick=false,humanoidState=8},
    {type="keyframe",time=0.508333,cframe=CFrame.new(2499.535645,2502.499268,2484.828125,0.983266,0.000000,-0.182178,-0.000000,1.000000,0.000000,0.182178,-0.000000,0.983266),velocity=Vector3.new(3.643556, 0.019977, -19.665314),slideActive=false,wallhopFlick=false,humanoidState=8},
    {type="keyframe",time=0.512500,cframe=CFrame.new(2499.550781,2502.499268,2484.746094,0.983266,0.000000,-0.182178,-0.000000,1.000000,0.000000,0.182178,-0.000000,0.983266),velocity=Vector3.new(3.643556, 0.019976, -19.665314),slideActive=false,wallhopFlick=false,humanoidState=8},
    {type="keyframe",time=0.516667,cframe=CFrame.new(2499.565918,2502.499268,2484.664062,0.983266,0.000000,-0.182178,-0.000000,1.000000,0.000000,0.182178,-0.000000,0.983266),velocity=Vector3.new(3.643556, 0.019976, -19.665314),slideActive=false,wallhopFlick=false,humanoidState=8},
    {type="keyframe",time=0.520833,cframe=CFrame.new(2499.581055,2502.499268,2484.582031,0.983266,0.000000,-0.182178,-0.000000,1.000000,0.000000,0.182178,-0.000000,0.983266),velocity=Vector3.new(3.643556, 0.019975, -19.665314),slideActive=false,wallhopFlick=false,humanoidState=8},
    {type="keyframe",time=0.525000,cframe=CFrame.new(2499.596191,2502.499268,2484.500000,0.983266,0.000000,-0.182178,-0.000000,1.000000,0.000000,0.182178,-0.000000,0.983266),velocity=Vector3.new(3.643556, 0.019975, -19.665314),slideActive=false,wallhopFlick=false,humanoidState=8},
    {type="keyframe",time=0.529167,cframe=CFrame.new(2499.611328,2502.499268,2484.417969,0.983266,0.000000,-0.182178,-0.000000,1.000000,0.000000,0.182178,-0.000000,0.983266),velocity=Vector3.new(3.643556, 0.019975, -19.665314),slideActive=false,wallhopFlick=false,humanoidState=8},
    {type="keyframe",time=0.533333,cframe=CFrame.new(2499.626465,2502.499268,2484.335938,0.983918,0.000000,-0.178618,-0.000000,1.000000,0.000000,0.178618,-0.000000,0.983918),velocity=Vector3.new(3.643556, 0.019975, -19.665314),slideActive=false,wallhopFlick=false,humanoidState=8},
    {type="keyframe",time=0.537500,cframe=CFrame.new(2499.641602,2502.499268,2484.253906,0.983918,0.000000,-0.178618,-0.000000,1.000000,0.000000,0.178618,-0.000000,0.983918),velocity=Vector3.new(3.643556, 0.019975, -19.665314),slideActive=false,wallhopFlick=false,humanoidState=8},
    {type="keyframe",time=0.541667,cframe=CFrame.new(2499.656494,2502.499268,2484.171875,0.984559,0.000000,-0.175055,-0.000000,1.000000,0.000000,0.175055,-0.000000,0.984559),velocity=Vector3.new(3.599060, 0.019975, -19.673473),slideActive=false,wallhopFlick=false,humanoidState=8},
    {type="keyframe",time=0.545833,cframe=CFrame.new(2499.671387,2502.499268,2484.089844,0.984559,0.000000,-0.175055,-0.000000,1.000000,0.000000,0.175055,-0.000000,0.984559),velocity=Vector3.new(3.582374, 0.019975, -19.676533),slideActive=false,wallhopFlick=false,humanoidState=8},
    {type="keyframe",time=0.550000,cframe=CFrame.new(2499.686035,2502.499268,2484.007812,0.985188,0.000000,-0.171477,-0.000000,1.000000,0.000000,0.171477,-0.000000,0.985188),velocity=Vector3.new(3.531574, 0.019975, -19.685684),slideActive=false,wallhopFlick=false,humanoidState=8},
    {type="keyframe",time=0.554167,cframe=CFrame.new(2499.700684,2502.499268,2483.925781,0.985188,0.000000,-0.171477,-0.000000,1.000000,0.000000,0.171477,-0.000000,0.985188),velocity=Vector3.new(3.512524, 0.019975, -19.689116),slideActive=false,wallhopFlick=false,humanoidState=8},
    {type="keyframe",time=0.558333,cframe=CFrame.new(2499.715088,2502.499268,2483.843750,0.986409,0.000000,-0.164308,-0.000000,1.000000,0.000000,0.164308,-0.000000,0.986409),velocity=Vector3.new(3.460663, 0.019975, -19.698269),slideActive=false,wallhopFlick=false,humanoidState=8},
    {type="keyframe",time=0.562500,cframe=CFrame.new(2499.729492,2502.499268,2483.761719,0.986409,0.000000,-0.164308,-0.000000,1.000000,0.000000,0.164308,-0.000000,0.986409),velocity=Vector3.new(3.441216, 0.019975, -19.701702),slideActive=false,wallhopFlick=false,humanoidState=8},
    {type="keyframe",time=0.566667,cframe=CFrame.new(2499.743408,2502.499268,2483.679443,0.987577,0.000000,-0.157134,-0.000000,1.000000,0.000000,0.157134,-0.000000,0.987577),velocity=Vector3.new(3.344309, 0.019975, -19.718254),slideActive=false,wallhopFlick=false,humanoidState=8},
    {type="keyframe",time=0.570833,cframe=CFrame.new(2499.757080,2502.499268,2483.597168,0.989231,0.000000,-0.146359,-0.000000,1.000000,0.000000,0.146359,-0.000000,0.989231),velocity=Vector3.new(3.307969, 0.019975, -19.724461),slideActive=false,wallhopFlick=false,humanoidState=8},
    {type="keyframe",time=0.575000,cframe=CFrame.new(2499.770508,2502.499268,2483.514893,0.989232,0.000000,-0.146359,0.000000,1.000000,0.000000,0.146359,-0.000000,0.989232),velocity=Vector3.new(3.204664, 0.019975, -19.741386),slideActive=false,wallhopFlick=false,humanoidState=8},
    {type="keyframe",time=0.583333,cframe=CFrame.new(2499.783203,2502.499268,2483.432617,0.991254,-0.000000,-0.131968,0.000000,1.000000,0.000000,0.131968,-0.000000,0.991254),velocity=Vector3.new(3.031237, 0.019975, -19.768412),slideActive=false,wallhopFlick=false,humanoidState=8},
    {type="keyframe",time=0.587500,cframe=CFrame.new(2499.807861,2502.499268,2483.267578,0.991254,-0.000000,-0.131968,0.000000,1.000000,-0.000000,0.131968,0.000000,0.991254),velocity=Vector3.new(2.941814, 0.019975, -19.782349),slideActive=false,wallhopFlick=false,humanoidState=8},
    {type="keyframe",time=0.595833,cframe=CFrame.new(2499.819336,2502.499268,2483.185059,0.994287,-0.000000,-0.106741,0.000000,1.000000,-0.000000,0.106741,0.000000,0.994287),velocity=Vector3.new(2.752782, 0.019975, -19.809055),slideActive=false,wallhopFlick=false,humanoidState=8},
    {type="keyframe",time=0.600000,cframe=CFrame.new(2499.839844,2502.499268,2483.019531,0.994287,-0.000000,-0.106741,0.000000,1.000000,-0.000000,0.106741,0.000000,0.994287),velocity=Vector3.new(2.407760, 0.019975, -19.853956),slideActive=false,wallhopFlick=false,humanoidState=8},
    {type="keyframe",time=0.604167,cframe=CFrame.new(2499.849121,2502.499268,2482.936768,0.994287,-0.000000,-0.106741,0.000000,1.000000,-0.000000,0.106741,0.000000,0.994287),velocity=Vector3.new(2.237167, 0.019975, -19.873819),slideActive=false,wallhopFlick=false,humanoidState=8},
