return {
    {type="keyframe",time=0.004167,cframe=CFrame.new(2495.409668,2503.499756,2494.192139,0.999974,0.000000,0.007198,-0.000000,1.000000,0.000000,-0.007198,-0.000000,0.999974),velocity=Vector3.new(0.000000, 0.006658, 0.000000),slideActive=false,wallhopFlick=false,humanoidState=8},
    {type="keyframe",time=0.008333,cframe=CFrame.new(2495.409668,2503.499756,2494.192139,0.999974,0.000000,0.007198,-0.000000,1.000000,0.000000,-0.007198,-0.000000,0.999974),velocity=Vector3.new(0.000000, 0.006658, 0.000000),slideActive=false,wallhopFlick=false,humanoidState=8},
    {type="keyframe",time=0.012500,cframe=CFrame.new(2495.409668,2503.499756,2494.192139,0.999974,0.000000,0.007198,-0.000000,1.000000,0.000000,-0.007198,-0.000000,0.999974),velocity=Vector3.new(0.000000, 0.006658, 0.000000),slideActive=false,wallhopFlick=false,humanoidState=8},
    {type="keyframe",time=0.016667,cframe=CFrame.new(2495.409668,2503.499756,2494.192139,0.999974,0.000000,0.007198,-0.000000,1.000000,0.000000,-0.007198,-0.000000,0.999974),velocity=Vector3.new(0.000000, 0.006658, 0.000000),slideActive=false,wallhopFlick=false,humanoidState=8},
    {type="keyframe",time=0.020833,cframe=CFrame.new(2495.409668,2503.499756,2494.192139,0.999974,0.000000,0.007198,-0.000000,1.000000,0.000000,-0.007198,-0.000000,0.999974),velocity=Vector3.new(0.000000, 0.006658, 0.000000),slideActive=false,wallhopFlick=false,humanoidState=8},
    {type="keyframe",time=0.025000,cframe=CFrame.new(2495.409668,2503.499756,2494.192139,0.999974,0.000000,0.007198,-0.000000,1.000000,0.000000,-0.007198,-0.000000,0.999974),velocity=Vector3.new(0.000000, 0.006658, 0.000000),slideActive=false,wallhopFlick=false,humanoidState=8},
    {type="keyframe",time=0.029167,cframe=CFrame.new(2495.409668,2503.499756,2494.192139,0.999974,0.000000,0.007198,-0.000000,1.000000,0.000000,-0.007198,-0.000000,0.999974),velocity=Vector3.new(0.000000, 0.006658, 0.000000),slideActive=false,wallhopFlick=false,humanoidState=8},
    {type="keyframe",time=0.033333,cframe=CFrame.new(2495.409668,2503.499756,2494.192139,0.999974,0.000000,0.007198,-0.000000,1.000000,0.000000,-0.007198,-0.000000,0.999974),velocity=Vector3.new(0.000000, 0.006658, 0.000000),slideActive=false,wallhopFlick=false,humanoidState=8},
    {type="keyframe",time=0.037500,cframe=CFrame.new(2495.409668,2503.499756,2494.192139,0.999974,0.000000,0.007198,-0.000000,1.000000,0.000000,-0.007198,-0.000000,0.999974),velocity=Vector3.new(0.000000, 0.006658, 0.000000),slideActive=false,wallhopFlick=false,humanoidState=8},
    {type="keyframe",time=0.041667,cframe=CFrame.new(2495.409668,2503.499756,2494.192139,-0.191440,0.000000,0.981504,0.000000,1.000000,0.000000,-0.981504,0.000000,-0.191440),velocity=Vector3.new(0.000000, 0.006658, 0.000000),slideActive=false,wallhopFlick=false,humanoidState=8},
    {type="keyframe",time=0.045833,cframe=CFrame.new(2495.407471,2503.499756,2494.181641,-0.187894,0.000000,0.982189,0.000000,1.000000,0.000000,-0.982189,0.000000,-0.187894),velocity=Vector3.new(-0.502156, 0.006658, -2.525690),slideActive=false,wallhopFlick=false,humanoidState=8},
    {type="keyframe",time=0.050000,cframe=CFrame.new(2495.403320,2503.499756,2494.160645,-0.187894,0.000000,0.982189,0.000000,1.000000,0.000000,-0.982189,0.000000,-0.187894),velocity=Vector3.new(-0.993790, 0.006658, -5.053449),slideActive=false,wallhopFlick=false,humanoidState=8},
    {type="keyframe",time=0.054167,cframe=CFrame.new(2495.397217,2503.499756,2494.129150,-0.187894,0.000000,0.982189,0.000000,1.000000,0.000000,-0.982189,0.000000,-0.187894),velocity=Vector3.new(-1.473090, 0.006658, -7.583575),slideActive=false,wallhopFlick=false,humanoidState=8},
    {type="keyframe",time=0.058333,cframe=CFrame.new(2495.389160,2503.499756,2494.086914,-0.184334,0.000000,0.982864,0.000000,1.000000,0.000000,-0.982864,0.000000,-0.184334),velocity=Vector3.new(-1.952391, 0.006658, -10.113702),slideActive=false,wallhopFlick=false,humanoidState=8},
    {type="keyframe",time=0.062500,cframe=CFrame.new(2495.378906,2503.499756,2494.034180,-0.184334,0.000000,0.982864,0.000000,1.000000,0.000000,-0.982864,0.000000,-0.184334),velocity=Vector3.new(-2.431691, 0.006658, -12.643828),slideActive=false,wallhopFlick=false,humanoidState=8},
    {type="keyframe",time=0.066667,cframe=CFrame.new(2495.366943,2503.499756,2493.970947,-0.180756,0.000000,0.983528,0.000000,1.000000,0.000000,-0.983528,0.000000,-0.180756),velocity=Vector3.new(-2.885249, 0.006658, -15.178696),slideActive=false,wallhopFlick=false,humanoidState=8},
    {type="keyframe",time=0.070833,cframe=CFrame.new(2495.353027,2503.499756,2493.897217,-0.180756,0.000000,0.983528,0.000000,1.000000,0.000000,-0.983528,0.000000,-0.180756),velocity=Vector3.new(-3.338807, 0.006658, -17.713564),slideActive=false,wallhopFlick=false,humanoidState=8},
    {type="keyframe",time=0.075000,cframe=CFrame.new(2495.338379,2503.499756,2493.818359,-0.177175,0.000000,0.984179,0.000000,1.000000,0.000000,-0.984179,0.000000,-0.177175),velocity=Vector3.new(-3.511531, 0.006658, -18.936682),slideActive=false,wallhopFlick=false,humanoidState=8},
    {type="keyframe",time=0.079167,cframe=CFrame.new(2495.323486,2503.499756,2493.737549,-0.177175,0.000000,0.984179,0.000000,1.000000,0.000000,-0.984179,0.000000,-0.177175),velocity=Vector3.new(-3.576302, 0.006658, -19.395350),slideActive=false,wallhopFlick=false,humanoidState=8},
    {type="keyframe",time=0.083333,cframe=CFrame.new(2495.308594,2503.499756,2493.656006,-0.173591,0.000000,0.984818,0.000000,1.000000,0.000000,-0.984818,0.000000,-0.173591),velocity=Vector3.new(-3.555858, 0.006658, -19.575487),slideActive=false,wallhopFlick=false,humanoidState=8},
    {type="keyframe",time=0.087500,cframe=CFrame.new(2495.293701,2503.499756,2493.574219,-0.170005,0.000000,0.985443,0.000000,1.000000,0.000000,-0.985443,0.000000,-0.170005),velocity=Vector3.new(-3.548191, 0.006658, -19.643040),slideActive=false,wallhopFlick=false,humanoidState=8},
    {type="keyframe",time=0.091667,cframe=CFrame.new(2495.279053,2503.499756,2493.492188,-0.170005,0.000000,0.985443,0.000000,1.000000,0.000000,-0.985443,0.000000,-0.170005),velocity=Vector3.new(-3.500553, 0.006658, -19.676346),slideActive=false,wallhopFlick=false,humanoidState=8},
    {type="keyframe",time=0.095833,cframe=CFrame.new(2495.264648,2503.499756,2493.410156,-0.166462,0.000000,0.986048,0.000000,1.000000,0.000000,-0.986048,0.000000,-0.166462),velocity=Vector3.new(-3.437978, 0.006658, -19.696634),slideActive=false,wallhopFlick=false,humanoidState=8},
    {type="keyframe",time=0.100000,cframe=CFrame.new(2495.250488,2503.499756,2493.328125,-0.166462,0.000000,0.986048,0.000000,1.000000,0.000000,-0.986048,0.000000,-0.166462),velocity=Vector3.new(-3.414513, 0.006658, -19.704243),slideActive=false,wallhopFlick=false,humanoidState=8},
    {type="keyframe",time=0.104167,cframe=CFrame.new(2495.236572,2503.499756,2493.246094,-0.162902,0.000000,0.986642,0.000000,1.000000,0.000000,-0.986642,0.000000,-0.162902),velocity=Vector3.new(-3.361062, 0.006658, -19.714716),slideActive=false,wallhopFlick=false,humanoidState=8},
    {type="keyframe",time=0.108333,cframe=CFrame.new(2495.222656,2503.499756,2493.163818,-0.162902,0.000000,0.986642,0.000000,1.000000,0.000000,-0.986642,0.000000,-0.162902),velocity=Vector3.new(-3.341018, 0.006658, -19.718643),slideActive=false,wallhopFlick=false,humanoidState=8},
    {type="keyframe",time=0.112500,cframe=CFrame.new(2495.208984,2503.499756,2493.081543,-0.159301,0.000000,0.987230,0.000000,1.000000,0.000000,-0.987230,0.000000,-0.159301),velocity=Vector3.new(-3.288911, 0.006658, -19.727560),slideActive=false,wallhopFlick=false,humanoidState=8},
    {type="keyframe",time=0.116667,cframe=CFrame.new(2495.195312,2503.504883,2492.999268,-0.159270,0.000000,0.987235,0.000000,1.000000,0.000000,-0.987235,0.000000,-0.159270),velocity=Vector3.new(-3.269371, 1.257879, -19.730904),slideActive=false,wallhopFlick=false,humanoidState=8},
    {type="keyframe",time=0.120833,cframe=CFrame.new(2495.181885,2503.522949,2492.916992,-0.155649,0.000000,0.987812,0.000000,1.000000,0.000000,-0.987812,0.000000,-0.155649),velocity=Vector3.new(-3.217037, 4.364823, -19.739504),slideActive=false,wallhopFlick=false,humanoidState=8},
    {type="keyframe",time=0.125000,cframe=CFrame.new(2495.168457,2503.552490,2492.834717,-0.155660,0.000000,0.987811,0.000000,1.000000,0.000000,-0.987811,0.000000,-0.155660),velocity=Vector3.new(-3.197412, 7.073142, -19.742729),slideActive=false,wallhopFlick=false,humanoidState=8},
    {type="keyframe",time=0.129167,cframe=CFrame.new(2495.155273,2503.591797,2492.752441,-0.152062,0.000000,0.988371,0.000000,1.000000,0.000000,-0.988371,0.000000,-0.152062),velocity=Vector3.new(-3.145019, 9.422106, -19.751120),slideActive=false,wallhopFlick=false,humanoidState=8},
    {type="keyframe",time=0.133333,cframe=CFrame.new(2495.142334,2503.634277,2492.670166,-0.152084,0.000000,0.988368,0.000000,1.000000,0.000000,-0.988368,0.000000,-0.152084),velocity=Vector3.new(-3.125372, 10.203128, -19.754265),slideActive=false,wallhopFlick=false,humanoidState=8},
    {type="keyframe",time=0.137500,cframe=CFrame.new(2495.129639,2503.676270,2492.587891,-0.148482,0.000000,0.988915,0.000000,1.000000,0.000000,-0.988915,0.000000,-0.148482),velocity=Vector3.new(-3.073017, 10.095176, -19.762451),slideActive=false,wallhopFlick=false,humanoidState=8},
    {type="keyframe",time=0.141667,cframe=CFrame.new(2495.116943,2503.715820,2492.505615,-0.148503,0.000000,0.988912,0.000000,1.000000,0.000000,-0.988912,0.000000,-0.148503),velocity=Vector3.new(-3.053384, 9.511799, -19.765520),slideActive=false,wallhopFlick=false,humanoidState=8},
    {type="keyframe",time=0.145833,cframe=CFrame.new(2495.104492,2503.752197,2492.423340,-0.144892,0.000000,0.989447,0.000000,1.000000,0.000000,-0.989447,0.000000,-0.144892),velocity=Vector3.new(-3.001008, 8.701419, -19.773514),slideActive=false,wallhopFlick=false,humanoidState=8},
    {type="keyframe",time=0.150000,cframe=CFrame.new(2495.092041,2503.784668,2492.340820,-0.144844,0.000000,0.989454,0.000000,1.000000,0.000000,-0.989454,0.000000,-0.144844),velocity=Vector3.new(-2.981367, 7.807751, -19.776512),slideActive=false,wallhopFlick=false,humanoidState=8},
    {type="keyframe",time=0.154167,cframe=CFrame.new(2495.079834,2503.813477,2492.258301,-0.141240,0.000000,0.989975,0.000000,1.000000,0.000000,-0.989975,0.000000,-0.141240),velocity=Vector3.new(-2.928963, 6.917797, -19.784315),slideActive=false,wallhopFlick=false,humanoidState=8},
    {type="keyframe",time=0.158333,cframe=CFrame.new(2495.067627,2503.838867,2492.175781,-0.141257,0.000000,0.989973,0.000000,1.000000,0.000000,-0.989973,0.000000,-0.141257),velocity=Vector3.new(-2.909312, 6.075631, -19.787241),slideActive=false,wallhopFlick=false,humanoidState=8},
    {type="keyframe",time=0.162500,cframe=CFrame.new(2495.055664,2503.860840,2492.093262,-0.141283,0.000000,0.989969,0.000000,1.000000,0.000000,-0.989969,0.000000,-0.141283),velocity=Vector3.new(-2.856869, 5.302075, -19.794853),slideActive=false,wallhopFlick=false,humanoidState=8},
    {type="keyframe",time=0.166667,cframe=CFrame.new(2495.043945,2503.874756,2492.010742,-0.141256,0.000000,0.989973,0.000000,1.000000,0.000000,-0.989973,0.000000,-0.141256),velocity=Vector3.new(-2.837203, 3.357187, -19.797709),slideActive=false,wallhopFlick=false,humanoidState=8},
    {type="keyframe",time=0.170833,cframe=CFrame.new(2495.032227,2503.885254,2491.928223,-0.137689,0.000000,0.990476,0.000000,1.000000,0.000000,-0.990476,0.000000,-0.137689),velocity=Vector3.new(-2.829828, 2.539687, -19.798779),slideActive=false,wallhopFlick=false,humanoidState=8},
    {type="keyframe",time=0.175000,cframe=CFrame.new(2495.020508,2503.876221,2491.845703,-0.137675,0.000000,0.990477,0.000000,1.000000,0.000000,-0.990477,0.000000,-0.137675),velocity=Vector3.new(-2.827062, -2.188789, -19.799181),slideActive=false,wallhopFlick=false,humanoidState=8},
    {type="keyframe",time=0.179167,cframe=CFrame.new(2495.009033,2503.855713,2491.763184,-0.134090,0.000000,0.990969,0.000000,1.000000,0.000000,-0.990969,0.000000,-0.134090),velocity=Vector3.new(-2.781186, -4.935595, -19.805649),slideActive=false,wallhopFlick=false,humanoidState=8},
    {type="keyframe",time=0.183333,cframe=CFrame.new(2494.997559,2503.828857,2491.680664,-0.130485,0.000000,0.991450,0.000000,1.000000,0.000000,-0.991450,0.000000,-0.130485),velocity=Vector3.new(-2.763982, -6.423447, -19.808073),slideActive=false,wallhopFlick=false,humanoidState=8},
    {type="keyframe",time=0.187500,cframe=CFrame.new(2494.986328,2503.798584,2491.598145,-0.130533,0.000000,0.991444,0.000000,1.000000,0.000000,-0.991444,0.000000,-0.130533),velocity=Vector3.new(-2.712668, -7.240947, -19.815136),slideActive=false,wallhopFlick=false,humanoidState=8},
    {type="keyframe",time=0.191667,cframe=CFrame.new(2494.975342,2503.764893,2491.515625,-0.130516,0.000000,0.991446,0.000000,1.000000,0.000000,-0.991446,0.000000,-0.130516),velocity=Vector3.new(-2.648606, -8.058447, -19.823767),slideActive=false,wallhopFlick=false,humanoidState=8},
    {type="keyframe",time=0.195833,cframe=CFrame.new(2494.964355,2503.728027,2491.433105,-0.130494,0.000000,0.991449,0.000000,1.000000,0.000000,-0.991449,0.000000,-0.130494),velocity=Vector3.new(-2.624583, -8.875947, -19.827003),slideActive=false,wallhopFlick=false,humanoidState=8},
    {type="keyframe",time=0.200000,cframe=CFrame.new(2494.953369,2503.687744,2491.350586,-0.126894,0.000000,0.991916,0.000000,1.000000,0.000000,-0.991916,0.000000,-0.126894),velocity=Vector3.new(-2.615574, -9.693447, -19.828217),slideActive=false,wallhopFlick=false,humanoidState=8},
    {type="keyframe",time=0.204167,cframe=CFrame.new(2494.942383,2503.644043,2491.268066,-0.126892,0.000000,0.991917,0.000000,1.000000,0.000000,-0.991917,0.000000,-0.126892),velocity=Vector3.new(-2.612195, -10.510947, -19.828672),slideActive=false,wallhopFlick=false,humanoidState=8},
    {type="keyframe",time=0.208333,cframe=CFrame.new(2494.931641,2503.596924,2491.185303,-0.123317,0.000000,0.992367,0.000000,1.000000,0.000000,-0.992367,0.000000,-0.123317),velocity=Vector3.new(-2.565907, -11.328447, -19.834686),slideActive=false,wallhopFlick=false,humanoidState=8},
    {type="keyframe",time=0.212500,cframe=CFrame.new(2494.921143,2503.546387,2491.102539,-0.119669,0.000000,0.992814,0.000000,1.000000,0.000000,-0.992814,0.000000,-0.119669),velocity=Vector3.new(-2.548548, -12.145947, -19.836941),slideActive=false,wallhopFlick=false,humanoidState=8},
    {type="keyframe",time=0.216667,cframe=CFrame.new(2494.910645,2503.492432,2491.019775,-0.119695,0.000000,0.992811,0.000000,1.000000,0.000000,-0.992811,0.000000,-0.119695),velocity=Vector3.new(-2.496879, -12.963448, -19.843481),slideActive=false,wallhopFlick=false,humanoidState=8},
    {type="keyframe",time=0.220833,cframe=CFrame.new(2494.900391,2503.463623,2490.937012,-0.116101,0.000000,0.993237,0.000000,1.000000,0.000000,-0.993237,0.000000,-0.116101),velocity=Vector3.new(-2.432383, -6.927263, -19.851458),slideActive=false,wallhopFlick=false,humanoidState=8},
    {type="keyframe",time=0.225000,cframe=CFrame.new(2494.890381,2503.449951,2490.854248,-0.116054,0.000000,0.993243,0.000000,1.000000,0.000000,-0.993243,0.000000,-0.116054),velocity=Vector3.new(-2.408196, -3.297555, -19.854448),slideActive=false,wallhopFlick=false,humanoidState=8},
    {type="keyframe",time=0.229167,cframe=CFrame.new(2494.880615,2503.445068,2490.771484,-0.116058,0.000000,0.993243,0.000000,1.000000,0.000000,-0.993243,0.000000,-0.116058),velocity=Vector3.new(-2.353985, -1.160566, -19.860926),slideActive=false,wallhopFlick=false,humanoidState=8},
    {type="keyframe",time=0.233333,cframe=CFrame.new(2494.870850,2503.445312,2490.688721,-0.116058,0.000000,0.993243,0.000000,1.000000,0.000000,-0.993243,0.000000,-0.116058),velocity=Vector3.new(-2.333655, 0.058006, -19.863356),slideActive=false,wallhopFlick=false,humanoidState=8},
    {type="keyframe",time=0.237500,cframe=CFrame.new(2494.861084,2503.448242,2490.605957,-0.116092,0.000000,0.993238,0.000000,1.000000,0.000000,-0.993238,0.000000,-0.116092),velocity=Vector3.new(-2.326032, 0.715014, -19.864265),slideActive=false,wallhopFlick=false,humanoidState=8},
    {type="keyframe",time=0.241667,cframe=CFrame.new(2494.851318,2503.452637,2490.523193,-0.116088,0.000000,0.993239,0.000000,1.000000,0.000000,-0.993239,0.000000,-0.116088),velocity=Vector3.new(-2.323173, 1.034272, -19.864607),slideActive=false,wallhopFlick=false,humanoidState=8},
    {type="keyframe",time=0.245833,cframe=CFrame.new(2494.841553,2503.457520,2490.440430,-0.116084,0.000000,0.993239,0.000000,1.000000,0.000000,-0.993239,0.000000,-0.116084),velocity=Vector3.new(-2.322101, 1.152272, -19.864735),slideActive=false,wallhopFlick=false,humanoidState=8},
    {type="keyframe",time=0.254167,cframe=CFrame.new(2494.831787,2503.462402,2490.357666,-0.116087,0.000000,0.993239,0.000000,1.000000,0.000000,-0.993239,0.000000,-0.116087),velocity=Vector3.new(-2.321699, 1.155153, -19.864784),slideActive=false,wallhopFlick=false,humanoidState=8},
    {type="keyframe",time=0.258333,cframe=CFrame.new(2494.812256,2503.471191,2490.192139,-0.112477,0.000000,0.993654,0.000000,1.000000,0.000000,-0.993654,0.000000,-0.112477),velocity=Vector3.new(-2.321492, 1.005480, -19.864809),slideActive=false,wallhopFlick=false,humanoidState=8},
    {type="keyframe",time=0.262500,cframe=CFrame.new(2494.802734,2503.474854,2490.109375,-0.112458,0.000000,0.993657,0.000000,1.000000,0.000000,-0.993657,0.000000,-0.112458),velocity=Vector3.new(-2.276310, 0.904742, -19.870007),slideActive=false,wallhopFlick=false,humanoidState=8},
    {type="keyframe",time=0.270833,cframe=CFrame.new(2494.793213,2503.478271,2490.026611,-0.112439,0.000000,0.993659,0.000000,1.000000,0.000000,-0.993659,0.000000,-0.112439),velocity=Vector3.new(-2.259367, 0.804400, -19.871956),slideActive=false,wallhopFlick=false,humanoidState=8},
    {type="keyframe",time=0.275000,cframe=CFrame.new(2494.774658,2503.483887,2489.861084,-0.108852,0.000000,0.994058,0.000000,1.000000,0.000000,-0.994058,0.000000,-0.108852),velocity=Vector3.new(-2.250631, 0.618119, -19.872961),slideActive=false,wallhopFlick=false,humanoidState=8},
    {type="keyframe",time=0.279167,cframe=CFrame.new(2494.765381,2503.486084,2489.778320,-0.108871,0.000000,0.994056,0.000000,1.000000,0.000000,-0.994056,0.000000,-0.108871),velocity=Vector3.new(-2.249738, 0.536230, -19.873064),slideActive=false,wallhopFlick=false,humanoidState=8},
    {type="keyframe",time=0.283333,cframe=CFrame.new(2494.756104,2503.488037,2489.695557,-0.108898,0.000000,0.994053,0.000000,1.000000,0.000000,-0.994053,0.000000,-0.108898),velocity=Vector3.new(-2.204522, 0.464408, -19.878099),slideActive=false,wallhopFlick=false,humanoidState=8},
    {type="keyframe",time=0.287500,cframe=CFrame.new(2494.747070,2503.489746,2489.612793,-0.108857,0.000000,0.994057,0.000000,1.000000,0.000000,-0.994057,0.000000,-0.108857),velocity=Vector3.new(-2.187566, 0.401091, -19.879988),slideActive=false,wallhopFlick=false,humanoidState=8},
    {type="keyframe",time=0.291667,cframe=CFrame.new(2494.738037,2503.491211,2489.530029,-0.108871,0.000000,0.994056,0.000000,1.000000,0.000000,-0.994056,0.000000,-0.108871),velocity=Vector3.new(-2.181208, 0.345431, -19.880695),slideActive=false,wallhopFlick=false,humanoidState=8},
    {type="keyframe",time=0.295833,cframe=CFrame.new(2494.729004,2503.492432,2489.447266,-0.108884,0.000000,0.994054,0.000000,1.000000,0.000000,-0.994054,0.000000,-0.108884),velocity=Vector3.new(-2.178823, 0.296972, -19.880960),slideActive=false,wallhopFlick=false,humanoidState=8},
    {type="keyframe",time=0.300000,cframe=CFrame.new(2494.719971,2503.493408,2489.364502,-0.108897,0.000000,0.994053,0.000000,1.000000,0.000000,-0.994053,0.000000,-0.108897),velocity=Vector3.new(-2.177929, 0.255464, -19.881062),slideActive=false,wallhopFlick=false,humanoidState=8},
    {type="keyframe",time=0.304167,cframe=CFrame.new(2494.710938,2503.494385,2489.281738,-0.105274,0.000000,0.994443,0.000000,1.000000,0.000000,-0.994443,0.000000,-0.105274),velocity=Vector3.new(-2.177594, 0.220774, -19.881098),slideActive=false,wallhopFlick=false,humanoidState=8},
    {type="keyframe",time=0.308333,cframe=CFrame.new(2494.701904,2503.495117,2489.198975,-0.105280,0.000000,0.994443,0.000000,1.000000,0.000000,-0.994443,0.000000,-0.105280),velocity=Vector3.new(-2.177468, 0.189776, -19.881111),slideActive=false,wallhopFlick=false,humanoidState=8},
    {type="keyframe",time=0.312500,cframe=CFrame.new(2494.693115,2503.495850,2489.116211,-0.105293,0.000000,0.994441,0.000000,1.000000,0.000000,-0.994441,0.000000,-0.105293),velocity=Vector3.new(-2.132461, 0.163831, -19.885958),slideActive=false,wallhopFlick=false,humanoidState=8},
    {type="keyframe",time=0.316667,cframe=CFrame.new(2494.684326,2503.496338,2489.033447,-0.105293,0.000000,0.994441,0.000000,1.000000,0.000000,-0.994441,0.000000,-0.105293),velocity=Vector3.new(-2.115583, 0.140621, -19.887775),slideActive=false,wallhopFlick=false,humanoidState=8},
    {type="keyframe",time=0.320833,cframe=CFrame.new(2494.675537,2503.496826,2488.950684,-0.101668,0.000000,0.994818,0.000000,1.000000,0.000000,-0.994818,0.000000,-0.101668),velocity=Vector3.new(-2.109254, 0.121946, -19.888456),slideActive=false,wallhopFlick=false,humanoidState=8},
    {type="keyframe",time=0.325000,cframe=CFrame.new(2494.666748,2503.497314,2488.867920,-0.101674,0.000000,0.994818,0.000000,1.000000,0.000000,-0.994818,0.000000,-0.101674),velocity=Vector3.new(-2.106881, 0.105727, -19.888712),slideActive=false,wallhopFlick=false,humanoidState=8},
    {type="keyframe",time=0.329167,cframe=CFrame.new(2494.658203,2503.497803,2488.784912,-0.101674,0.000000,0.994818,0.000000,1.000000,0.000000,-0.994818,0.000000,-0.101674),velocity=Vector3.new(-2.061015, 0.090838, -19.893488),slideActive=false,wallhopFlick=false,humanoidState=8},
    {type="keyframe",time=0.333333,cframe=CFrame.new(2494.649658,2503.498047,2488.701904,-0.101680,0.000000,0.994817,0.000000,1.000000,0.000000,-0.994817,0.000000,-0.101680),velocity=Vector3.new(-2.043815, 0.076670, -19.895279),slideActive=false,wallhopFlick=false,humanoidState=8},
    {type="keyframe",time=0.341667,cframe=CFrame.new(2494.641113,2503.498291,2488.618896,-0.098052,0.000000,0.995181,0.000000,1.000000,0.000000,-0.995181,0.000000,-0.098052),velocity=Vector3.new(-2.037365, 0.065943, -19.895950),slideActive=false,wallhopFlick=false,humanoidState=8},
    {type="keyframe",time=0.345833,cframe=CFrame.new(2494.624023,2503.498779,2488.452881,-0.094432,0.000000,0.995531,0.000000,1.000000,0.000000,-0.995531,0.000000,-0.094432),velocity=Vector3.new(-2.034039, 0.049230, -19.896296),slideActive=false,wallhopFlick=false,humanoidState=8},
    {type="keyframe",time=0.350000,cframe=CFrame.new(2494.615723,2503.499023,2488.369873,-0.094432,0.000000,0.995531,0.000000,1.000000,0.000000,-0.995531,0.000000,-0.094432),velocity=Vector3.new(-1.988756, 0.041925, -19.900843),slideActive=false,wallhopFlick=false,humanoidState=8},
    {type="keyframe",time=0.354167,cframe=CFrame.new(2494.607666,2503.499268,2488.286865,-0.090833,0.000000,0.995866,0.000000,1.000000,0.000000,-0.995866,0.000000,-0.090833),velocity=Vector3.new(-1.926394, 0.034916, -19.906939),slideActive=false,wallhopFlick=false,humanoidState=8},
    {type="keyframe",time=0.358333,cframe=CFrame.new(2494.599854,2503.499268,2488.203857,-0.090833,0.000000,0.995866,0.000000,1.000000,0.000000,-0.995866,0.000000,-0.090833),velocity=Vector3.new(-1.903008, 0.028068, -19.909224),slideActive=false,wallhopFlick=false,humanoidState=8},
    {type="keyframe",time=0.362500,cframe=CFrame.new(2494.592041,2503.499268,2488.120850,-0.087233,0.000000,0.996188,0.000000,1.000000,0.000000,-0.996188,0.000000,-0.087233),velocity=Vector3.new(-1.848962, 0.024359, -19.914291),slideActive=false,wallhopFlick=false,humanoidState=8},
    {type="keyframe",time=0.370833,cframe=CFrame.new(2494.584717,2503.499268,2488.037842,-0.083571,0.000000,0.996502,0.000000,1.000000,0.000000,-0.996502,0.000000,-0.083571),velocity=Vector3.new(-1.783448, 0.022350, -19.920237),slideActive=false,wallhopFlick=false,humanoidState=8},
    {type="keyframe",time=0.379167,cframe=CFrame.new(2494.570068,2503.499268,2487.871826,-0.079924,0.000000,0.996801,0.000000,1.000000,0.000000,-0.996801,0.000000,-0.079924),velocity=Vector3.new(-1.749668, 0.020672, -19.923302),slideActive=false,wallhopFlick=false,humanoidState=8},
    {type="keyframe",time=0.383333,cframe=CFrame.new(2494.555908,2503.499268,2487.705811,-0.072725,0.000000,0.997352,0.000000,1.000000,0.000000,-0.997352,0.000000,-0.072725),velocity=Vector3.new(-1.682683, 0.020180, -19.929068),slideActive=false,wallhopFlick=false,humanoidState=8},
    {type="keyframe",time=0.387500,cframe=CFrame.new(2494.549072,2503.499268,2487.622803,-0.072725,0.000000,0.997352,0.000000,1.000000,0.000000,-0.997352,0.000000,-0.072725),velocity=Vector3.new(-1.630380, 0.020086, -19.933386),slideActive=false,wallhopFlick=false,humanoidState=8},
    {type="keyframe",time=0.391667,cframe=CFrame.new(2494.542725,2503.499268,2487.539795,-0.069096,0.000000,0.997610,0.000000,1.000000,0.000000,-0.997610,0.000000,-0.069096),velocity=Vector3.new(-1.520140, 0.020035, -19.941944),slideActive=false,wallhopFlick=false,humanoidState=8},
    {type="keyframe",time=0.395833,cframe=CFrame.new(2494.536621,2503.499268,2487.456787,-0.069096,0.000000,0.997610,0.000000,1.000000,0.000000,-0.997610,0.000000,-0.069096),velocity=Vector3.new(-1.478800, 0.020008, -19.945152),slideActive=false,wallhopFlick=false,humanoidState=8},
    {type="keyframe",time=0.404167,cframe=CFrame.new(2494.530762,2503.499268,2487.373779,-0.061838,0.000000,0.998086,0.000000,1.000000,0.000000,-0.998086,0.000000,-0.061838),velocity=Vector3.new(-1.418247, 0.019993, -19.949556),slideActive=false,wallhopFlick=false,humanoidState=8},
    {type="keyframe",time=0.408333,cframe=CFrame.new(2494.519043,2503.499268,2487.207275,-0.058268,0.000000,0.998301,0.000000,1.000000,0.000000,-0.998301,0.000000,-0.058268),velocity=Vector3.new(-1.387025, 0.019980, -19.951828),slideActive=false,wallhopFlick=false,humanoidState=8},
    {type="keyframe",time=0.412500,cframe=CFrame.new(2494.513672,2503.499268,2487.124023,-0.058268,0.000000,0.998301,0.000000,1.000000,0.000000,-0.998301,0.000000,-0.058268),velocity=Vector3.new(-1.293203, 0.019978, -19.958008),slideActive=false,wallhopFlick=false,humanoidState=8},
    {type="keyframe",time=0.416667,cframe=CFrame.new(2494.508545,2503.499268,2487.040771,-0.054639,0.000000,0.998506,0.000000,1.000000,0.000000,-0.998506,0.000000,-0.054639),velocity=Vector3.new(-1.212967, 0.019977, -19.963036),slideActive=false,wallhopFlick=false,humanoidState=8},
    {type="keyframe",time=0.420833,cframe=CFrame.new(2494.503662,2503.499268,2486.957520,-0.051009,0.000000,0.998698,0.000000,1.000000,0.000000,-0.998698,0.000000,-0.051009),velocity=Vector3.new(-1.182878, 0.019976, -19.964920),slideActive=false,wallhopFlick=false,humanoidState=8},
    {type="keyframe",time=0.425000,cframe=CFrame.new(2494.499023,2503.499268,2486.874268,-0.051009,0.000000,0.998698,0.000000,1.000000,0.000000,-0.998698,0.000000,-0.051009),velocity=Vector3.new(-1.126531, 0.019976, -19.968174),slideActive=false,wallhopFlick=false,humanoidState=8},
    {type="keyframe",time=0.429167,cframe=CFrame.new(2494.494629,2503.499268,2486.791016,-0.051009,0.000000,0.998698,0.000000,1.000000,0.000000,-0.998698,0.000000,-0.051009),velocity=Vector3.new(-1.060328, 0.019975, -19.971779),slideActive=false,wallhopFlick=false,humanoidState=8},
    {type="keyframe",time=0.433333,cframe=CFrame.new(2494.490234,2503.499268,2486.707764,-0.051009,0.000000,0.998698,0.000000,1.000000,0.000000,-0.998698,0.000000,-0.051009),velocity=Vector3.new(-1.035502, 0.019975, -19.973131),slideActive=false,wallhopFlick=false,humanoidState=8},
    {type="keyframe",time=0.437500,cframe=CFrame.new(2494.485840,2503.499268,2486.624512,-0.051009,0.000000,0.998698,0.000000,1.000000,0.000000,-0.998698,0.000000,-0.051009),velocity=Vector3.new(-1.026193, 0.019975, -19.973639),slideActive=false,wallhopFlick=false,humanoidState=8},
    {type="keyframe",time=0.441667,cframe=CFrame.new(2494.481689,2503.499268,2486.541260,-0.051009,0.000000,0.998698,0.000000,1.000000,0.000000,-0.998698,0.000000,-0.051009),velocity=Vector3.new(-1.022702, 0.019975, -19.973827),slideActive=false,wallhopFlick=false,humanoidState=8},
    {type="keyframe",time=0.445833,cframe=CFrame.new(2494.477539,2503.499268,2486.458008,-0.051009,0.000000,0.998698,0.000000,1.000000,0.000000,-0.998698,0.000000,-0.051009),velocity=Vector3.new(-1.021392, 0.019975, -19.973900),slideActive=false,wallhopFlick=false,humanoidState=8},
    {type="keyframe",time=0.454167,cframe=CFrame.new(2494.473389,2503.499268,2486.374756,-0.051009,0.000000,0.998698,0.000000,1.000000,0.000000,-0.998698,0.000000,-0.051009),velocity=Vector3.new(-1.020901, 0.019975, -19.973927),slideActive=false,wallhopFlick=false,humanoidState=8},
    {type="keyframe",time=0.458333,cframe=CFrame.new(2494.465088,2503.499268,2486.208252,-0.051009,0.000000,0.998698,0.000000,1.000000,0.000000,-0.998698,0.000000,-0.051009),velocity=Vector3.new(-1.020648, 0.019975, -19.973940),slideActive=false,wallhopFlick=false,humanoidState=8},
    {type="keyframe",time=0.462500,cframe=CFrame.new(2494.460938,2503.499268,2486.125000,-0.051009,0.000000,0.998698,0.000000,1.000000,0.000000,-0.998698,0.000000,-0.051009),velocity=Vector3.new(-1.020622, 0.019975, -19.973942),slideActive=false,wallhopFlick=false,humanoidState=8},
    {type="keyframe",time=0.466667,cframe=CFrame.new(2494.456787,2503.499268,2486.041748,-0.051009,0.000000,0.998698,0.000000,1.000000,0.000000,-0.998698,0.000000,-0.051009),velocity=Vector3.new(-1.020613, 0.019975, -19.973942),slideActive=false,wallhopFlick=false,humanoidState=8},
    {type="keyframe",time=0.475000,cframe=CFrame.new(2494.452637,2503.499268,2485.958496,-0.051009,0.000000,0.998698,0.000000,1.000000,0.000000,-0.998698,0.000000,-0.051009),velocity=Vector3.new(-1.020609, 0.019975, -19.973942),slideActive=false,wallhopFlick=false,humanoidState=8},
    {type="keyframe",time=0.479167,cframe=CFrame.new(2494.444336,2503.499268,2485.791992,-0.051009,0.000000,0.998698,0.000000,1.000000,0.000000,-0.998698,0.000000,-0.051009),velocity=Vector3.new(-1.020607, 0.019975, -19.973942),slideActive=false,wallhopFlick=false,humanoidState=8},
    {type="keyframe",time=0.483333,cframe=CFrame.new(2494.440186,2503.499268,2485.708740,-0.051009,0.000000,0.998698,0.000000,1.000000,0.000000,-0.998698,0.000000,-0.051009),velocity=Vector3.new(-1.020607, 0.019975, -19.973942),slideActive=false,wallhopFlick=false,humanoidState=8},
    {type="keyframe",time=0.487500,cframe=CFrame.new(2494.436035,2503.499268,2485.625488,-0.051009,0.000000,0.998698,0.000000,1.000000,0.000000,-0.998698,0.000000,-0.051009),velocity=Vector3.new(-1.020607, 0.019975, -19.973942),slideActive=false,wallhopFlick=false,humanoidState=8},
    {type="keyframe",time=0.495833,cframe=CFrame.new(2494.431885,2503.499268,2485.542236,-0.051009,0.000000,0.998698,0.000000,1.000000,0.000000,-0.998698,0.000000,-0.051009),velocity=Vector3.new(-1.020607, 0.019975, -19.973942),slideActive=false,wallhopFlick=false,humanoidState=8},
    {type="keyframe",time=0.500000,cframe=CFrame.new(2494.423584,2503.499268,2485.375732,-0.051009,0.000000,0.998698,0.000000,1.000000,0.000000,-0.998698,0.000000,-0.051009),velocity=Vector3.new(-1.020607, 0.019975, -19.973942),slideActive=false,wallhopFlick=false,humanoidState=8},
    {type="keyframe",time=0.504167,cframe=CFrame.new(2494.419434,2503.499268,2485.292480,-0.051009,0.000000,0.998698,0.000000,1.000000,0.000000,-0.998698,0.000000,-0.051009),velocity=Vector3.new(-1.020607, 0.019975, -19.973942),slideActive=false,wallhopFlick=false,humanoidState=8},
    {type="keyframe",time=0.508333,cframe=CFrame.new(2494.415283,2503.499268,2485.209229,-0.051009,0.000000,0.998698,0.000000,1.000000,0.000000,-0.998698,0.000000,-0.051009),velocity=Vector3.new(-1.020607, 0.019975, -19.973942),slideActive=false,wallhopFlick=false,humanoidState=8},
    {type="keyframe",time=0.512500,cframe=CFrame.new(2494.411133,2503.499268,2485.125977,-0.051009,0.000000,0.998698,0.000000,1.000000,0.000000,-0.998698,0.000000,-0.051009),velocity=Vector3.new(-1.020607, 0.019975, -19.973942),slideActive=false,wallhopFlick=false,humanoidState=8},
    {type="keyframe",time=0.516667,cframe=CFrame.new(2494.406982,2503.499268,2485.042725,-0.051009,0.000000,0.998698,0.000000,1.000000,0.000000,-0.998698,0.000000,-0.051009),velocity=Vector3.new(-1.020607, 0.019975, -19.973942),slideActive=false,wallhopFlick=false,humanoidState=8},
    {type="keyframe",time=0.520833,cframe=CFrame.new(2494.402832,2503.499268,2484.959473,-0.051009,0.000000,0.998698,0.000000,1.000000,0.000000,-0.998698,0.000000,-0.051009),velocity=Vector3.new(-1.020607, 0.019975, -19.973942),slideActive=false,wallhopFlick=false,humanoidState=8},
    {type="keyframe",time=0.525000,cframe=CFrame.new(2494.398682,2503.499268,2484.876221,-0.051009,0.000000,0.998698,0.000000,1.000000,0.000000,-0.998698,0.000000,-0.051009),velocity=Vector3.new(-1.020607, 0.019975, -19.973942),slideActive=false,wallhopFlick=false,humanoidState=8},
    {type="keyframe",time=0.529167,cframe=CFrame.new(2494.394531,2503.499268,2484.792969,-0.051009,0.000000,0.998698,0.000000,1.000000,0.000000,-0.998698,0.000000,-0.051009),velocity=Vector3.new(-1.020607, 0.019975, -19.973942),slideActive=false,wallhopFlick=false,humanoidState=8},
    {type="keyframe",time=0.533333,cframe=CFrame.new(2494.390381,2503.499268,2484.709717,-0.051009,0.000000,0.998698,0.000000,1.000000,0.000000,-0.998698,0.000000,-0.051009),velocity=Vector3.new(-1.020607, 0.019975, -19.973942),slideActive=false,wallhopFlick=false,humanoidState=8},
    {type="keyframe",time=0.537500,cframe=CFrame.new(2494.386230,2503.499268,2484.626465,-0.051009,0.000000,0.998698,0.000000,1.000000,0.000000,-0.998698,0.000000,-0.051009),velocity=Vector3.new(-1.020607, 0.019975, -19.973942),slideActive=false,wallhopFlick=false,humanoidState=8},
    {type="keyframe",time=0.541667,cframe=CFrame.new(2494.382080,2503.499268,2484.543213,-0.051009,0.000000,0.998698,0.000000,1.000000,0.000000,-0.998698,0.000000,-0.051009),velocity=Vector3.new(-1.020607, 0.019975, -19.973942),slideActive=false,wallhopFlick=false,humanoidState=8},
    {type="keyframe",time=0.545833,cframe=CFrame.new(2494.377930,2503.499268,2484.459961,-0.051009,0.000000,0.998698,0.000000,1.000000,0.000000,-0.998698,0.000000,-0.051009),velocity=Vector3.new(-1.020607, 0.019975, -19.973942),slideActive=false,wallhopFlick=false,humanoidState=8},
    {type="keyframe",time=0.550000,cframe=CFrame.new(2494.373779,2503.499268,2484.376709,-0.051009,0.000000,0.998698,0.000000,1.000000,0.000000,-0.998698,0.000000,-0.051009),velocity=Vector3.new(-1.020607, 0.019975, -19.973942),slideActive=false,wallhopFlick=false,humanoidState=8},
    {type="keyframe",time=0.554167,cframe=CFrame.new(2494.369629,2503.499268,2484.293457,-0.051009,0.000000,0.998698,0.000000,1.000000,0.000000,-0.998698,0.000000,-0.051009),velocity=Vector3.new(-1.020607, 0.019975, -19.973942),slideActive=false,wallhopFlick=false,humanoidState=8},
    {type="keyframe",time=0.558333,cframe=CFrame.new(2494.365479,2503.499268,2484.210205,-0.051009,0.000000,0.998698,0.000000,1.000000,0.000000,-0.998698,0.000000,-0.051009),velocity=Vector3.new(-1.020607, 0.019975, -19.973942),slideActive=false,wallhopFlick=false,humanoidState=8},
    {type="keyframe",time=0.562500,cframe=CFrame.new(2494.361328,2503.499268,2484.126953,-0.051009,0.000000,0.998698,0.000000,1.000000,0.000000,-0.998698,0.000000,-0.051009),velocity=Vector3.new(-1.020607, 0.019975, -19.973942),slideActive=false,wallhopFlick=false,humanoidState=8},
    {type="keyframe",time=0.566667,cframe=CFrame.new(2494.357178,2503.499268,2484.043701,-0.051009,0.000000,0.998698,0.000000,1.000000,0.000000,-0.998698,0.000000,-0.051009),velocity=Vector3.new(-1.020607, 0.019975, -19.973942),slideActive=false,wallhopFlick=false,humanoidState=8},
    {type="keyframe",time=0.570833,cframe=CFrame.new(2494.353027,2503.499268,2483.960449,-0.051009,0.000000,0.998698,0.000000,1.000000,0.000000,-0.998698,0.000000,-0.051009),velocity=Vector3.new(-1.020607, 0.019975, -19.973942),slideActive=false,wallhopFlick=false,humanoidState=8},
    {type="keyframe",time=0.575000,cframe=CFrame.new(2494.348877,2503.499268,2483.877197,-0.051009,0.000000,0.998698,0.000000,1.000000,0.000000,-0.998698,0.000000,-0.051009),velocity=Vector3.new(-1.020607, 0.019975, -19.973942),slideActive=false,wallhopFlick=false,humanoidState=8},
    {type="keyframe",time=0.579167,cframe=CFrame.new(2494.344727,2503.499268,2483.793945,-0.051009,0.000000,0.998698,0.000000,1.000000,0.000000,-0.998698,0.000000,-0.051009),velocity=Vector3.new(-1.020607, 0.019975, -19.973942),slideActive=false,wallhopFlick=false,humanoidState=8},
    {type="keyframe",time=0.583333,cframe=CFrame.new(2494.340576,2503.499268,2483.710693,-0.051009,0.000000,0.998698,0.000000,1.000000,0.000000,-0.998698,0.000000,-0.051009),velocity=Vector3.new(-1.020607, 0.019975, -19.973942),slideActive=false,wallhopFlick=false,humanoidState=8},
    {type="keyframe",time=0.587500,cframe=CFrame.new(2494.336426,2503.499268,2483.627441,-0.051009,0.000000,0.998698,0.000000,1.000000,0.000000,-0.998698,0.000000,-0.051009),velocity=Vector3.new(-1.020607, 0.019975, -19.973942),slideActive=false,wallhopFlick=false,humanoidState=8},
    {type="keyframe",time=0.591667,cframe=CFrame.new(2494.332275,2503.499268,2483.544189,-0.051009,0.000000,0.998698,0.000000,1.000000,0.000000,-0.998698,0.000000,-0.051009),velocity=Vector3.new(-1.020607, 0.019975, -19.973942),slideActive=false,wallhopFlick=false,humanoidState=8},
    {type="keyframe",time=0.595833,cframe=CFrame.new(2494.328125,2503.499268,2483.460938,-0.051009,0.000000,0.998698,0.000000,1.000000,0.000000,-0.998698,0.000000,-0.051009),velocity=Vector3.new(-1.020607, 0.019975, -19.973942),slideActive=false,wallhopFlick=false,humanoidState=8},
    {type="keyframe",time=0.600000,cframe=CFrame.new(2494.323975,2503.499268,2483.377686,-0.051009,0.000000,0.998698,0.000000,1.000000,0.000000,-0.998698,0.000000,-0.051009),velocity=Vector3.new(-1.020607, 0.019975, -19.973942),slideActive=false,wallhopFlick=false,humanoidState=8},
    {type="keyframe",time=0.604167,cframe=CFrame.new(2494.319824,2503.499268,2483.294434,-0.051009,0.000000,0.998698,0.000000,1.000000,0.000000,-0.998698,0.000000,-0.051009),velocity=Vector3.new(-1.020607, 0.019975, -19.973942),slideActive=false,wallhopFlick=false,humanoidState=8},
    {type="keyframe",time=0.608333,cframe=CFrame.new(2494.315674,2503.499268,2483.211182,-0.051009,0.000000,0.998698,0.000000,1.000000,0.000000,-0.998698,0.000000,-0.051009),velocity=Vector3.new(-1.020607, 0.019975, -19.973942),slideActive=false,wallhopFlick=false,humanoidState=8},
    {type="keyframe",time=0.612500,cframe=CFrame.new(2494.311523,2503.499268,2483.127930,-0.051009,0.000000,0.998698,0.000000,1.000000,0.000000,-0.998698,0.000000,-0.051009),velocity=Vector3.new(-1.020607, 0.019975, -19.973942),slideActive=false,wallhopFlick=false,humanoidState=8},
    {type="keyframe",time=0.616667,cframe=CFrame.new(2494.307373,2503.499268,2483.044678,-0.051009,0.000005,0.998698,0.000007,1.000000,-0.000005,-0.998698,0.000006,-0.051009),velocity=Vector3.new(-1.020607, 0.019975, -19.973942),slideActive=false,wallhopFlick=false,humanoidState=8},
    {type="keyframe",time=0.620833,cframe=CFrame.new(2494.303223,2503.499268,2482.961426,-0.051009,0.000010,0.998698,0.000012,1.000000,-0.000009,-0.998698,0.000012,-0.051009),velocity=Vector3.new(-1.020607, 0.019975, -19.973942),slideActive=false,wallhopFlick=false,humanoidState=8},
    {type="keyframe",time=0.625000,cframe=CFrame.new(2494.299072,2503.499268,2482.878174,-0.051009,0.000013,0.998698,0.000018,1.000000,-0.000012,-0.998698,0.000018,-0.051009),velocity=Vector3.new(-1.020607, 0.019975, -19.973942),slideActive=false,wallhopFlick=false,humanoidState=8},
