return {
    {type="keyframe",time=0.004109,cframe=CFrame.new(2501.000000,2503.500000,2494.000000,0.000000,0.000000,1.000000,0.000000,1.000000,-0.000000,-1.000000,0.000000,0.000000),velocity=Vector3.new(0.000000, 0.000416, 0.000000),slideActive=false,wallhopFlick=false,humanoidState=8},
    {type="keyframe",time=0.008459,cframe=CFrame.new(2501.000000,2503.500000,2494.000000,0.000000,0.000000,1.000000,0.000000,1.000000,-0.000000,-1.000000,0.000000,0.000000),velocity=Vector3.new(0.000000, 0.000416, 0.000000),slideActive=false,wallhopFlick=false,humanoidState=8},
    {type="keyframe",time=0.012535,cframe=CFrame.new(2501.000000,2503.500000,2494.000000,0.000000,0.000000,1.000000,0.000000,1.000000,-0.000000,-1.000000,0.000000,0.000000),velocity=Vector3.new(0.000000, 0.000416, 0.000000),slideActive=false,wallhopFlick=false,humanoidState=8},
    {type="keyframe",time=0.016769,cframe=CFrame.new(2501.000000,2503.500000,2494.000000,0.000000,0.000000,1.000000,0.000000,1.000000,-0.000000,-1.000000,0.000000,0.000000),velocity=Vector3.new(0.000000, 0.000416, 0.000000),slideActive=false,wallhopFlick=false,humanoidState=8},
    {type="keyframe",time=0.020836,cframe=CFrame.new(2501.000000,2503.500000,2494.000000,0.000000,0.000000,1.000000,0.000000,1.000000,-0.000000,-1.000000,0.000000,0.000000),velocity=Vector3.new(0.000000, 0.000416, 0.000000),slideActive=false,wallhopFlick=false,humanoidState=8},
    {type="keyframe",time=0.026126,cframe=CFrame.new(2501.000000,2503.500000,2494.000000,0.000000,0.000000,1.000000,0.000000,1.000000,-0.000000,-1.000000,0.000000,0.000000),velocity=Vector3.new(0.000000, 0.000416, 0.000000),slideActive=false,wallhopFlick=false,humanoidState=8},
    {type="keyframe",time=0.029323,cframe=CFrame.new(2501.000000,2503.500000,2494.000000,0.000000,0.000000,1.000000,0.000000,1.000000,-0.000000,-1.000000,0.000000,0.000000),velocity=Vector3.new(0.000000, 0.000416, 0.000000),slideActive=false,wallhopFlick=false,humanoidState=8},
    {type="keyframe",time=0.033503,cframe=CFrame.new(2501.000000,2503.500000,2494.000000,0.000000,0.000000,1.000000,0.000000,1.000000,-0.000000,-1.000000,0.000000,0.000000),velocity=Vector3.new(0.000000, 0.000416, 0.000000),slideActive=false,wallhopFlick=false,humanoidState=8},
    {type="keyframe",time=0.038097,cframe=CFrame.new(2501.000000,2503.500000,2494.000000,0.000000,0.000000,1.000000,0.000000,1.000000,-0.000000,-1.000000,0.000000,0.000000),velocity=Vector3.new(0.000000, 0.000416, 0.000000),slideActive=false,wallhopFlick=false,humanoidState=8},
    {type="keyframe",time=0.041640,cframe=CFrame.new(2501.000000,2503.500000,2494.000000,0.000000,0.000000,1.000000,0.000000,1.000000,-0.000000,-1.000000,0.000000,0.000000),velocity=Vector3.new(0.000000, 0.000416, 0.000000),slideActive=false,wallhopFlick=false,humanoidState=8},
    {type="keyframe",time=0.045874,cframe=CFrame.new(2501.000000,2503.500000,2494.000000,0.000000,0.000000,1.000000,0.000000,1.000000,-0.000000,-1.000000,0.000000,0.000000),velocity=Vector3.new(0.000000, 0.000416, 0.000000),slideActive=false,wallhopFlick=false,humanoidState=8},
    {type="keyframe",time=0.050082,cframe=CFrame.new(2501.000000,2503.500000,2494.000000,0.000000,0.000000,1.000000,0.000000,1.000000,-0.000000,-1.000000,0.000000,0.000000),velocity=Vector3.new(0.000000, 0.000416, 0.000000),slideActive=false,wallhopFlick=false,humanoidState=8},
    {type="keyframe",time=0.054168,cframe=CFrame.new(2501.000000,2503.500000,2494.000000,0.000000,0.000000,1.000000,0.000000,1.000000,-0.000000,-1.000000,0.000000,0.000000),velocity=Vector3.new(0.000000, 0.000416, 0.000000),slideActive=false,wallhopFlick=false,humanoidState=8},
    {type="keyframe",time=0.058293,cframe=CFrame.new(2501.000000,2503.500000,2494.000000,0.000000,0.000000,1.000000,0.000000,1.000000,-0.000000,-1.000000,0.000000,0.000000),velocity=Vector3.new(0.000000, 0.000416, 0.000000),slideActive=false,wallhopFlick=false,humanoidState=8},
    {type="keyframe",time=0.062539,cframe=CFrame.new(2501.000000,2503.500000,2494.000000,0.000000,0.000000,1.000000,0.000000,1.000000,-0.000000,-1.000000,0.000000,0.000000),velocity=Vector3.new(0.000000, 0.000416, 0.000000),slideActive=false,wallhopFlick=false,humanoidState=8},
    {type="keyframe",time=0.066735,cframe=CFrame.new(2501.000000,2503.500000,2494.000000,0.000000,0.000000,1.000000,0.000000,1.000000,-0.000000,-1.000000,0.000000,0.000000),velocity=Vector3.new(0.000000, 0.000416, 0.000000),slideActive=false,wallhopFlick=false,humanoidState=8},
    {type="keyframe",time=0.070988,cframe=CFrame.new(2501.000000,2503.500000,2494.000000,0.000000,0.000000,1.000000,0.000000,1.000000,-0.000000,-1.000000,0.000000,0.000000),velocity=Vector3.new(0.000000, 0.000416, 0.000000),slideActive=false,wallhopFlick=false,humanoidState=8},
    {type="keyframe",time=0.074982,cframe=CFrame.new(2501.000000,2503.500000,2494.000000,0.000000,0.000000,1.000000,0.000000,1.000000,-0.000000,-1.000000,0.000000,0.000000),velocity=Vector3.new(0.000000, 0.000416, 0.000000),slideActive=false,wallhopFlick=false,humanoidState=8},
    {type="keyframe",time=0.079222,cframe=CFrame.new(2501.000000,2503.500000,2494.000000,0.000000,0.000000,1.000000,0.000000,1.000000,-0.000000,-1.000000,0.000000,0.000000),velocity=Vector3.new(0.000000, 0.000416, 0.000000),slideActive=false,wallhopFlick=false,humanoidState=8},
    {type="keyframe",time=0.083513,cframe=CFrame.new(2501.000000,2503.500000,2494.000000,0.000000,0.000000,1.000000,0.000000,1.000000,-0.000000,-1.000000,0.000000,0.000000),velocity=Vector3.new(0.000000, 0.000416, 0.000000),slideActive=false,wallhopFlick=false,humanoidState=8},
    {type="keyframe",time=0.088324,cframe=CFrame.new(2501.000000,2503.500000,2494.000000,0.000000,0.000000,1.000000,0.000000,1.000000,-0.000000,-1.000000,0.000000,0.000000),velocity=Vector3.new(0.000000, 0.000416, 0.000000),slideActive=false,wallhopFlick=false,humanoidState=8},
    {type="keyframe",time=0.093787,cframe=CFrame.new(2501.000000,2503.500000,2494.000000,0.000000,0.000000,1.000000,0.000000,1.000000,-0.000000,-1.000000,0.000000,0.000000),velocity=Vector3.new(0.000000, 0.000416, 0.000000),slideActive=false,wallhopFlick=false,humanoidState=8},
    {type="keyframe",time=0.099758,cframe=CFrame.new(2501.000000,2503.500000,2494.000000,0.000000,0.000000,1.000000,0.000000,1.000000,-0.000000,-1.000000,0.000000,0.000000),velocity=Vector3.new(0.000000, 0.000416, 0.000000),slideActive=false,wallhopFlick=false,humanoidState=8},
    {type="keyframe",time=0.104094,cframe=CFrame.new(2501.000000,2503.500000,2494.000000,0.000000,0.000000,1.000000,0.000000,1.000000,-0.000000,-1.000000,0.000000,0.000000),velocity=Vector3.new(0.000000, 0.000416, 0.000000),slideActive=false,wallhopFlick=false,humanoidState=8},
    {type="keyframe",time=0.107637,cframe=CFrame.new(2501.000000,2503.500000,2494.000000,0.000000,0.000000,1.000000,0.000000,1.000000,-0.000000,-1.000000,0.000000,0.000000),velocity=Vector3.new(0.000000, 0.000416, 0.000000),slideActive=false,wallhopFlick=false,humanoidState=8},
    {type="keyframe",time=0.112155,cframe=CFrame.new(2501.000000,2503.500000,2494.000000,0.000000,0.000000,1.000000,0.000000,1.000000,-0.000000,-1.000000,0.000000,0.000000),velocity=Vector3.new(0.000000, 0.000416, 0.000000),slideActive=false,wallhopFlick=false,humanoidState=8},
    {type="keyframe",time=0.115631,cframe=CFrame.new(2501.000000,2503.500000,2494.000000,0.000000,0.000000,1.000000,0.000000,1.000000,-0.000000,-1.000000,0.000000,0.000000),velocity=Vector3.new(0.000000, 0.000416, 0.000000),slideActive=false,wallhopFlick=false,humanoidState=8},
    {type="keyframe",time=0.121101,cframe=CFrame.new(2501.000000,2503.500000,2494.000000,0.000000,0.000000,1.000000,0.000000,1.000000,-0.000000,-1.000000,0.000000,0.000000),velocity=Vector3.new(0.000000, 0.000416, 0.000000),slideActive=false,wallhopFlick=false,humanoidState=8},
    {type="keyframe",time=0.128530,cframe=CFrame.new(2501.000000,2503.500000,2494.000000,0.000000,0.000000,1.000000,0.000000,1.000000,-0.000000,-1.000000,0.000000,0.000000),velocity=Vector3.new(0.000000, 0.000416, 0.000000),slideActive=false,wallhopFlick=false,humanoidState=8},
    {type="keyframe",time=0.132092,cframe=CFrame.new(2501.000000,2503.500000,2494.000000,0.000000,0.000000,1.000000,0.000000,1.000000,-0.000000,-1.000000,0.000000,0.000000),velocity=Vector3.new(0.000000, 0.000416, 0.000000),slideActive=false,wallhopFlick=false,humanoidState=8},
    {type="keyframe",time=0.137308,cframe=CFrame.new(2501.000000,2503.500000,2494.000000,0.000000,0.000000,1.000000,0.000000,1.000000,-0.000000,-1.000000,0.000000,0.000000),velocity=Vector3.new(0.000000, 0.000416, 0.000000),slideActive=false,wallhopFlick=false,humanoidState=8},
    {type="keyframe",time=0.140854,cframe=CFrame.new(2501.000000,2503.500000,2494.000000,0.000000,0.000000,1.000000,0.000000,1.000000,-0.000000,-1.000000,0.000000,0.000000),velocity=Vector3.new(0.000000, 0.000416, 0.000000),slideActive=false,wallhopFlick=false,humanoidState=8},
    {type="keyframe",time=0.144764,cframe=CFrame.new(2501.000000,2503.500000,2494.000000,0.000000,0.000000,1.000000,0.000000,1.000000,-0.000000,-1.000000,0.000000,0.000000),velocity=Vector3.new(0.000000, 0.000416, 0.000000),slideActive=false,wallhopFlick=false,humanoidState=8},
    {type="keyframe",time=0.150149,cframe=CFrame.new(2501.000000,2503.500000,2494.000000,0.000000,0.000000,1.000000,0.000000,1.000000,-0.000000,-1.000000,0.000000,0.000000),velocity=Vector3.new(0.000000, 0.000416, 0.000000),slideActive=false,wallhopFlick=false,humanoidState=8},
    {type="keyframe",time=0.153647,cframe=CFrame.new(2501.000000,2503.500000,2494.000000,0.000000,0.000000,1.000000,0.000000,1.000000,-0.000000,-1.000000,0.000000,0.000000),velocity=Vector3.new(0.000000, 0.000416, 0.000000),slideActive=false,wallhopFlick=false,humanoidState=8},
    {type="keyframe",time=0.157062,cframe=CFrame.new(2501.000000,2503.500000,2494.000000,0.000000,0.000000,1.000000,0.000000,1.000000,-0.000000,-1.000000,0.000000,0.000000),velocity=Vector3.new(0.000000, 0.000416, 0.000000),slideActive=false,wallhopFlick=false,humanoidState=8},
    {type="keyframe",time=0.161345,cframe=CFrame.new(2501.000000,2503.500000,2494.000000,0.000000,0.000000,1.000000,0.000000,1.000000,-0.000000,-1.000000,0.000000,0.000000),velocity=Vector3.new(0.000000, 0.000416, 0.000000),slideActive=false,wallhopFlick=false,humanoidState=8},
    {type="keyframe",time=0.165496,cframe=CFrame.new(2501.000000,2503.500000,2494.000000,0.000000,0.000000,1.000000,0.000000,1.000000,-0.000000,-1.000000,0.000000,0.000000),velocity=Vector3.new(0.000000, 0.000416, 0.000000),slideActive=false,wallhopFlick=false,humanoidState=8},
    {type="keyframe",time=0.169710,cframe=CFrame.new(2501.000000,2503.500000,2494.000000,0.000000,0.000000,1.000000,0.000000,1.000000,-0.000000,-1.000000,0.000000,0.000000),velocity=Vector3.new(0.000000, 0.000416, 0.000000),slideActive=false,wallhopFlick=false,humanoidState=8},
    {type="keyframe",time=0.173679,cframe=CFrame.new(2501.000000,2503.500000,2494.000000,0.000000,0.000000,1.000000,0.000000,1.000000,-0.000000,-1.000000,0.000000,0.000000),velocity=Vector3.new(0.000000, 0.000416, 0.000000),slideActive=false,wallhopFlick=false,humanoidState=8},
    {type="keyframe",time=0.177890,cframe=CFrame.new(2501.000000,2503.500000,2494.000000,0.000000,0.000000,1.000000,0.000000,1.000000,-0.000000,-1.000000,0.000000,0.000000),velocity=Vector3.new(0.000000, 0.000416, 0.000000),slideActive=false,wallhopFlick=false,humanoidState=8},
    {type="keyframe",time=0.183110,cframe=CFrame.new(2501.000000,2503.500000,2494.000000,0.000000,0.000000,1.000000,0.000000,1.000000,-0.000000,-1.000000,0.000000,0.000000),velocity=Vector3.new(0.000000, 0.000416, 0.000000),slideActive=false,wallhopFlick=false,humanoidState=8},
    {type="keyframe",time=0.186378,cframe=CFrame.new(2501.000000,2503.500000,2494.000000,0.000000,0.000000,1.000000,0.000000,1.000000,-0.000000,-1.000000,0.000000,0.000000),velocity=Vector3.new(0.000000, 0.000416, 0.000000),slideActive=false,wallhopFlick=false,humanoidState=8},
    {type="keyframe",time=0.190560,cframe=CFrame.new(2501.000000,2503.500000,2494.000000,0.000000,0.000000,1.000000,0.000000,1.000000,-0.000000,-1.000000,0.000000,0.000000),velocity=Vector3.new(0.000000, 0.000416, 0.000000),slideActive=false,wallhopFlick=false,humanoidState=8},
    {type="keyframe",time=0.194679,cframe=CFrame.new(2501.000000,2503.500000,2494.000000,0.000000,0.000000,1.000000,0.000000,1.000000,-0.000000,-1.000000,0.000000,0.000000),velocity=Vector3.new(0.000000, 0.000416, 0.000000),slideActive=false,wallhopFlick=false,humanoidState=8},
    {type="keyframe",time=0.198863,cframe=CFrame.new(2501.000000,2503.500000,2494.000000,0.000000,0.000000,1.000000,0.000000,1.000000,-0.000000,-1.000000,0.000000,0.000000),velocity=Vector3.new(0.000000, 0.000416, 0.000000),slideActive=false,wallhopFlick=false,humanoidState=8},
    {type="keyframe",time=0.202864,cframe=CFrame.new(2501.000000,2503.500000,2494.000000,0.000000,0.000000,1.000000,0.000000,1.000000,-0.000000,-1.000000,0.000000,0.000000),velocity=Vector3.new(0.000000, 0.000416, 0.000000),slideActive=false,wallhopFlick=false,humanoidState=8},
    {type="keyframe",time=0.207193,cframe=CFrame.new(2501.000000,2503.500000,2494.000000,0.000000,0.000000,1.000000,0.000000,1.000000,-0.000000,-1.000000,0.000000,0.000000),velocity=Vector3.new(0.000000, 0.000416, 0.000000),slideActive=false,wallhopFlick=false,humanoidState=8},
    {type="keyframe",time=0.211270,cframe=CFrame.new(2501.000000,2503.500000,2494.000000,0.000000,0.000000,1.000000,0.000000,1.000000,-0.000000,-1.000000,0.000000,0.000000),velocity=Vector3.new(0.000000, 0.000416, 0.000000),slideActive=false,wallhopFlick=false,humanoidState=8},
    {type="keyframe",time=0.215534,cframe=CFrame.new(2501.000000,2503.500000,2494.000000,0.000000,0.000000,1.000000,0.000000,1.000000,-0.000000,-1.000000,0.000000,0.000000),velocity=Vector3.new(0.000000, 0.000416, 0.000000),slideActive=false,wallhopFlick=false,humanoidState=8},
    {type="keyframe",time=0.219788,cframe=CFrame.new(2501.000000,2503.500000,2494.000000,0.000000,0.000000,1.000000,0.000000,1.000000,-0.000000,-1.000000,0.000000,0.000000),velocity=Vector3.new(0.000000, 0.000416, 0.000000),slideActive=false,wallhopFlick=false,humanoidState=8},
    {type="keyframe",time=0.223964,cframe=CFrame.new(2501.000000,2503.500000,2494.000000,0.000000,0.000000,1.000000,0.000000,1.000000,-0.000000,-1.000000,0.000000,0.000000),velocity=Vector3.new(0.000000, 0.000416, 0.000000),slideActive=false,wallhopFlick=false,humanoidState=8},
    {type="keyframe",time=0.229313,cframe=CFrame.new(2501.000000,2503.500000,2494.000000,0.000000,0.000000,1.000000,0.000000,1.000000,-0.000000,-1.000000,0.000000,0.000000),velocity=Vector3.new(0.000000, 0.000416, 0.000000),slideActive=false,wallhopFlick=false,humanoidState=8},
    {type="keyframe",time=0.232009,cframe=CFrame.new(2501.000000,2503.500000,2494.000000,0.000000,0.000000,1.000000,0.000000,1.000000,-0.000000,-1.000000,0.000000,0.000000),velocity=Vector3.new(0.000000, 0.000416, 0.000000),slideActive=false,wallhopFlick=false,humanoidState=8},
    {type="keyframe",time=0.236376,cframe=CFrame.new(2501.000000,2503.500000,2494.000000,0.000000,0.000000,1.000000,0.000000,1.000000,-0.000000,-1.000000,0.000000,0.000000),velocity=Vector3.new(0.000000, 0.000416, 0.000000),slideActive=false,wallhopFlick=false,humanoidState=8},
    {type="keyframe",time=0.242038,cframe=CFrame.new(2501.000000,2503.500000,2494.000000,0.000000,0.000000,1.000000,0.000000,1.000000,-0.000000,-1.000000,0.000000,0.000000),velocity=Vector3.new(0.000000, 0.000416, 0.000000),slideActive=false,wallhopFlick=false,humanoidState=8},
    {type="keyframe",time=0.246109,cframe=CFrame.new(2501.000000,2503.500000,2494.000000,0.000000,0.000000,1.000000,0.000000,1.000000,-0.000000,-1.000000,0.000000,0.000000),velocity=Vector3.new(0.000000, 0.000416, 0.000000),slideActive=false,wallhopFlick=false,humanoidState=8},
    {type="keyframe",time=0.248976,cframe=CFrame.new(2500.991455,2503.510742,2494.006348,-0.008823,0.000000,0.999961,0.000000,1.000000,0.000000,-0.999961,0.000000,-0.008823),velocity=Vector3.new(-2.072759, 2.563702, 1.528051),slideActive=false,wallhopFlick=false,humanoidState=8},
    {type="keyframe",time=0.254088,cframe=CFrame.new(2500.974609,2503.526611,2494.019531,-0.023473,0.000000,0.999724,0.000000,1.000000,0.000000,-0.999724,0.000000,-0.023473),velocity=Vector3.new(-4.039137, 3.817871, 3.190768),slideActive=false,wallhopFlick=false,humanoidState=8},
    {type="keyframe",time=0.257362,cframe=CFrame.new(2500.949707,2503.544434,2494.039795,-0.041311,0.000000,0.999146,0.000000,1.000000,0.000000,-0.999146,0.000000,-0.041311),velocity=Vector3.new(-6.005515, 4.298849, 4.853485),slideActive=false,wallhopFlick=false,humanoidState=8},
    {type="keyframe",time=0.261737,cframe=CFrame.new(2500.917236,2503.562500,2494.067627,-0.061554,0.000000,0.998104,0.000000,1.000000,0.000000,-0.998104,0.000000,-0.061554),velocity=Vector3.new(-7.806264, 4.336600, 6.694292),slideActive=false,wallhopFlick=false,humanoidState=8},
    {type="keyframe",time=0.265660,cframe=CFrame.new(2500.822266,2503.595947,2494.154053,-0.106454,0.000000,0.994318,0.000000,1.000000,0.000000,-0.994318,0.000000,-0.106454),velocity=Vector3.new(-11.407763, 4.019970, 10.375907),slideActive=false,wallhopFlick=false,humanoidState=8},
    {type="keyframe",time=0.269974,cframe=CFrame.new(2500.822266,2503.595947,2494.154053,-0.106454,0.000000,0.994318,0.000000,1.000000,0.000000,-0.994318,0.000000,-0.106454),velocity=Vector3.new(-11.407763, 4.019970, 10.375907),slideActive=false,wallhopFlick=false,humanoidState=8},
    {type="keyframe",time=0.274046,cframe=CFrame.new(2500.709473,2503.623291,2494.267822,-0.151999,0.000000,0.988381,0.000000,1.000000,0.000000,-0.988381,0.000000,-0.151999),velocity=Vector3.new(-13.521958, 3.282513, 13.657810),slideActive=false,wallhopFlick=false,humanoidState=8},
    {type="keyframe",time=0.278371,cframe=CFrame.new(2500.709473,2503.623291,2494.267822,-0.151999,0.000000,0.988381,0.000000,1.000000,0.000000,-0.988381,0.000000,-0.151999),velocity=Vector3.new(-13.521958, 3.282513, 13.657810),slideActive=false,wallhopFlick=false,humanoidState=8},
    {type="keyframe",time=0.282446,cframe=CFrame.new(2500.597168,2503.644531,2494.389648,-0.196643,0.000000,0.980475,0.000000,1.000000,0.000000,-0.980475,0.000000,-0.196643),velocity=Vector3.new(-13.484458, 2.539204, 14.618891),slideActive=false,wallhopFlick=false,humanoidState=8},
    {type="keyframe",time=0.286663,cframe=CFrame.new(2500.597168,2503.644531,2494.389648,-0.196643,0.000000,0.980475,0.000000,1.000000,0.000000,-0.980475,0.000000,-0.196643),velocity=Vector3.new(-13.484458, 2.539204, 14.618891),slideActive=false,wallhopFlick=false,humanoidState=8},
    {type="keyframe",time=0.290784,cframe=CFrame.new(2500.487549,2503.660400,2494.515137,-0.239713,0.000000,0.970844,0.000000,1.000000,0.000000,-0.970844,0.000000,-0.239713),velocity=Vector3.new(-13.152678, 1.911798, 15.044354),slideActive=false,wallhopFlick=false,humanoidState=8},
    {type="keyframe",time=0.294889,cframe=CFrame.new(2500.487549,2503.660400,2494.515137,-0.239713,0.000000,0.970844,0.000000,1.000000,0.000000,-0.970844,0.000000,-0.239713),velocity=Vector3.new(-13.152678, 1.911798, 15.044354),slideActive=false,wallhopFlick=false,humanoidState=8},
    {type="keyframe",time=0.299007,cframe=CFrame.new(2500.379883,2503.672363,2494.642334,-0.280544,0.000000,0.959841,0.000000,1.000000,0.000000,-0.959841,0.000000,-0.280544),velocity=Vector3.new(-12.916334, 1.421904, 15.266180),slideActive=false,wallhopFlick=false,humanoidState=8},
    {type="keyframe",time=0.303565,cframe=CFrame.new(2500.379883,2503.672363,2494.642334,-0.280544,0.000000,0.959841,0.000000,1.000000,0.000000,-0.959841,0.000000,-0.280544),velocity=Vector3.new(-12.916334, 1.421904, 15.266180),slideActive=false,wallhopFlick=false,humanoidState=8},
    {type="keyframe",time=0.307483,cframe=CFrame.new(2500.273438,2503.681152,2494.770508,-0.318739,0.000000,0.947843,0.000000,1.000000,0.000000,-0.947843,0.000000,-0.318739),velocity=Vector3.new(-12.787326, 1.047633, 15.377377),slideActive=false,wallhopFlick=false,humanoidState=8},
    {type="keyframe",time=0.311568,cframe=CFrame.new(2500.273438,2503.681152,2494.770508,-0.318739,0.000000,0.947843,0.000000,1.000000,0.000000,-0.947843,0.000000,-0.318739),velocity=Vector3.new(-12.787326, 1.047633, 15.377377),slideActive=false,wallhopFlick=false,humanoidState=8},
    {type="keyframe",time=0.315694,cframe=CFrame.new(2500.166260,2503.687500,2494.898193,-0.353616,0.000000,0.935391,0.000000,1.000000,0.000000,-0.935391,0.000000,-0.353616),velocity=Vector3.new(-12.864915, 0.768448, 15.313047),slideActive=false,wallhopFlick=false,humanoidState=8},
    {type="keyframe",time=0.319932,cframe=CFrame.new(2500.166260,2503.687500,2494.898193,-0.353616,0.000000,0.935391,0.000000,1.000000,0.000000,-0.935391,0.000000,-0.353616),velocity=Vector3.new(-12.864915, 0.768448, 15.313047),slideActive=false,wallhopFlick=false,humanoidState=8},
    {type="keyframe",time=0.324149,cframe=CFrame.new(2500.057373,2503.692139,2495.024414,-0.384906,0.000000,0.922956,0.000000,1.000000,0.000000,-0.922956,0.000000,-0.384906),velocity=Vector3.new(-13.065715, 0.564210, 15.141832),slideActive=false,wallhopFlick=false,humanoidState=8},
    {type="keyframe",time=0.328272,cframe=CFrame.new(2500.057373,2503.692139,2495.024414,-0.384906,0.000000,0.922956,0.000000,1.000000,0.000000,-0.922956,0.000000,-0.384906),velocity=Vector3.new(-13.065715, 0.564210, 15.141832),slideActive=false,wallhopFlick=false,humanoidState=8},
    {type="keyframe",time=0.332414,cframe=CFrame.new(2499.945801,2503.695557,2495.148438,-0.412447,0.000000,0.910982,0.000000,1.000000,0.000000,-0.910982,0.000000,-0.412447),velocity=Vector3.new(-13.374166, 0.414895, 14.869508),slideActive=false,wallhopFlick=false,humanoidState=8},
    {type="keyframe",time=0.336591,cframe=CFrame.new(2499.945801,2503.695557,2495.148438,-0.412447,0.000000,0.910982,0.000000,1.000000,0.000000,-0.910982,0.000000,-0.412447),velocity=Vector3.new(-13.374166, 0.414895, 14.869508),slideActive=false,wallhopFlick=false,humanoidState=8},
    {type="keyframe",time=0.340782,cframe=CFrame.new(2499.831299,2503.697998,2495.269531,-0.436302,0.000000,0.899800,0.000000,1.000000,0.000000,-0.899800,0.000000,-0.436302),velocity=Vector3.new(-13.737574, 0.305218, 14.533921),slideActive=false,wallhopFlick=false,humanoidState=8},
    {type="keyframe",time=0.344895,cframe=CFrame.new(2499.831299,2503.697998,2495.269531,-0.436302,0.000000,0.899800,0.000000,1.000000,0.000000,-0.899800,0.000000,-0.436302),velocity=Vector3.new(-13.737574, 0.305218, 14.533921),slideActive=false,wallhopFlick=false,humanoidState=8},
    {type="keyframe",time=0.349048,cframe=CFrame.new(2499.712646,2503.699951,2495.386719,-0.456217,0.000000,0.889869,0.000000,1.000000,0.000000,-0.889869,0.000000,-0.456217),velocity=Vector3.new(-14.232393, 0.225991, 14.048279),slideActive=false,wallhopFlick=false,humanoidState=8},
    {type="keyframe",time=0.353273,cframe=CFrame.new(2499.712646,2503.699951,2495.386719,-0.456217,0.000000,0.889869,0.000000,1.000000,0.000000,-0.889869,0.000000,-0.456217),velocity=Vector3.new(-14.232393, 0.225991, 14.048279),slideActive=false,wallhopFlick=false,humanoidState=8},
    {type="keyframe",time=0.357359,cframe=CFrame.new(2499.589111,2503.701416,2495.498779,-0.472086,0.000000,0.881553,0.000000,1.000000,0.000000,-0.881553,0.000000,-0.472086),velocity=Vector3.new(-14.813222, 0.165107, 13.432771),slideActive=false,wallhopFlick=false,humanoidState=8},
    {type="keyframe",time=0.361543,cframe=CFrame.new(2499.589111,2503.701416,2495.498779,-0.472086,0.000000,0.881553,0.000000,1.000000,0.000000,-0.881553,0.000000,-0.472086),velocity=Vector3.new(-14.813222, 0.165107, 13.432771),slideActive=false,wallhopFlick=false,humanoidState=8},
    {type="keyframe",time=0.365809,cframe=CFrame.new(2499.459229,2503.702393,2495.603271,-0.483306,0.000000,0.875452,0.000000,1.000000,0.000000,-0.875452,0.000000,-0.483306),velocity=Vector3.new(-15.577107, 0.119015, 12.534273),slideActive=false,wallhopFlick=false,humanoidState=8},
    {type="keyframe",time=0.370067,cframe=CFrame.new(2499.459229,2503.702393,2495.603271,-0.483306,0.000000,0.875452,0.000000,1.000000,0.000000,-0.875452,0.000000,-0.483306),velocity=Vector3.new(-15.577107, 0.119015, 12.534273),slideActive=false,wallhopFlick=false,humanoidState=8},
    {type="keyframe",time=0.374239,cframe=CFrame.new(2499.321777,2503.703125,2495.697510,-0.489221,0.000000,0.872160,0.000000,1.000000,0.000000,-0.872160,0.000000,-0.489221),velocity=Vector3.new(-16.490849, 0.086672, 11.297361),slideActive=false,wallhopFlick=false,humanoidState=8},
    {type="keyframe",time=0.378265,cframe=CFrame.new(2499.321777,2503.703125,2495.697510,-0.489221,0.000000,0.872160,0.000000,1.000000,0.000000,-0.872160,0.000000,-0.489221),velocity=Vector3.new(-16.490849, 0.086672, 11.297361),slideActive=false,wallhopFlick=false,humanoidState=8},
    {type="keyframe",time=0.382406,cframe=CFrame.new(2499.176025,2503.703613,2495.778076,-0.489178,0.000000,0.872184,0.000000,1.000000,0.000000,-0.872184,0.000000,-0.489178),velocity=Vector3.new(-17.483685, 0.063068, 9.678392),slideActive=false,wallhopFlick=false,humanoidState=8},
    {type="keyframe",time=0.386732,cframe=CFrame.new(2499.176025,2503.703613,2495.778076,-0.489178,0.000000,0.872184,0.000000,1.000000,0.000000,-0.872184,0.000000,-0.489178),velocity=Vector3.new(-17.483685, 0.063068, 9.678392),slideActive=false,wallhopFlick=false,humanoidState=8},
    {type="keyframe",time=0.390858,cframe=CFrame.new(2499.021973,2503.704102,2495.841309,-0.482329,0.000000,0.875990,0.000000,1.000000,0.000000,-0.875990,0.000000,-0.482329),velocity=Vector3.new(-18.481369, 0.046733, 7.580544),slideActive=false,wallhopFlick=false,humanoidState=8},
    {type="keyframe",time=0.394892,cframe=CFrame.new(2499.021973,2503.704102,2495.841309,-0.482329,0.000000,0.875990,0.000000,1.000000,0.000000,-0.875990,0.000000,-0.482329),velocity=Vector3.new(-18.481369, 0.046733, 7.580544),slideActive=false,wallhopFlick=false,humanoidState=8},
    {type="keyframe",time=0.399667,cframe=CFrame.new(2498.860840,2503.704346,2495.883057,-0.467937,0.000000,0.883762,0.000000,1.000000,0.000000,-0.883762,0.000000,-0.467937),velocity=Vector3.new(-19.324686, 0.032531, 5.023240),slideActive=false,wallhopFlick=false,humanoidState=8},
    {type="keyframe",time=0.403314,cframe=CFrame.new(2498.860840,2503.704346,2495.883057,-0.467937,0.000000,0.883762,0.000000,1.000000,0.000000,-0.883762,0.000000,-0.467937),velocity=Vector3.new(-19.324686, 0.032531, 5.023240),slideActive=false,wallhopFlick=false,humanoidState=8},
    {type="keyframe",time=0.407569,cframe=CFrame.new(2498.695312,2503.704590,2495.900391,-0.445398,0.000000,0.895333,0.000000,1.000000,0.000000,-0.895333,0.000000,-0.445398),velocity=Vector3.new(-19.850256, 0.023659, 2.077537),slideActive=false,wallhopFlick=false,humanoidState=8},
    {type="keyframe",time=0.411636,cframe=CFrame.new(2498.695312,2503.704590,2495.900391,-0.445398,0.000000,0.895333,0.000000,1.000000,0.000000,-0.895333,0.000000,-0.445398),velocity=Vector3.new(-19.850256, 0.023659, 2.077537),slideActive=false,wallhopFlick=false,humanoidState=8},
    {type="keyframe",time=0.416179,cframe=CFrame.new(2498.529297,2503.704834,2495.890869,-0.414254,0.000000,0.910161,0.000000,1.000000,0.000000,-0.910161,0.000000,-0.414254),velocity=Vector3.new(-19.919071, 0.016351, -1.141178),slideActive=false,wallhopFlick=false,humanoidState=8},
    {type="keyframe",time=0.419993,cframe=CFrame.new(2498.529297,2503.704834,2495.890869,-0.414254,0.000000,0.910161,0.000000,1.000000,0.000000,-0.910161,0.000000,-0.414254),velocity=Vector3.new(-19.919071, 0.016351, -1.141178),slideActive=false,wallhopFlick=false,humanoidState=8},
    {type="keyframe",time=0.424171,cframe=CFrame.new(2498.367188,2503.704834,2495.854004,-0.374394,0.000000,0.927270,0.000000,1.000000,0.000000,-0.927270,0.000000,-0.374394),velocity=Vector3.new(-19.452225, 0.009502, -4.420857),slideActive=false,wallhopFlick=false,humanoidState=8},
    {type="keyframe",time=0.428278,cframe=CFrame.new(2498.367188,2503.704834,2495.854004,-0.374394,0.000000,0.927270,0.000000,1.000000,0.000000,-0.927270,0.000000,-0.374394),velocity=Vector3.new(-19.452225, 0.009502, -4.420857),slideActive=false,wallhopFlick=false,humanoidState=8},
    {type="keyframe",time=0.432412,cframe=CFrame.new(2498.213379,2503.704834,2495.790771,-0.325954,0.000000,0.945386,0.000000,1.000000,0.000000,-0.945386,0.000000,-0.325954),velocity=Vector3.new(-18.446873, 0.007493, -7.590322),slideActive=false,wallhopFlick=false,humanoidState=8},
    {type="keyframe",time=0.436666,cframe=CFrame.new(2498.213379,2503.704834,2495.790771,-0.325954,0.000000,0.945386,0.000000,1.000000,0.000000,-0.945386,0.000000,-0.325954),velocity=Vector3.new(-18.446873, 0.007493, -7.590322),slideActive=false,wallhopFlick=false,humanoidState=8},
    {type="keyframe",time=0.440813,cframe=CFrame.new(2498.071289,2503.704834,2495.704590,-0.269922,0.000000,0.962882,0.000000,1.000000,0.000000,-0.962882,0.000000,-0.269922),velocity=Vector3.new(-17.064695, 0.006903, -10.341643),slideActive=false,wallhopFlick=false,humanoidState=8},
    {type="keyframe",time=0.444929,cframe=CFrame.new(2498.071289,2503.704834,2495.704590,-0.269922,0.000000,0.962882,0.000000,1.000000,0.000000,-0.962882,0.000000,-0.269922),velocity=Vector3.new(-17.064695, 0.006903, -10.341643),slideActive=false,wallhopFlick=false,humanoidState=8},
    {type="keyframe",time=0.449990,cframe=CFrame.new(2497.943115,2503.704834,2495.598633,-0.207127,0.000000,0.978314,0.000000,1.000000,0.000000,-0.978314,0.000000,-0.207127),velocity=Vector3.new(-15.376096, 0.006730, -12.724782),slideActive=false,wallhopFlick=false,humanoidState=8},
    {type="keyframe",time=0.453264,cframe=CFrame.new(2497.943115,2503.704834,2495.598633,-0.207127,0.000000,0.978314,0.000000,1.000000,0.000000,-0.978314,0.000000,-0.207127),velocity=Vector3.new(-15.376096, 0.006730, -12.724782),slideActive=false,wallhopFlick=false,humanoidState=8},
    {type="keyframe",time=0.457478,cframe=CFrame.new(2497.830566,2503.704834,2495.476074,-0.138654,0.000000,0.990341,0.000000,1.000000,0.000000,-0.990341,0.000000,-0.138654),velocity=Vector3.new(-13.512394, 0.006679, -14.696192),slideActive=false,wallhopFlick=false,humanoidState=8},
    {type="keyframe",time=0.461584,cframe=CFrame.new(2497.830566,2503.704834,2495.476074,-0.138654,0.000000,0.990341,0.000000,1.000000,0.000000,-0.990341,0.000000,-0.138654),velocity=Vector3.new(-13.512394, 0.006679, -14.696192),slideActive=false,wallhopFlick=false,humanoidState=8},
    {type="keyframe",time=0.465776,cframe=CFrame.new(2497.732910,2503.704834,2495.341309,-0.066320,0.000000,0.997798,0.000000,1.000000,0.000000,-0.997798,0.000000,-0.066320),velocity=Vector3.new(-11.729072, 0.006665, -16.166409),slideActive=false,wallhopFlick=false,humanoidState=8},
    {type="keyframe",time=0.470073,cframe=CFrame.new(2497.732910,2503.704834,2495.341309,-0.066320,0.000000,0.997798,0.000000,1.000000,0.000000,-0.997798,0.000000,-0.066320),velocity=Vector3.new(-11.729072, 0.006665, -16.166409),slideActive=false,wallhopFlick=false,humanoidState=8},
    {type="keyframe",time=0.474139,cframe=CFrame.new(2497.648682,2503.704834,2495.197754,0.008099,0.000000,0.999967,0.000000,1.000000,0.000000,-0.999967,0.000000,0.008099),velocity=Vector3.new(-10.105723, 0.006660, -17.236715),slideActive=false,wallhopFlick=false,humanoidState=8},
    {type="keyframe",time=0.478437,cframe=CFrame.new(2497.648682,2503.704834,2495.197754,0.008099,0.000000,0.999967,0.000000,1.000000,0.000000,-0.999967,0.000000,0.008099),velocity=Vector3.new(-10.105723, 0.006660, -17.236715),slideActive=false,wallhopFlick=false,humanoidState=8},
    {type="keyframe",time=0.482372,cframe=CFrame.new(2497.576660,2503.704834,2495.047607,0.083059,0.000000,0.996545,0.000000,1.000000,0.000000,-0.996545,0.000000,0.083059),velocity=Vector3.new(-8.656648, 0.006659, -18.014208),slideActive=false,wallhopFlick=false,humanoidState=8},
    {type="keyframe",time=0.486650,cframe=CFrame.new(2497.576660,2503.704834,2495.047607,0.083059,0.000000,0.996545,0.000000,1.000000,0.000000,-0.996545,0.000000,0.083059),velocity=Vector3.new(-8.656648, 0.006659, -18.014208),slideActive=false,wallhopFlick=false,humanoidState=8},
    {type="keyframe",time=0.490773,cframe=CFrame.new(2497.513916,2503.704834,2494.893311,0.156717,0.000000,0.987644,0.000000,1.000000,0.000000,-0.987644,0.000000,0.156717),velocity=Vector3.new(-7.535538, 0.006658, -18.517321),slideActive=false,wallhopFlick=false,humanoidState=8},
    {type="keyframe",time=0.495020,cframe=CFrame.new(2497.513916,2503.704834,2494.893311,0.156717,0.000000,0.987644,0.000000,1.000000,0.000000,-0.987644,0.000000,0.156717),velocity=Vector3.new(-7.535538, 0.006658, -18.517321),slideActive=false,wallhopFlick=false,humanoidState=8},
    {type="keyframe",time=0.499150,cframe=CFrame.new(2497.457764,2503.704834,2494.736328,0.227522,0.000000,0.973773,0.000000,1.000000,0.000000,-0.973773,0.000000,0.227522),velocity=Vector3.new(-6.734712, 0.006658, -18.827568),slideActive=false,wallhopFlick=false,humanoidState=8},
    {type="keyframe",time=0.503294,cframe=CFrame.new(2497.457764,2503.704834,2494.736328,0.227522,0.000000,0.973773,0.000000,1.000000,0.000000,-0.973773,0.000000,0.227522),velocity=Vector3.new(-6.734712, 0.006658, -18.827568),slideActive=false,wallhopFlick=false,humanoidState=8},
    {type="keyframe",time=0.507496,cframe=CFrame.new(2497.406006,2503.704834,2494.577881,0.294336,0.000000,0.955702,0.000000,1.000000,0.000000,-0.955702,0.000000,0.294336),velocity=Vector3.new(-6.208188, 0.006658, -19.010109),slideActive=false,wallhopFlick=false,humanoidState=8},
    {type="keyframe",time=0.511696,cframe=CFrame.new(2497.406006,2503.704834,2494.577881,0.294336,0.000000,0.955702,0.000000,1.000000,0.000000,-0.955702,0.000000,0.294336),velocity=Vector3.new(-6.208188, 0.006658, -19.010109),slideActive=false,wallhopFlick=false,humanoidState=8},
    {type="keyframe",time=0.515744,cframe=CFrame.new(2497.354980,2503.704834,2494.419189,0.355692,0.000000,0.934603,0.000000,1.000000,0.000000,-0.934603,0.000000,0.355692),velocity=Vector3.new(-6.134145, 0.006658, -19.035778),slideActive=false,wallhopFlick=false,humanoidState=8},
    {type="keyframe",time=0.519932,cframe=CFrame.new(2497.354980,2503.704834,2494.419189,0.355692,0.000000,0.934603,0.000000,1.000000,0.000000,-0.934603,0.000000,0.355692),velocity=Vector3.new(-6.134145, 0.006658, -19.035778),slideActive=false,wallhopFlick=false,humanoidState=8},
    {type="keyframe",time=0.524114,cframe=CFrame.new(2497.303955,2503.704834,2494.260498,0.411613,0.000000,0.911359,0.000000,1.000000,0.000000,-0.911359,0.000000,0.411613),velocity=Vector3.new(-6.123733, 0.006658, -19.039387),slideActive=false,wallhopFlick=false,humanoidState=8},
    {type="keyframe",time=0.528386,cframe=CFrame.new(2497.303955,2503.704834,2494.260498,0.411613,0.000000,0.911359,0.000000,1.000000,0.000000,-0.911359,0.000000,0.411613),velocity=Vector3.new(-6.123733, 0.006658, -19.039387),slideActive=false,wallhopFlick=false,humanoidState=8},
    {type="keyframe",time=0.532482,cframe=CFrame.new(2497.252930,2503.704834,2494.101807,0.462407,0.000000,0.886668,0.000000,1.000000,0.000000,-0.886668,0.000000,0.462407),velocity=Vector3.new(-6.122269, 0.006658, -19.039894),slideActive=false,wallhopFlick=false,humanoidState=8},
    {type="keyframe",time=0.536608,cframe=CFrame.new(2497.252930,2503.704834,2494.101807,0.462407,0.000000,0.886668,0.000000,1.000000,0.000000,-0.886668,0.000000,0.462407),velocity=Vector3.new(-6.122269, 0.006658, -19.039894),slideActive=false,wallhopFlick=false,humanoidState=8},
    {type="keyframe",time=0.541110,cframe=CFrame.new(2497.203369,2503.704834,2493.942627,0.508963,0.000000,0.860789,0.000000,1.000000,0.000000,-0.860789,0.000000,0.508963),velocity=Vector3.new(-5.943698, 0.006658, -19.096247),slideActive=false,wallhopFlick=false,humanoidState=8},
    {type="keyframe",time=0.544969,cframe=CFrame.new(2497.203369,2503.704834,2493.942627,0.508963,0.000000,0.860789,0.000000,1.000000,0.000000,-0.860789,0.000000,0.508963),velocity=Vector3.new(-5.943698, 0.006658, -19.096247),slideActive=false,wallhopFlick=false,humanoidState=8},
    {type="keyframe",time=0.549084,cframe=CFrame.new(2497.154541,2503.704834,2493.783203,0.551331,0.000000,0.834287,0.000000,1.000000,0.000000,-0.834287,0.000000,0.551331),velocity=Vector3.new(-5.859169, 0.006658, -19.122448),slideActive=false,wallhopFlick=false,humanoidState=8},
    {type="keyframe",time=0.553316,cframe=CFrame.new(2497.154541,2503.704834,2493.783203,0.551331,0.000000,0.834287,0.000000,1.000000,0.000000,-0.834287,0.000000,0.551331),velocity=Vector3.new(-5.859169, 0.006658, -19.122448),slideActive=false,wallhopFlick=false,humanoidState=8},
    {type="keyframe",time=0.557539,cframe=CFrame.new(2497.105713,2503.704834,2493.623779,0.589641,0.000000,0.807666,0.000000,1.000000,0.000000,-0.807666,0.000000,0.589641),velocity=Vector3.new(-5.847282, 0.006658, -19.126133),slideActive=false,wallhopFlick=false,humanoidState=8},
    {type="keyframe",time=0.561563,cframe=CFrame.new(2497.105713,2503.704834,2493.623779,0.589641,0.000000,0.807666,0.000000,1.000000,0.000000,-0.807666,0.000000,0.589641),velocity=Vector3.new(-5.847282, 0.006658, -19.126133),slideActive=false,wallhopFlick=false,humanoidState=8},
    {type="keyframe",time=0.565716,cframe=CFrame.new(2497.055908,2503.704834,2493.464600,0.623898,0.000000,0.781506,0.000000,1.000000,0.000000,-0.781506,0.000000,0.623898),velocity=Vector3.new(-5.964922, 0.006658, -19.089714),slideActive=false,wallhopFlick=false,humanoidState=8},
    {type="keyframe",time=0.569936,cframe=CFrame.new(2497.055908,2503.704834,2493.464600,0.623898,0.000000,0.781506,0.000000,1.000000,0.000000,-0.781506,0.000000,0.623898),velocity=Vector3.new(-5.964922, 0.006658, -19.089714),slideActive=false,wallhopFlick=false,humanoidState=8},
    {type="keyframe",time=0.574237,cframe=CFrame.new(2497.005127,2503.704834,2493.305908,0.654439,0.000000,0.756115,0.000000,1.000000,0.000000,-0.756115,0.000000,0.654439),velocity=Vector3.new(-6.100176, 0.006658, -19.046896),slideActive=false,wallhopFlick=false,humanoidState=8},
    {type="keyframe",time=0.578345,cframe=CFrame.new(2497.005127,2503.704834,2493.305908,0.654439,0.000000,0.756115,0.000000,1.000000,0.000000,-0.756115,0.000000,0.654439),velocity=Vector3.new(-6.100176, 0.006658, -19.046896),slideActive=false,wallhopFlick=false,humanoidState=8},
    {type="keyframe",time=0.583562,cframe=CFrame.new(2496.953125,2503.704834,2493.147461,0.681629,0.000000,0.731698,0.000000,1.000000,0.000000,-0.731698,0.000000,0.681629),velocity=Vector3.new(-6.237959, 0.006658, -19.002209),slideActive=false,wallhopFlick=false,humanoidState=8},
    {type="keyframe",time=0.586621,cframe=CFrame.new(2496.953125,2503.704834,2493.147461,0.681629,0.000000,0.731698,0.000000,1.000000,0.000000,-0.731698,0.000000,0.681629),velocity=Vector3.new(-6.237959, 0.006658, -19.002209),slideActive=false,wallhopFlick=false,humanoidState=8},
    {type="keyframe",time=0.590811,cframe=CFrame.new(2496.899902,2503.704834,2492.989502,0.705815,0.000000,0.708397,0.000000,1.000000,0.000000,-0.708397,0.000000,0.705815),velocity=Vector3.new(-6.375564, 0.006658, -18.956482),slideActive=false,wallhopFlick=false,humanoidState=8},
    {type="keyframe",time=0.594888,cframe=CFrame.new(2496.899902,2503.704834,2492.989502,0.705815,0.000000,0.708397,0.000000,1.000000,0.000000,-0.708397,0.000000,0.705815),velocity=Vector3.new(-6.375564, 0.006658, -18.956482),slideActive=false,wallhopFlick=false,humanoidState=8},
    {type="keyframe",time=0.600297,cframe=CFrame.new(2496.846191,2503.704834,2492.831787,0.727450,0.000000,0.686160,0.000000,1.000000,0.000000,-0.686160,0.000000,0.727450),velocity=Vector3.new(-6.453788, 0.006658, -18.930054),slideActive=false,wallhopFlick=false,humanoidState=8},
