return {
    {type="keyframe",time=0.004167,cframe=CFrame.new(2500.698242,2503.704834,2509.208252,0.079829,-0.000000,0.996809,-0.000000,1.000000,0.000000,-0.996809,-0.000000,0.079829),velocity=Vector3.new(0.000000, 0.006659, 0.000000),slideActive=false,wallhopFlick=false,humanoidState=8},
    {type="keyframe",time=0.008333,cframe=CFrame.new(2500.698242,2503.704834,2509.208252,0.173054,0.000000,0.984912,0.000000,1.000000,0.000000,-0.984912,0.000000,0.173054),velocity=Vector3.new(0.000000, 0.006659, 0.000000),slideActive=false,wallhopFlick=false,humanoidState=8},
    {type="keyframe",time=0.012500,cframe=CFrame.new(2500.696289,2503.704834,2509.218750,0.173054,0.000000,0.984912,0.000000,1.000000,0.000000,-0.984912,0.000000,0.173054),velocity=Vector3.new(-0.445658, 0.006658, 2.536269),slideActive=false,wallhopFlick=false,humanoidState=8},
    {type="keyframe",time=0.020833,cframe=CFrame.new(2500.692627,2503.704834,2509.239990,0.173054,0.000000,0.984912,0.000000,1.000000,0.000000,-0.984912,0.000000,0.173054),velocity=Vector3.new(-0.891315, 0.006658, 5.072537),slideActive=false,wallhopFlick=false,humanoidState=8},
    {type="keyframe",time=0.029167,cframe=CFrame.new(2500.679688,2503.704834,2509.313965,0.173054,0.000000,0.984912,0.000000,1.000000,0.000000,-0.984912,0.000000,0.173054),velocity=Vector3.new(-1.782631, 0.006658, 10.145075),slideActive=false,wallhopFlick=false,humanoidState=8},
    {type="keyframe",time=0.037500,cframe=CFrame.new(2500.659180,2503.704834,2509.430176,0.173054,0.000000,0.984912,0.000000,1.000000,0.000000,-0.984912,0.000000,0.173054),velocity=Vector3.new(-2.673946, 0.006658, 15.217611),slideActive=false,wallhopFlick=false,humanoidState=8},
    {type="keyframe",time=0.041667,cframe=CFrame.new(2500.632324,2503.704834,2509.583252,0.173054,0.000000,0.984912,0.000000,1.000000,0.000000,-0.984912,0.000000,0.173054),velocity=Vector3.new(-3.333133, 0.006658, 18.969091),slideActive=false,wallhopFlick=false,humanoidState=8},
    {type="keyframe",time=0.045833,cframe=CFrame.new(2500.618164,2503.704834,2509.664307,0.173054,0.000000,0.984912,0.000000,1.000000,0.000000,-0.984912,0.000000,0.173054),velocity=Vector3.new(-3.413207, 0.006658, 19.424795),slideActive=false,wallhopFlick=false,humanoidState=8},
    {type="keyframe",time=0.050000,cframe=CFrame.new(2500.603760,2503.704834,2509.745850,0.173054,0.000000,0.984912,0.000000,1.000000,0.000000,-0.984912,0.000000,0.173054),velocity=Vector3.new(-3.443234, 0.006658, 19.595684),slideActive=false,wallhopFlick=false,humanoidState=8},
    {type="keyframe",time=0.054167,cframe=CFrame.new(2500.589355,2503.704834,2509.827881,0.173054,0.000000,0.984912,0.000000,1.000000,0.000000,-0.984912,0.000000,0.173054),velocity=Vector3.new(-3.454495, 0.006658, 19.659767),slideActive=false,wallhopFlick=false,humanoidState=8},
    {type="keyframe",time=0.058333,cframe=CFrame.new(2500.574951,2503.704834,2509.909912,0.173054,0.000000,0.984912,0.000000,1.000000,0.000000,-0.984912,0.000000,0.173054),velocity=Vector3.new(-3.458717, 0.006658, 19.683798),slideActive=false,wallhopFlick=false,humanoidState=8},
    {type="keyframe",time=0.062500,cframe=CFrame.new(2500.560547,2503.704834,2509.991943,0.173054,0.000000,0.984912,0.000000,1.000000,0.000000,-0.984912,0.000000,0.173054),velocity=Vector3.new(-3.460301, 55.000000, 19.692810),slideActive=false,wallhopFlick=false,humanoidState=3},
    {type="keyframe",time=0.066667,cframe=CFrame.new(2500.546143,2503.930664,2510.073975,0.173054,0.000000,0.984912,0.000000,1.000000,0.000000,-0.984912,0.000000,0.173054),velocity=Vector3.new(-3.460301, 54.182499, 19.692810),slideActive=false,wallhopFlick=false,humanoidState=5},
    {type="keyframe",time=0.070833,cframe=CFrame.new(2500.531738,2504.153076,2510.156006,0.173054,0.000000,0.984912,0.000000,1.000000,0.000000,-0.984912,0.000000,0.173054),velocity=Vector3.new(-3.460895, 53.364998, 19.696190),slideActive=false,wallhopFlick=false,humanoidState=5},
    {type="keyframe",time=0.075000,cframe=CFrame.new(2500.517334,2504.372070,2510.238037,0.173054,0.000000,0.984912,0.000000,1.000000,0.000000,-0.984912,0.000000,0.173054),velocity=Vector3.new(-3.461117, 52.547497, 19.697456),slideActive=false,wallhopFlick=false,humanoidState=5},
    {type="keyframe",time=0.079167,cframe=CFrame.new(2500.502930,2504.587646,2510.320068,0.173054,0.000000,0.984912,0.000000,1.000000,0.000000,-0.984912,0.000000,0.173054),velocity=Vector3.new(-3.461201, 51.729996, 19.697931),slideActive=false,wallhopFlick=false,humanoidState=5},
    {type="keyframe",time=0.083333,cframe=CFrame.new(2500.488525,2504.799805,2510.402100,0.173054,0.000000,0.984912,0.000000,1.000000,0.000000,-0.984912,0.000000,0.173054),velocity=Vector3.new(-3.461232, 50.912495, 19.698111),slideActive=false,wallhopFlick=false,humanoidState=5},
    {type="keyframe",time=0.087500,cframe=CFrame.new(2500.474121,2505.008545,2510.484131,0.173054,0.000000,0.984912,0.000000,1.000000,0.000000,-0.984912,0.000000,0.173054),velocity=Vector3.new(-3.461244, 50.094994, 19.698177),slideActive=false,wallhopFlick=false,humanoidState=5},
    {type="keyframe",time=0.091667,cframe=CFrame.new(2500.459717,2505.213867,2510.566162,0.173054,0.000000,0.984912,0.000000,1.000000,0.000000,-0.984912,0.000000,0.173054),velocity=Vector3.new(-3.461248, 49.277493, 19.698202),slideActive=false,wallhopFlick=false,humanoidState=5},
    {type="keyframe",time=0.095833,cframe=CFrame.new(2500.445312,2505.415771,2510.648193,0.173054,0.000000,0.984912,0.000000,1.000000,0.000000,-0.984912,0.000000,0.173054),velocity=Vector3.new(-3.461250, 48.459991, 19.698212),slideActive=false,wallhopFlick=false,humanoidState=5},
    {type="keyframe",time=0.100000,cframe=CFrame.new(2500.430908,2505.614258,2510.730225,0.173054,0.000000,0.984912,0.000000,1.000000,0.000000,-0.984912,0.000000,0.173054),velocity=Vector3.new(-3.461250, 47.642490, 19.698215),slideActive=false,wallhopFlick=false,humanoidState=5},
    {type="keyframe",time=0.104167,cframe=CFrame.new(2500.416504,2505.809326,2510.812256,0.173054,0.000000,0.984912,0.000000,1.000000,0.000000,-0.984912,0.000000,0.173054),velocity=Vector3.new(-3.461251, 46.824989, 19.698217),slideActive=false,wallhopFlick=false,humanoidState=5},
    {type="keyframe",time=0.108333,cframe=CFrame.new(2500.402100,2506.000977,2510.894287,0.173054,0.000000,0.984912,0.000000,1.000000,0.000000,-0.984912,0.000000,0.173054),velocity=Vector3.new(-3.461251, 46.007488, 19.698217),slideActive=false,wallhopFlick=false,humanoidState=5},
    {type="keyframe",time=0.112500,cframe=CFrame.new(2500.387695,2506.189209,2510.976318,0.173054,0.000000,0.984912,0.000000,1.000000,0.000000,-0.984912,0.000000,0.173054),velocity=Vector3.new(-3.461251, 45.189987, 19.698217),slideActive=false,wallhopFlick=false,humanoidState=5},
    {type="keyframe",time=0.120833,cframe=CFrame.new(2500.373291,2506.374023,2511.058350,0.173054,0.000000,0.984912,0.000000,1.000000,0.000000,-0.984912,0.000000,0.173054),velocity=Vector3.new(-3.461251, 44.372486, 19.698217),slideActive=false,wallhopFlick=false,humanoidState=5},
    {type="keyframe",time=0.129167,cframe=CFrame.new(2500.344482,2506.733398,2511.222412,0.173054,0.000000,0.984912,0.000000,1.000000,0.000000,-0.984912,0.000000,0.173054),velocity=Vector3.new(-3.461251, 42.737484, 19.698217),slideActive=false,wallhopFlick=false,humanoidState=5},
    {type="keyframe",time=0.137500,cframe=CFrame.new(2500.315674,2507.079102,2511.386475,0.173054,0.000000,0.984912,0.000000,1.000000,0.000000,-0.984912,0.000000,0.173054),velocity=Vector3.new(-3.461251, 41.102482, 19.698217),slideActive=false,wallhopFlick=false,humanoidState=5},
    {type="keyframe",time=0.141667,cframe=CFrame.new(2500.286865,2507.411621,2511.550537,0.173054,0.000000,0.984912,0.000000,1.000000,0.000000,-0.984912,0.000000,0.173054),velocity=Vector3.new(-3.461251, 39.467480, 19.698217),slideActive=false,wallhopFlick=false,humanoidState=5},
    {type="keyframe",time=0.145833,cframe=CFrame.new(2500.272461,2507.572754,2511.632568,0.173054,0.000000,0.984912,0.000000,1.000000,0.000000,-0.984912,0.000000,0.173054),velocity=Vector3.new(-3.461251, 38.649979, 19.698217),slideActive=false,wallhopFlick=false,humanoidState=5},
    {type="keyframe",time=0.150000,cframe=CFrame.new(2500.258057,2507.730469,2511.714600,0.173054,0.000000,0.984912,0.000000,1.000000,0.000000,-0.984912,0.000000,0.173054),velocity=Vector3.new(-3.461251, 37.832478, 19.698217),slideActive=false,wallhopFlick=false,humanoidState=5},
    {type="keyframe",time=0.158333,cframe=CFrame.new(2500.243652,2507.884766,2511.796631,0.173054,0.000000,0.984912,0.000000,1.000000,0.000000,-0.984912,0.000000,0.173054),velocity=Vector3.new(-3.461251, 37.014977, 19.698217),slideActive=false,wallhopFlick=false,humanoidState=5},
    {type="keyframe",time=0.162500,cframe=CFrame.new(2500.214844,2508.183105,2511.960693,0.173054,0.000000,0.984912,0.000000,1.000000,0.000000,-0.984912,0.000000,0.173054),velocity=Vector3.new(-3.461251, 35.379974, 19.698217),slideActive=false,wallhopFlick=false,humanoidState=5},
    {type="keyframe",time=0.166667,cframe=CFrame.new(2500.200439,2508.327148,2512.042725,0.173054,0.000000,0.984912,0.000000,1.000000,0.000000,-0.984912,0.000000,0.173054),velocity=Vector3.new(-3.461251, 34.562473, 19.698217),slideActive=false,wallhopFlick=false,humanoidState=5},
    {type="keyframe",time=0.170833,cframe=CFrame.new(2500.186035,2508.467773,2512.124756,0.173054,0.000000,0.984912,0.000000,1.000000,0.000000,-0.984912,0.000000,0.173054),velocity=Vector3.new(-3.461251, 33.744972, 19.698217),slideActive=false,wallhopFlick=false,humanoidState=5},
    {type="keyframe",time=0.179167,cframe=CFrame.new(2500.171631,2508.604980,2512.206787,0.173054,0.000000,0.984912,0.000000,1.000000,0.000000,-0.984912,0.000000,0.173054),velocity=Vector3.new(-3.461251, 32.927471, 19.698217),slideActive=false,wallhopFlick=false,humanoidState=5},
    {type="keyframe",time=0.187500,cframe=CFrame.new(2500.142822,2508.869141,2512.370850,0.173054,0.000000,0.984912,0.000000,1.000000,0.000000,-0.984912,0.000000,0.173054),velocity=Vector3.new(-3.461251, 31.292471, 19.698217),slideActive=false,wallhopFlick=false,humanoidState=5},
    {type="keyframe",time=0.191667,cframe=CFrame.new(2500.114014,2509.119629,2512.534912,0.173054,0.000000,0.984912,0.000000,1.000000,0.000000,-0.984912,0.000000,0.173054),velocity=Vector3.new(-3.461251, 29.657473, 19.698217),slideActive=false,wallhopFlick=false,humanoidState=5},
    {type="keyframe",time=0.195833,cframe=CFrame.new(2500.099609,2509.239746,2512.616943,0.173054,0.000000,0.984912,0.000000,1.000000,0.000000,-0.984912,0.000000,0.173054),velocity=Vector3.new(-3.461251, 28.839973, 19.698217),slideActive=false,wallhopFlick=false,humanoidState=5},
    {type="keyframe",time=0.204167,cframe=CFrame.new(2500.085205,2509.356445,2512.698975,0.173054,0.000000,0.984912,0.000000,1.000000,0.000000,-0.984912,0.000000,0.173054),velocity=Vector3.new(-3.461251, 28.022474, 19.698217),slideActive=false,wallhopFlick=false,humanoidState=5},
    {type="keyframe",time=0.212500,cframe=CFrame.new(2500.056396,2509.579590,2512.863037,0.173054,0.000000,0.984912,0.000000,1.000000,0.000000,-0.984912,0.000000,0.173054),velocity=Vector3.new(-3.461251, 26.387476, 19.698217),slideActive=false,wallhopFlick=false,humanoidState=5},
    {type="keyframe",time=0.216667,cframe=CFrame.new(2500.027588,2509.789062,2513.027100,0.173054,0.000000,0.984912,0.000000,1.000000,0.000000,-0.984912,0.000000,0.173054),velocity=Vector3.new(-3.461251, 24.752478, 19.698217),slideActive=false,wallhopFlick=false,humanoidState=5},
    {type="keyframe",time=0.225000,cframe=CFrame.new(2500.013184,2509.888672,2513.109131,0.173054,0.000000,0.984912,0.000000,1.000000,0.000000,-0.984912,0.000000,0.173054),velocity=Vector3.new(-3.461251, 23.934978, 19.698217),slideActive=false,wallhopFlick=false,humanoidState=5},
    {type="keyframe",time=0.233333,cframe=CFrame.new(2499.984375,2510.078125,2513.273193,0.173054,0.000000,0.984912,0.000000,1.000000,0.000000,-0.984912,0.000000,0.173054),velocity=Vector3.new(-3.461251, 22.299980, 19.698217),slideActive=false,wallhopFlick=false,humanoidState=5},
    {type="keyframe",time=0.237500,cframe=CFrame.new(2499.955566,2510.253906,2513.437256,0.173054,0.000000,0.984912,0.000000,1.000000,0.000000,-0.984912,0.000000,0.173054),velocity=Vector3.new(-3.461251, 20.664982, 19.698217),slideActive=false,wallhopFlick=false,humanoidState=5},
    {type="keyframe",time=0.245833,cframe=CFrame.new(2499.941162,2510.336670,2513.519287,0.173054,0.000000,0.984912,0.000000,1.000000,0.000000,-0.984912,0.000000,0.173054),velocity=Vector3.new(-3.461251, 19.847483, 19.698217),slideActive=false,wallhopFlick=false,humanoidState=5},
    {type="keyframe",time=0.250000,cframe=CFrame.new(2499.912354,2510.491943,2513.683350,0.173054,0.000000,0.984912,0.000000,1.000000,0.000000,-0.984912,0.000000,0.173054),velocity=Vector3.new(-3.461251, 18.212484, 19.698217),slideActive=false,wallhopFlick=false,humanoidState=5},
    {type="keyframe",time=0.258333,cframe=CFrame.new(2499.897949,2510.564453,2513.765381,0.173054,0.000000,0.984912,0.000000,1.000000,0.000000,-0.984912,0.000000,0.173054),velocity=Vector3.new(-3.461251, 17.394985, 19.698217),slideActive=false,wallhopFlick=false,humanoidState=5},
    {type="keyframe",time=0.266667,cframe=CFrame.new(2499.869141,2510.699219,2513.929443,0.173054,0.000000,0.984912,0.000000,1.000000,0.000000,-0.984912,0.000000,0.173054),velocity=Vector3.new(-3.461251, 15.759986, 19.698217),slideActive=false,wallhopFlick=false,humanoidState=5},
    {type="keyframe",time=0.275000,cframe=CFrame.new(2499.840332,2510.820312,2514.093506,0.173054,0.000000,0.984912,0.000000,1.000000,0.000000,-0.984912,0.000000,0.173054),velocity=Vector3.new(-3.461251, 14.124986, 19.698217),slideActive=false,wallhopFlick=false,humanoidState=5},
    {type="keyframe",time=0.283333,cframe=CFrame.new(2499.811523,2510.927734,2514.257568,0.173054,0.000000,0.984912,0.000000,1.000000,0.000000,-0.984912,0.000000,0.173054),velocity=Vector3.new(-3.461251, 12.489985, 19.698217),slideActive=false,wallhopFlick=false,humanoidState=5},
    {type="keyframe",time=0.291667,cframe=CFrame.new(2499.782715,2511.021484,2514.421631,0.173054,0.000000,0.984912,0.000000,1.000000,0.000000,-0.984912,0.000000,0.173054),velocity=Vector3.new(-3.461251, 10.854985, 19.698217),slideActive=false,wallhopFlick=false,humanoidState=5},
    {type="keyframe",time=0.300000,cframe=CFrame.new(2499.753906,2511.101562,2514.585693,0.173054,0.000000,0.984912,0.000000,1.000000,0.000000,-0.984912,0.000000,0.173054),velocity=Vector3.new(-3.461251, 9.219985, 19.698217),slideActive=false,wallhopFlick=false,humanoidState=5},
    {type="keyframe",time=0.304167,cframe=CFrame.new(2499.725098,2511.167969,2514.749756,0.173054,0.000000,0.984912,0.000000,1.000000,0.000000,-0.984912,0.000000,0.173054),velocity=Vector3.new(-3.461251, 7.584985, 19.698217),slideActive=false,wallhopFlick=false,humanoidState=5},
    {type="keyframe",time=0.312500,cframe=CFrame.new(2499.710693,2511.196045,2514.831787,0.173054,0.000000,0.984912,0.000000,1.000000,0.000000,-0.984912,0.000000,0.173054),velocity=Vector3.new(-3.461251, 6.767485, 19.698217),slideActive=false,wallhopFlick=false,humanoidState=5},
    {type="keyframe",time=0.320833,cframe=CFrame.new(2499.681885,2511.242432,2514.995850,0.173054,0.000000,0.984912,0.000000,1.000000,0.000000,-0.984912,0.000000,0.173054),velocity=Vector3.new(-3.461251, 5.132484, 19.698217),slideActive=false,wallhopFlick=false,humanoidState=5},
    {type="keyframe",time=0.325000,cframe=CFrame.new(2499.653076,2511.275146,2515.159912,0.165908,0.000000,0.986141,0.000000,1.000000,0.000000,-0.986141,0.000000,0.165908),velocity=Vector3.new(-3.461251, 3.497484, 19.698217),slideActive=false,wallhopFlick=false,humanoidState=5},
    {type="keyframe",time=0.329167,cframe=CFrame.new(2499.638916,2511.286377,2515.241943,0.165908,0.000000,0.986141,0.000000,1.000000,0.000000,-0.986141,0.000000,0.165908),velocity=Vector3.new(-3.416438, 2.679984, 19.706007),slideActive=false,wallhopFlick=false,humanoidState=5},
    {type="keyframe",time=0.333333,cframe=CFrame.new(2499.625000,2511.294189,2515.323975,0.165908,0.000000,0.986141,0.000000,1.000000,0.000000,-0.986141,0.000000,0.165908),velocity=Vector3.new(-3.354792, 1.862484, 19.716557),slideActive=false,wallhopFlick=false,humanoidState=5},
    {type="keyframe",time=0.341667,cframe=CFrame.new(2499.611084,2511.298584,2515.406250,0.158728,0.000000,0.987322,0.000000,1.000000,0.000000,-0.987322,0.000000,0.158728),velocity=Vector3.new(-3.331675, 1.044984, 19.720512),slideActive=false,wallhopFlick=false,humanoidState=5},
    {type="keyframe",time=0.345833,cframe=CFrame.new(2499.584717,2511.297119,2515.563477,0.147978,0.000000,0.988991,0.000000,1.000000,0.000000,-0.988991,0.000000,0.147978),velocity=Vector3.new(-3.133575, -0.590016, 18.545425),slideActive=false,wallhopFlick=false,humanoidState=5},
    {type="keyframe",time=0.350000,cframe=CFrame.new(2499.572021,2511.291260,2515.638184,0.137166,0.000000,0.990548,0.000000,1.000000,0.000000,-0.990548,0.000000,0.137166),velocity=Vector3.new(-3.036729, -1.407516, 17.957516),slideActive=false,wallhopFlick=false,humanoidState=5},
    {type="keyframe",time=0.358333,cframe=CFrame.new(2499.559814,2511.281982,2515.710449,0.137166,0.000000,0.990548,0.000000,1.000000,0.000000,-0.990548,0.000000,0.137166),velocity=Vector3.new(-2.943232, -2.225016, 17.369064),slideActive=false,wallhopFlick=false,humanoidState=5},
    {type="keyframe",time=0.366667,cframe=CFrame.new(2499.536377,2511.253174,2515.847656,0.122758,0.000000,0.992437,0.000000,1.000000,0.000000,-0.992437,0.000000,0.122758),velocity=Vector3.new(-2.763062, -3.860016, 16.191097),slideActive=false,wallhopFlick=false,humanoidState=5},
    {type="keyframe",time=0.375000,cframe=CFrame.new(2499.514404,2511.210693,2515.975098,0.108342,0.000000,0.994114,0.000000,1.000000,0.000000,-0.994114,0.000000,0.108342),velocity=Vector3.new(-2.592289, -5.495016, 15.011730),slideActive=false,wallhopFlick=false,humanoidState=7},
    {type="keyframe",time=0.379167,cframe=CFrame.new(2499.497314,2511.373779,2516.068359,0.093876,0.000000,0.995584,0.000000,1.000000,0.000000,-0.995584,0.000000,0.093876),velocity=Vector3.new(-1.854228, 24.612900, 9.914639),slideActive=false,wallhopFlick=false,humanoidState=7},
    {type="keyframe",time=0.383333,cframe=CFrame.new(2499.490967,2511.493652,2516.099121,0.072159,0.000000,0.997393,0.000000,1.000000,0.000000,-0.997393,0.000000,0.072159),velocity=Vector3.new(-1.534506, 28.795244, 7.359438),slideActive=false,wallhopFlick=false,humanoidState=7},
    {type="keyframe",time=0.391667,cframe=CFrame.new(2499.485840,2511.616943,2516.119141,0.072159,0.000000,0.997393,0.000000,1.000000,0.000000,-0.997393,0.000000,0.072159),velocity=Vector3.new(-1.214784, 29.562267, 4.804238),slideActive=false,wallhopFlick=false,humanoidState=7},
    {type="keyframe",time=0.395833,cframe=CFrame.new(2499.479248,2511.845215,2516.127197,0.050407,0.000000,0.998729,0.000000,1.000000,0.000000,-0.998729,0.000000,0.050407),velocity=Vector3.new(-0.664834, 26.346764, -0.316566),slideActive=false,wallhopFlick=false,humanoidState=7},
    {type="keyframe",time=0.404167,cframe=CFrame.new(2499.477295,2511.944580,2516.115234,0.028657,0.000000,0.999589,0.000000,1.000000,0.000000,-0.999589,0.000000,0.028657),velocity=Vector3.new(-0.446457, 23.841476, -2.882415),slideActive=false,wallhopFlick=false,humanoidState=7},
    {type="keyframe",time=0.408333,cframe=CFrame.new(2499.476318,2512.111328,2516.059082,0.006855,0.000000,0.999977,0.000000,1.000000,0.000000,-0.999977,0.000000,0.006855),velocity=Vector3.new(-0.009702, 18.726748, -8.014112),slideActive=false,wallhopFlick=false,humanoidState=7},
    {type="keyframe",time=0.412500,cframe=CFrame.new(2499.476318,2512.179688,2516.014893,-0.011319,0.000000,0.999936,0.000000,1.000000,0.000000,-0.999936,0.000000,-0.011319),velocity=Vector3.new(0.021828, 16.387552, -10.589045),slideActive=false,wallhopFlick=false,humanoidState=7},
    {type="keyframe",time=0.416667,cframe=CFrame.new(2499.476562,2512.239014,2515.959961,-0.011319,0.000000,0.999936,0.000000,1.000000,0.000000,-0.999936,0.000000,-0.011319),velocity=Vector3.new(0.053359, 14.265995, -13.163977),slideActive=false,wallhopFlick=false,humanoidState=7},
    {type="keyframe",time=0.420833,cframe=CFrame.new(2499.476318,2512.290527,2515.894287,-0.029438,0.000000,0.999567,0.000000,1.000000,0.000000,-0.999567,0.000000,-0.029438),velocity=Vector3.new(-0.051867, 12.375241, -15.736951),slideActive=false,wallhopFlick=false,humanoidState=8},
    {type="keyframe",time=0.425000,cframe=CFrame.new(2499.476074,2512.338623,2515.831299,-0.029438,0.000000,0.999567,0.000000,1.000000,0.000000,-0.999567,0.000000,-0.029438),velocity=Vector3.new(-0.049903, 55.000000, -15.141121),slideActive=false,wallhopFlick=false,humanoidState=3},
    {type="keyframe",time=0.429167,cframe=CFrame.new(2499.475830,2512.564453,2515.768311,-0.029438,0.000000,0.999567,0.000000,1.000000,0.000000,-0.999567,0.000000,-0.029438),velocity=Vector3.new(-0.049903, 54.182499, -15.141121),slideActive=false,wallhopFlick=false,humanoidState=5},
    {type="keyframe",time=0.433333,cframe=CFrame.new(2499.475342,2512.786865,2515.702637,-0.043945,0.000000,0.999034,0.000000,1.000000,0.000000,-0.999034,0.000000,-0.043945),velocity=Vector3.new(-0.115697, 53.364998, -15.733311),slideActive=false,wallhopFlick=false,humanoidState=5},
    {type="keyframe",time=0.437500,cframe=CFrame.new(2499.474609,2513.005859,2515.634521,-0.043945,0.000000,0.999034,0.000000,1.000000,0.000000,-0.999034,0.000000,-0.043945),velocity=Vector3.new(-0.181490, 52.547497, -16.325500),slideActive=false,wallhopFlick=false,humanoidState=5},
    {type="keyframe",time=0.441667,cframe=CFrame.new(2499.473389,2513.221436,2515.563965,-0.051194,0.000000,0.998689,0.000000,1.000000,0.000000,-0.998689,0.000000,-0.051194),velocity=Vector3.new(-0.293160, 51.729996, -16.910776),slideActive=false,wallhopFlick=false,humanoidState=5},
    {type="keyframe",time=0.445833,cframe=CFrame.new(2499.471680,2513.433594,2515.490967,-0.058452,0.000000,0.998290,0.000000,1.000000,0.000000,-0.998290,0.000000,-0.058452),velocity=Vector3.new(-0.404830, 50.912495, -17.496052),slideActive=false,wallhopFlick=false,humanoidState=5},
    {type="keyframe",time=0.450000,cframe=CFrame.new(2499.469482,2513.642334,2515.415771,-0.058452,0.000000,0.998290,0.000000,1.000000,0.000000,-0.998290,0.000000,-0.058452),velocity=Vector3.new(-0.549213, 50.094994, -18.074127),slideActive=false,wallhopFlick=false,humanoidState=5},
    {type="keyframe",time=0.454167,cframe=CFrame.new(2499.466309,2513.847656,2515.338135,-0.058452,0.000000,0.998290,0.000000,1.000000,0.000000,-0.998290,0.000000,-0.058452),velocity=Vector3.new(-0.734757, 49.277493, -18.640335),slideActive=false,wallhopFlick=false,humanoidState=5},
    {type="keyframe",time=0.458333,cframe=CFrame.new(2499.462402,2514.049561,2515.258057,-0.058452,0.000000,0.998290,0.000000,1.000000,0.000000,-0.998290,0.000000,-0.058452),velocity=Vector3.new(-0.920302, 48.459991, -19.206543),slideActive=false,wallhopFlick=false,humanoidState=5},
    {type="keyframe",time=0.462500,cframe=CFrame.new(2499.458008,2514.248047,2515.176025,-0.058452,0.000000,0.998290,0.000000,1.000000,0.000000,-0.998290,0.000000,-0.058452),velocity=Vector3.new(-1.075805, 47.642490, -19.681076),slideActive=false,wallhopFlick=false,humanoidState=5},
    {type="keyframe",time=0.466667,cframe=CFrame.new(2499.453369,2514.443115,2515.093262,-0.058452,0.000000,0.998290,0.000000,1.000000,0.000000,-0.998290,0.000000,-0.058452),velocity=Vector3.new(-1.134119, 46.824989, -19.859028),slideActive=false,wallhopFlick=false,humanoidState=5},
    {type="keyframe",time=0.470833,cframe=CFrame.new(2499.448486,2514.634766,2515.010254,-0.062109,0.000000,0.998069,0.000000,1.000000,0.000000,-0.998069,0.000000,-0.062109),velocity=Vector3.new(-1.155987, 46.007488, -19.925758),slideActive=false,wallhopFlick=false,humanoidState=5},
    {type="keyframe",time=0.475000,cframe=CFrame.new(2499.443604,2514.822998,2514.927246,-0.062109,0.000000,0.998069,0.000000,1.000000,0.000000,-0.998069,0.000000,-0.062109),velocity=Vector3.new(-1.164187, 45.189987, -19.950783),slideActive=false,wallhopFlick=false,humanoidState=5},
    {type="keyframe",time=0.479167,cframe=CFrame.new(2499.438477,2515.007812,2514.843994,-0.062109,0.000000,0.998069,0.000000,1.000000,0.000000,-0.998069,0.000000,-0.062109),velocity=Vector3.new(-1.212803, 44.372486, -19.957417),slideActive=false,wallhopFlick=false,humanoidState=5},
    {type="keyframe",time=0.483333,cframe=CFrame.new(2499.433350,2515.189209,2514.760742,-0.062109,0.000000,0.998069,0.000000,1.000000,0.000000,-0.998069,0.000000,-0.062109),velocity=Vector3.new(-1.231035, 43.554985, -19.959904),slideActive=false,wallhopFlick=false,humanoidState=5},
    {type="keyframe",time=0.487500,cframe=CFrame.new(2499.428223,2515.367188,2514.677490,-0.062109,0.000000,0.998069,0.000000,1.000000,0.000000,-0.998069,0.000000,-0.062109),velocity=Vector3.new(-1.237871, 42.737484, -19.960836),slideActive=false,wallhopFlick=false,humanoidState=5},
    {type="keyframe",time=0.491667,cframe=CFrame.new(2499.423096,2515.541748,2514.594238,-0.062109,0.000000,0.998069,0.000000,1.000000,0.000000,-0.998069,0.000000,-0.062109),velocity=Vector3.new(-1.240435, 41.919983, -19.961187),slideActive=false,wallhopFlick=false,humanoidState=5},
    {type="keyframe",time=0.495833,cframe=CFrame.new(2499.417969,2515.712891,2514.510986,-0.062109,0.000000,0.998069,0.000000,1.000000,0.000000,-0.998069,0.000000,-0.062109),velocity=Vector3.new(-1.241396, 41.102482, -19.961319),slideActive=false,wallhopFlick=false,humanoidState=5},
    {type="keyframe",time=0.500000,cframe=CFrame.new(2499.412842,2515.880859,2514.427734,-0.062109,0.000000,0.998069,0.000000,1.000000,0.000000,-0.998069,0.000000,-0.062109),velocity=Vector3.new(-1.241757, 40.284981, -19.961369),slideActive=false,wallhopFlick=false,humanoidState=5},
    {type="keyframe",time=0.504167,cframe=CFrame.new(2499.407715,2516.045410,2514.344482,-0.062109,0.000000,0.998069,0.000000,1.000000,0.000000,-0.998069,0.000000,-0.062109),velocity=Vector3.new(-1.241892, 39.467480, -19.961386),slideActive=false,wallhopFlick=false,humanoidState=5},
    {type="keyframe",time=0.512500,cframe=CFrame.new(2499.402588,2516.206543,2514.261230,-0.062109,0.000000,0.998069,0.000000,1.000000,0.000000,-0.998069,0.000000,-0.062109),velocity=Vector3.new(-1.241943, 38.649979, -19.961393),slideActive=false,wallhopFlick=false,humanoidState=5},
    {type="keyframe",time=0.520833,cframe=CFrame.new(2499.392334,2516.518555,2514.094727,-0.062109,0.000000,0.998069,0.000000,1.000000,0.000000,-0.998069,0.000000,-0.062109),velocity=Vector3.new(-1.241969, 37.014977, -19.961397),slideActive=false,wallhopFlick=false,humanoidState=5},
    {type="keyframe",time=0.525000,cframe=CFrame.new(2499.382080,2516.816895,2513.928223,-0.062109,0.000000,0.998069,0.000000,1.000000,0.000000,-0.998069,0.000000,-0.062109),velocity=Vector3.new(-1.241973, 35.379974, -19.961397),slideActive=false,wallhopFlick=false,humanoidState=5},
    {type="keyframe",time=0.529167,cframe=CFrame.new(2499.376953,2516.960938,2513.844971,-0.062109,0.000000,0.998069,0.000000,1.000000,0.000000,-0.998069,0.000000,-0.062109),velocity=Vector3.new(-1.241973, 34.562473, -19.961397),slideActive=false,wallhopFlick=false,humanoidState=5},
    {type="keyframe",time=0.533333,cframe=CFrame.new(2499.371826,2517.101562,2513.761719,-0.062109,0.000000,0.998069,0.000000,1.000000,0.000000,-0.998069,0.000000,-0.062109),velocity=Vector3.new(-1.241973, 33.744972, -19.961397),slideActive=false,wallhopFlick=false,humanoidState=5},
    {type="keyframe",time=0.541667,cframe=CFrame.new(2499.366699,2517.238770,2513.678467,-0.062109,0.000000,0.998069,0.000000,1.000000,0.000000,-0.998069,0.000000,-0.062109),velocity=Vector3.new(-1.241973, 32.927471, -19.961397),slideActive=false,wallhopFlick=false,humanoidState=5},
    {type="keyframe",time=0.550000,cframe=CFrame.new(2499.356445,2517.502930,2513.511963,-0.062109,0.000000,0.998069,0.000000,1.000000,0.000000,-0.998069,0.000000,-0.062109),velocity=Vector3.new(-1.241973, 31.292471, -19.961397),slideActive=false,wallhopFlick=false,humanoidState=5},
    {type="keyframe",time=0.558333,cframe=CFrame.new(2499.346191,2517.753418,2513.345459,-0.062109,0.000000,0.998069,0.000000,1.000000,0.000000,-0.998069,0.000000,-0.062109),velocity=Vector3.new(-1.241973, 29.657473, -19.961397),slideActive=false,wallhopFlick=false,humanoidState=5},
    {type="keyframe",time=0.566667,cframe=CFrame.new(2499.335938,2517.990234,2513.178955,-0.062109,0.000000,0.998069,0.000000,1.000000,0.000000,-0.998069,0.000000,-0.062109),velocity=Vector3.new(-1.241973, 28.022474, -19.961397),slideActive=false,wallhopFlick=false,humanoidState=5},
    {type="keyframe",time=0.575000,cframe=CFrame.new(2499.325684,2518.213379,2513.012451,-0.062109,0.000000,0.998069,0.000000,1.000000,0.000000,-0.998069,0.000000,-0.062109),velocity=Vector3.new(-1.241973, 26.387476, -19.961397),slideActive=false,wallhopFlick=false,humanoidState=5},
    {type="keyframe",time=0.583333,cframe=CFrame.new(2499.315430,2518.422852,2512.845947,-0.062109,0.000000,0.998069,0.000000,1.000000,0.000000,-0.998069,0.000000,-0.062109),velocity=Vector3.new(-1.241973, 24.752478, -19.961397),slideActive=false,wallhopFlick=false,humanoidState=5},
    {type="keyframe",time=0.591667,cframe=CFrame.new(2499.305176,2518.618896,2512.679443,-0.062109,0.000000,0.998069,0.000000,1.000000,0.000000,-0.998069,0.000000,-0.062109),velocity=Vector3.new(-1.241973, 23.117479, -19.961397),slideActive=false,wallhopFlick=false,humanoidState=5},
    {type="keyframe",time=0.600000,cframe=CFrame.new(2499.294922,2518.801514,2512.512939,-0.062109,0.000000,0.998069,0.000000,1.000000,0.000000,-0.998069,0.000000,-0.062109),velocity=Vector3.new(-1.241973, 21.482481, -19.961397),slideActive=false,wallhopFlick=false,humanoidState=5},
    {type="keyframe",time=0.604167,cframe=CFrame.new(2499.284668,2518.970459,2512.346436,-0.062109,0.000000,0.998069,0.000000,1.000000,0.000000,-0.998069,0.000000,-0.062109),velocity=Vector3.new(-1.241973, 19.847483, -19.961397),slideActive=false,wallhopFlick=false,humanoidState=5},
    {type="keyframe",time=0.608333,cframe=CFrame.new(2499.279541,2519.049805,2512.263184,-0.062109,0.000000,0.998069,0.000000,1.000000,0.000000,-0.998069,0.000000,-0.062109),velocity=Vector3.new(-1.241973, 19.029984, -19.961397),slideActive=false,wallhopFlick=false,humanoidState=5},
    {type="keyframe",time=0.616667,cframe=CFrame.new(2499.274414,2519.125732,2512.179932,-0.062109,0.000000,0.998069,0.000000,1.000000,0.000000,-0.998069,0.000000,-0.062109),velocity=Vector3.new(-1.241973, 18.212484, -19.961397),slideActive=false,wallhopFlick=false,humanoidState=5},
    {type="keyframe",time=0.620833,cframe=CFrame.new(2499.264160,2519.267334,2512.013428,-0.062109,0.000000,0.998069,0.000000,1.000000,0.000000,-0.998069,0.000000,-0.062109),velocity=Vector3.new(-1.241973, 16.577486, -19.961397),slideActive=false,wallhopFlick=false,humanoidState=5},
    {type="keyframe",time=0.629167,cframe=CFrame.new(2499.259033,2519.333008,2511.930176,-0.062109,0.000000,0.998069,0.000000,1.000000,0.000000,-0.998069,0.000000,-0.062109),velocity=Vector3.new(-1.241973, 15.759986, -19.961397),slideActive=false,wallhopFlick=false,humanoidState=5},
    {type="keyframe",time=0.637500,cframe=CFrame.new(2499.248779,2519.454102,2511.763672,-0.062109,0.000000,0.998069,0.000000,1.000000,0.000000,-0.998069,0.000000,-0.062109),velocity=Vector3.new(-1.241973, 14.124986, -19.961397),slideActive=false,wallhopFlick=false,humanoidState=5},
    {type="keyframe",time=0.641667,cframe=CFrame.new(2499.238525,2519.561523,2511.597168,-0.062109,0.000000,0.998069,0.000000,1.000000,0.000000,-0.998069,0.000000,-0.062109),velocity=Vector3.new(-1.241973, 12.489985, -19.961397),slideActive=false,wallhopFlick=false,humanoidState=5},
    {type="keyframe",time=0.650000,cframe=CFrame.new(2499.233398,2519.610107,2511.513916,-0.062109,0.000000,0.998069,0.000000,1.000000,0.000000,-0.998069,0.000000,-0.062109),velocity=Vector3.new(-1.241973, 11.672485, -19.961397),slideActive=false,wallhopFlick=false,humanoidState=5},
    {type="keyframe",time=0.658333,cframe=CFrame.new(2499.223145,2519.697021,2511.347412,-0.062109,0.000000,0.998069,0.000000,1.000000,0.000000,-0.998069,0.000000,-0.062109),velocity=Vector3.new(-1.241973, 10.037485, -19.961397),slideActive=false,wallhopFlick=false,humanoidState=5},
    {type="keyframe",time=0.662500,cframe=CFrame.new(2499.212891,2519.770264,2511.180908,-0.062109,0.000000,0.998069,0.000000,1.000000,0.000000,-0.998069,0.000000,-0.062109),velocity=Vector3.new(-1.241973, 8.402485, -19.961397),slideActive=false,wallhopFlick=false,humanoidState=5},
    {type="keyframe",time=0.666667,cframe=CFrame.new(2499.207764,2519.801758,2511.097656,-0.062109,0.000000,0.998069,0.000000,1.000000,0.000000,-0.998069,0.000000,-0.062109),velocity=Vector3.new(-1.241973, 7.584985, -19.961397),slideActive=false,wallhopFlick=false,humanoidState=5},
    {type="keyframe",time=0.675000,cframe=CFrame.new(2499.202637,2519.829834,2511.014404,-0.062109,0.000000,0.998069,0.000000,1.000000,0.000000,-0.998069,0.000000,-0.062109),velocity=Vector3.new(-1.241973, 6.767485, -19.961397),slideActive=false,wallhopFlick=false,humanoidState=5},
    {type="keyframe",time=0.683333,cframe=CFrame.new(2499.192383,2519.876221,2510.847900,-0.062109,0.000000,0.998069,0.000000,1.000000,0.000000,-0.998069,0.000000,-0.062109),velocity=Vector3.new(-1.241973, 5.132484, -19.961397),slideActive=false,wallhopFlick=false,humanoidState=5},
    {type="keyframe",time=0.687500,cframe=CFrame.new(2499.182129,2519.908936,2510.681396,-0.062109,0.000000,0.998069,0.000000,1.000000,0.000000,-0.998069,0.000000,-0.062109),velocity=Vector3.new(-1.241973, 3.497484, -19.961397),slideActive=false,wallhopFlick=false,humanoidState=5},
    {type="keyframe",time=0.691667,cframe=CFrame.new(2499.177002,2519.920166,2510.598145,-0.062109,0.000000,0.998069,0.000000,1.000000,0.000000,-0.998069,0.000000,-0.062109),velocity=Vector3.new(-1.241973, 2.679984, -19.961397),slideActive=false,wallhopFlick=false,humanoidState=5},
    {type="keyframe",time=0.700000,cframe=CFrame.new(2499.171875,2519.927979,2510.514893,-0.062109,0.000000,0.998069,0.000000,1.000000,0.000000,-0.998069,0.000000,-0.062109),velocity=Vector3.new(-1.241973, 1.862484, -19.961397),slideActive=false,wallhopFlick=false,humanoidState=5},
    {type="keyframe",time=0.704167,cframe=CFrame.new(2499.161621,2519.933350,2510.348389,-0.062109,0.000000,0.998069,0.000000,1.000000,0.000000,-0.998069,0.000000,-0.062109),velocity=Vector3.new(-1.241973, 0.227484, -19.961397),slideActive=false,wallhopFlick=false,humanoidState=5},
    {type="keyframe",time=0.708333,cframe=CFrame.new(2499.156494,2519.930908,2510.265137,-0.062109,0.000000,0.998069,0.000000,1.000000,0.000000,-0.998069,0.000000,-0.062109),velocity=Vector3.new(-1.241973, -0.590016, -19.961397),slideActive=false,wallhopFlick=false,humanoidState=5},
    {type="keyframe",time=0.716667,cframe=CFrame.new(2499.151367,2519.925049,2510.181885,-0.062109,0.000000,0.998069,0.000000,1.000000,0.000000,-0.998069,0.000000,-0.062109),velocity=Vector3.new(-1.241973, -1.407516, -19.961397),slideActive=false,wallhopFlick=false,humanoidState=5},
    {type="keyframe",time=0.720833,cframe=CFrame.new(2499.141113,2519.903076,2510.015381,-0.062109,0.000000,0.998069,0.000000,1.000000,0.000000,-0.998069,0.000000,-0.062109),velocity=Vector3.new(-1.241973, -3.042516, -19.961397),slideActive=false,wallhopFlick=false,humanoidState=5},
    {type="keyframe",time=0.729167,cframe=CFrame.new(2499.135986,2519.886963,2509.932129,-0.062109,0.000000,0.998069,0.000000,1.000000,0.000000,-0.998069,0.000000,-0.062109),velocity=Vector3.new(-1.241973, -3.860016, -19.961397),slideActive=false,wallhopFlick=false,humanoidState=5},
    {type="keyframe",time=0.733333,cframe=CFrame.new(2499.125732,2519.844482,2509.765625,-0.062109,0.000000,0.998069,0.000000,1.000000,0.000000,-0.998069,0.000000,-0.062109),velocity=Vector3.new(-1.241973, -5.495016, -19.961397),slideActive=false,wallhopFlick=false,humanoidState=5},
    {type="keyframe",time=0.737500,cframe=CFrame.new(2499.120605,2519.818115,2509.682373,-0.062109,0.000000,0.998069,0.000000,1.000000,0.000000,-0.998069,0.000000,-0.062109),velocity=Vector3.new(-1.241973, -6.312516, -19.961397),slideActive=false,wallhopFlick=false,humanoidState=5},
    {type="keyframe",time=0.741667,cframe=CFrame.new(2499.115479,2519.788330,2509.599121,-0.062109,0.000000,0.998069,0.000000,1.000000,0.000000,-0.998069,0.000000,-0.062109),velocity=Vector3.new(-1.241973, -7.130016, -19.961397),slideActive=false,wallhopFlick=false,humanoidState=5},
    {type="keyframe",time=0.750000,cframe=CFrame.new(2499.110352,2519.755127,2509.515869,-0.062109,0.000000,0.998069,0.000000,1.000000,0.000000,-0.998069,0.000000,-0.062109),velocity=Vector3.new(-1.241973, -7.947516, -19.961397),slideActive=false,wallhopFlick=false,humanoidState=5},
    {type="keyframe",time=0.754167,cframe=CFrame.new(2499.100098,2519.678467,2509.349365,-0.058484,0.000000,0.998288,0.000000,1.000000,0.000000,-0.998288,0.000000,-0.058484),velocity=Vector3.new(-1.241973, -9.582517, -19.961397),slideActive=false,wallhopFlick=false,humanoidState=5},
    {type="keyframe",time=0.758333,cframe=CFrame.new(2499.095215,2519.635254,2509.266113,-0.054859,0.000000,0.998494,0.000000,1.000000,0.000000,-0.998494,0.000000,-0.054859),velocity=Vector3.new(-1.196796, -10.400017, -19.964128),slideActive=false,wallhopFlick=false,humanoidState=5},
    {type="keyframe",time=0.762500,cframe=CFrame.new(2499.090332,2519.588623,2509.182861,-0.054859,0.000000,0.998494,0.000000,1.000000,0.000000,-0.998494,0.000000,-0.054859),velocity=Vector3.new(-1.179855, -11.217517, -19.965153),slideActive=false,wallhopFlick=false,humanoidState=5},
    {type="keyframe",time=0.770833,cframe=CFrame.new(2499.085693,2519.538574,2509.099609,-0.047609,0.000000,0.998866,0.000000,1.000000,0.000000,-0.998866,0.000000,-0.047609),velocity=Vector3.new(-1.128351, -12.035017, -19.968100),slideActive=false,wallhopFlick=false,humanoidState=5},
    {type="keyframe",time=0.779167,cframe=CFrame.new(2499.076416,2519.428223,2508.933105,-0.040305,0.000000,0.999187,0.000000,1.000000,0.000000,-0.999187,0.000000,-0.040305),velocity=Vector3.new(-1.101795, -13.670017, -19.969620),slideActive=false,wallhopFlick=false,humanoidState=5},
    {type="keyframe",time=0.783333,cframe=CFrame.new(2499.069092,2519.304199,2508.766602,-0.033055,0.000000,0.999454,0.000000,1.000000,0.000000,-0.999454,0.000000,-0.033055),velocity=Vector3.new(-0.847989, -15.305017, -19.981749),slideActive=false,wallhopFlick=false,humanoidState=5},
    {type="keyframe",time=0.787500,cframe=CFrame.new(2499.065674,2519.237061,2508.683350,-0.025752,0.000000,0.999668,0.000000,1.000000,0.000000,-0.999668,0.000000,-0.025752),velocity=Vector3.new(-0.822032, -16.122517, -19.982990),slideActive=false,wallhopFlick=false,humanoidState=5},
    {type="keyframe",time=0.795833,cframe=CFrame.new(2499.062744,2519.166504,2508.600098,-0.025752,0.000000,0.999668,0.000000,1.000000,0.000000,-0.999668,0.000000,-0.025752),velocity=Vector3.new(-0.721385, -16.940016, -19.986794),slideActive=false,wallhopFlick=false,humanoidState=5},
    {type="keyframe",time=0.804167,cframe=CFrame.new(2499.058105,2519.015137,2508.433594,-0.018503,0.000000,0.999829,0.000000,1.000000,0.000000,-0.999829,0.000000,-0.018503),velocity=Vector3.new(-0.544478, -18.575014, -19.992430),slideActive=false,wallhopFlick=false,humanoidState=5},
    {type="keyframe",time=0.808333,cframe=CFrame.new(2499.054688,2518.850098,2508.267090,-0.011208,0.000000,0.999937,0.000000,1.000000,0.000000,-0.999937,0.000000,-0.011208),velocity=Vector3.new(-0.394582, -20.210012, -19.995993),slideActive=false,wallhopFlick=false,humanoidState=5},
