return {
    {type="keyframe",time=0.003193,cframe=CFrame.new(-14.181940,-127.415627,-45.289848,-0.509646,-0.000000,-0.860384,-0.000000,1.000000,-0.000000,0.860384,0.000000,-0.509646),velocity=Vector3.new(-0.005619, 26.102497, 0.016189),slideActive=false,wallhopFlick=false,humanoidState=5},
    {type="keyframe",time=0.007201,cframe=CFrame.new(-14.181949,-127.310272,-45.289822,-0.509647,-0.000000,-0.860384,-0.000000,1.000000,-0.000000,0.860384,0.000000,-0.509647),velocity=Vector3.new(-0.002107, 25.284998, 0.006071),slideActive=false,wallhopFlick=false,humanoidState=5},
    {type="keyframe",time=0.011391,cframe=CFrame.new(-14.181952,-127.208321,-45.289814,-0.637213,-0.000000,-0.770688,-0.000000,1.000000,-0.000000,0.770688,-0.000000,-0.637213),velocity=Vector3.new(-0.000790, 24.467499, 0.002277),slideActive=false,wallhopFlick=false,humanoidState=5},
    {type="keyframe",time=0.015522,cframe=CFrame.new(-14.181952,-127.109779,-45.289810,-0.637213,-0.000000,-0.770688,-0.000000,1.000000,-0.000000,0.770688,0.000000,-0.637213),velocity=Vector3.new(-0.000296, 23.650000, 0.000854),slideActive=false,wallhopFlick=false,humanoidState=5},
    {type="keyframe",time=0.019808,cframe=CFrame.new(-14.181952,-127.014641,-45.289810,-0.742026,-0.000000,-0.670371,-0.000000,1.000000,-0.000000,0.670371,-0.000000,-0.742026),velocity=Vector3.new(-0.000111, 22.832500, 0.000320),slideActive=false,wallhopFlick=false,humanoidState=5},
    {type="keyframe",time=0.023933,cframe=CFrame.new(-14.181952,-126.922913,-45.289810,-0.742027,-0.000000,-0.670370,-0.000000,1.000000,-0.000000,0.670370,-0.000000,-0.742027),velocity=Vector3.new(-0.000042, 22.015001, 0.000120),slideActive=false,wallhopFlick=false,humanoidState=5},
    {type="keyframe",time=0.028044,cframe=CFrame.new(-14.181952,-126.834587,-45.289810,-0.825117,-0.000000,-0.564963,-0.000000,1.000000,-0.000000,0.564963,-0.000000,-0.825117),velocity=Vector3.new(-0.000016, 21.197502, 0.000045),slideActive=false,wallhopFlick=false,humanoidState=5},
    {type="keyframe",time=0.032244,cframe=CFrame.new(-14.181952,-126.749672,-45.289810,-0.825117,-0.000000,-0.564962,-0.000000,1.000000,-0.000000,0.564962,-0.000000,-0.825117),velocity=Vector3.new(-0.000006, 20.380003, 0.000017),slideActive=false,wallhopFlick=false,humanoidState=5},
    {type="keyframe",time=0.036519,cframe=CFrame.new(-14.181952,-126.668159,-45.289810,-0.886723,-0.000000,-0.462301,-0.000000,1.000000,-0.000000,0.462301,-0.000000,-0.886723),velocity=Vector3.new(-0.000002, 19.562504, 0.000006),slideActive=false,wallhopFlick=false,humanoidState=5},
    {type="keyframe",time=0.040593,cframe=CFrame.new(-14.181952,-126.590057,-45.289810,-0.886723,-0.000000,-0.462301,-0.000000,1.000000,-0.000000,0.462301,-0.000000,-0.886723),velocity=Vector3.new(-0.000001, 18.745005, 0.000002),slideActive=false,wallhopFlick=false,humanoidState=5},
    {type="keyframe",time=0.044693,cframe=CFrame.new(-14.181952,-126.515358,-45.289810,-0.930394,-0.000000,-0.366561,-0.000000,1.000000,-0.000000,0.366561,-0.000000,-0.930394),velocity=Vector3.new(-0.000000, 17.927505, 0.000001),slideActive=false,wallhopFlick=false,humanoidState=5},
    {type="keyframe",time=0.048837,cframe=CFrame.new(-14.181952,-126.444069,-45.289810,-0.930394,-0.000000,-0.366561,-0.000000,1.000000,-0.000000,0.366561,-0.000000,-0.930394),velocity=Vector3.new(-0.000000, 17.110006, 0.000000),slideActive=false,wallhopFlick=false,humanoidState=5},
    {type="keyframe",time=0.053164,cframe=CFrame.new(-14.181952,-126.376183,-45.289810,-0.959787,-0.000000,-0.280729,-0.000000,1.000000,-0.000000,0.280729,-0.000000,-0.959787),velocity=Vector3.new(-0.000000, 16.292507, 0.000000),slideActive=false,wallhopFlick=false,humanoidState=5},
    {type="keyframe",time=0.057326,cframe=CFrame.new(-14.181952,-126.311707,-45.289810,-0.959787,-0.000000,-0.280729,-0.000000,1.000000,-0.000000,0.280729,-0.000000,-0.959787),velocity=Vector3.new(-0.000000, 15.475007, 0.000000),slideActive=false,wallhopFlick=false,humanoidState=5},
    {type="keyframe",time=0.061389,cframe=CFrame.new(-14.181952,-126.250633,-45.289810,-0.979125,-0.000000,-0.203261,-0.000000,1.000000,-0.000000,0.203261,-0.000000,-0.979125),velocity=Vector3.new(-0.000000, 14.657507, 0.000000),slideActive=false,wallhopFlick=false,humanoidState=5},
    {type="keyframe",time=0.065756,cframe=CFrame.new(-14.181952,-126.192970,-45.289810,-0.979125,-0.000000,-0.203261,-0.000000,1.000000,-0.000000,0.203261,-0.000000,-0.979125),velocity=Vector3.new(-0.000000, 13.840007, 0.000000),slideActive=false,wallhopFlick=false,humanoidState=5},
    {type="keyframe",time=0.069950,cframe=CFrame.new(-14.181952,-126.138710,-45.289810,-0.990805,-0.000000,-0.135296,-0.000000,1.000000,-0.000000,0.135296,-0.000000,-0.990805),velocity=Vector3.new(-0.000000, 13.022507, 0.000000),slideActive=false,wallhopFlick=false,humanoidState=5},
    {type="keyframe",time=0.073893,cframe=CFrame.new(-14.181952,-126.087852,-45.289810,-0.990805,-0.000000,-0.135295,-0.000000,1.000000,-0.000000,0.135295,-0.000000,-0.990805),velocity=Vector3.new(-0.000000, 12.205007, 0.000000),slideActive=false,wallhopFlick=false,humanoidState=5},
    {type="keyframe",time=0.078177,cframe=CFrame.new(-14.181952,-126.040405,-45.289810,-0.996988,-0.000000,-0.077549,-0.000000,1.000000,-0.000000,0.077549,-0.000000,-0.996988),velocity=Vector3.new(-0.000000, 11.387506, 0.000000),slideActive=false,wallhopFlick=false,humanoidState=5},
    {type="keyframe",time=0.083278,cframe=CFrame.new(-14.181952,-125.996361,-45.289810,-0.996989,-0.000000,-0.077549,-0.000000,1.000000,-0.000000,0.077549,-0.000000,-0.996989),velocity=Vector3.new(-0.000000, 10.570006, 0.000000),slideActive=false,wallhopFlick=false,humanoidState=5},
    {type="keyframe",time=0.087242,cframe=CFrame.new(-14.181952,-125.955727,-45.289810,-0.999537,-0.000000,-0.030429,-0.000000,1.000000,-0.000000,0.030429,-0.000000,-0.999537),velocity=Vector3.new(-0.000000, 9.752506, 0.000000),slideActive=false,wallhopFlick=false,humanoidState=5},
    {type="keyframe",time=0.090582,cframe=CFrame.new(-14.181952,-125.918495,-45.289810,-0.999955,-0.000000,0.009500,-0.000000,1.000000,-0.000000,-0.009500,-0.000000,-0.999955),velocity=Vector3.new(-0.000000, 8.935006, 0.000000),slideActive=false,wallhopFlick=false,humanoidState=5},
    {type="keyframe",time=0.095523,cframe=CFrame.new(-14.181952,-125.884674,-45.289810,-0.999955,-0.000000,0.009500,-0.000000,1.000000,-0.000000,-0.009500,-0.000000,-0.999955),velocity=Vector3.new(-0.000000, 8.117506, 0.000000),slideActive=false,wallhopFlick=false,humanoidState=5},
    {type="keyframe",time=0.098873,cframe=CFrame.new(-14.181952,-125.854256,-45.289810,-0.998951,-0.000000,0.045787,-0.000000,1.000000,-0.000000,-0.045787,-0.000000,-0.998951),velocity=Vector3.new(-0.000000, 7.300006, 0.000000),slideActive=false,wallhopFlick=false,humanoidState=5},
    {type="keyframe",time=0.104033,cframe=CFrame.new(-14.181952,-125.827248,-45.289810,-0.998951,-0.000000,0.045787,-0.000000,1.000000,-0.000000,-0.045787,-0.000000,-0.998951),velocity=Vector3.new(-0.000000, 6.482506, 0.000000),slideActive=false,wallhopFlick=false,humanoidState=5},
    {type="keyframe",time=0.107223,cframe=CFrame.new(-14.181952,-125.803642,-45.289810,-0.997200,-0.000000,0.074775,-0.000000,1.000000,-0.000000,-0.074775,-0.000000,-0.997200),velocity=Vector3.new(-0.000000, 5.665006, 0.000000),slideActive=false,wallhopFlick=false,humanoidState=5},
    {type="keyframe",time=0.111800,cframe=CFrame.new(-14.181952,-125.783447,-45.289810,-0.997200,-0.000000,0.074775,-0.000000,1.000000,-0.000000,-0.074775,-0.000000,-0.997200),velocity=Vector3.new(-0.000000, 4.847506, 0.000000),slideActive=false,wallhopFlick=false,humanoidState=5},
    {type="keyframe",time=0.115492,cframe=CFrame.new(-14.181952,-125.766655,-45.289810,-0.994978,-0.000000,0.100089,-0.000000,1.000000,-0.000000,-0.100089,-0.000000,-0.994978),velocity=Vector3.new(-0.000000, 4.030005, 0.000000),slideActive=false,wallhopFlick=false,humanoidState=5},
    {type="keyframe",time=0.119951,cframe=CFrame.new(-14.181952,-125.753273,-45.289810,-0.994978,-0.000000,0.100089,-0.000000,1.000000,-0.000000,-0.100089,-0.000000,-0.994978),velocity=Vector3.new(-0.000000, 3.212505, 0.000000),slideActive=false,wallhopFlick=false,humanoidState=5},
    {type="keyframe",time=0.123937,cframe=CFrame.new(-14.181952,-125.743294,-45.289810,-0.992114,-0.000000,0.125338,-0.000000,1.000000,0.000000,-0.125338,0.000000,-0.992114),velocity=Vector3.new(-0.000000, 2.395005, 0.000000),slideActive=false,wallhopFlick=false,humanoidState=5},
    {type="keyframe",time=0.128068,cframe=CFrame.new(-14.181952,-125.736717,-45.289810,-0.992114,-0.000000,0.125338,-0.000000,1.000000,0.000000,-0.125338,0.000000,-0.992114),velocity=Vector3.new(-0.000000, 1.577505, 0.000000),slideActive=false,wallhopFlick=false,humanoidState=5},
    {type="keyframe",time=0.132217,cframe=CFrame.new(-14.181952,-125.733551,-45.289810,-0.989149,0.000000,0.146917,0.000000,1.000000,0.000000,-0.146917,0.000000,-0.989149),velocity=Vector3.new(-0.000000, 0.760005, 0.000000),slideActive=false,wallhopFlick=false,humanoidState=5},
    {type="keyframe",time=0.136499,cframe=CFrame.new(-14.181952,-125.733788,-45.289810,-0.989149,0.000000,0.146917,0.000000,1.000000,0.000000,-0.146917,0.000000,-0.989149),velocity=Vector3.new(-0.000000, -0.057495, 0.000000),slideActive=false,wallhopFlick=false,humanoidState=5},
    {type="keyframe",time=0.140883,cframe=CFrame.new(-14.181952,-125.737434,-45.289810,-0.985096,0.000000,0.172003,0.000000,1.000000,0.000000,-0.172003,0.000000,-0.985096),velocity=Vector3.new(-0.000000, -0.874995, 0.000000),slideActive=false,wallhopFlick=false,humanoidState=5},
    {type="keyframe",time=0.144843,cframe=CFrame.new(-14.181952,-125.744484,-45.289810,-0.985096,0.000000,0.172003,0.000000,1.000000,0.000000,-0.172003,0.000000,-0.985096),velocity=Vector3.new(-0.000000, -1.692495, 0.000000),slideActive=false,wallhopFlick=false,humanoidState=5},
    {type="keyframe",time=0.148896,cframe=CFrame.new(-14.181952,-125.754944,-45.289810,-0.980408,0.000000,0.196978,0.000000,1.000000,0.000000,-0.196978,0.000000,-0.980408),velocity=Vector3.new(-0.000000, -2.509995, 0.000000),slideActive=false,wallhopFlick=false,humanoidState=5},
    {type="keyframe",time=0.153193,cframe=CFrame.new(-14.181952,-125.768806,-45.289810,-0.980408,0.000000,0.196978,0.000000,1.000000,0.000000,-0.196978,0.000000,-0.980408),velocity=Vector3.new(-0.000000, -3.327495, 0.000000),slideActive=false,wallhopFlick=false,humanoidState=5},
    {type="keyframe",time=0.157962,cframe=CFrame.new(-14.181952,-125.786079,-45.289810,-0.975086,0.000000,0.221826,0.000000,1.000000,0.000000,-0.221826,0.000000,-0.975086),velocity=Vector3.new(-0.000000, -4.144995, 0.000000),slideActive=false,wallhopFlick=false,humanoidState=5},
    {type="keyframe",time=0.161590,cframe=CFrame.new(-14.181952,-125.806755,-45.289810,-0.975086,0.000000,0.221826,0.000000,1.000000,0.000000,-0.221826,0.000000,-0.975086),velocity=Vector3.new(-0.000000, -4.962495, 0.000000),slideActive=false,wallhopFlick=false,humanoidState=5},
    {type="keyframe",time=0.165559,cframe=CFrame.new(-14.181952,-125.830841,-45.289810,-0.968234,0.000000,0.250047,0.000000,1.000000,0.000000,-0.250047,0.000000,-0.968234),velocity=Vector3.new(-0.000000, -5.779995, 0.000000),slideActive=false,wallhopFlick=false,humanoidState=5},
    {type="keyframe",time=0.169800,cframe=CFrame.new(-14.181952,-125.858330,-45.289810,-0.968234,0.000000,0.250047,0.000000,1.000000,0.000000,-0.250047,0.000000,-0.968234),velocity=Vector3.new(-0.000000, -6.597495, 0.000000),slideActive=false,wallhopFlick=false,humanoidState=5},
    {type="input",time=0.170627,key="W",state=true},
    {type="keyframe",time=0.175455,cframe=CFrame.new(-14.181952,-125.889229,-45.289810,-0.961567,0.000000,0.274569,0.000000,1.000000,0.000000,-0.274569,0.000000,-0.961567),velocity=Vector3.new(-0.000000, -7.414995, 0.000000),slideActive=false,wallhopFlick=false,humanoidState=5},
    {type="keyframe",time=0.181388,cframe=CFrame.new(-14.182573,-125.923531,-45.287407,-0.954280,0.000000,0.298913,0.000000,1.000000,0.000000,-0.298913,0.000000,-0.954280),velocity=Vector3.new(-0.148987, -8.232495, 0.576906),slideActive=false,wallhopFlick=false,humanoidState=5},
    {type="keyframe",time=0.185155,cframe=CFrame.new(-14.183878,-125.961243,-45.282616,-0.954280,0.000000,0.298913,0.000000,1.000000,0.000000,-0.298913,0.000000,-0.954280),velocity=Vector3.new(-0.313031, -9.049995, 1.149712),slideActive=false,wallhopFlick=false,humanoidState=5},
    {type="keyframe",time=0.188735,cframe=CFrame.new(-14.185930,-126.002357,-45.275459,-0.947544,0.000000,0.319626,0.000000,1.000000,0.000000,-0.319626,0.000000,-0.947544),velocity=Vector3.new(-0.492491, -9.867496, 1.717877),slideActive=false,wallhopFlick=false,humanoidState=5},
    {type="keyframe",time=0.192993,cframe=CFrame.new(-14.188730,-126.046875,-45.265934,-0.947544,0.000000,0.319626,0.000000,1.000000,0.000000,-0.319626,0.000000,-0.947544),velocity=Vector3.new(-0.671951, -10.684996, 2.286042),slideActive=false,wallhopFlick=false,humanoidState=5},
    {type="keyframe",time=0.197011,cframe=CFrame.new(-14.192336,-126.094803,-45.254059,-0.941586,0.000000,0.336771,0.000000,1.000000,0.000000,-0.336771,0.000000,-0.941586),velocity=Vector3.new(-0.865403, -11.502496, 2.849597),slideActive=false,wallhopFlick=false,humanoidState=5},
    {type="keyframe",time=0.202323,cframe=CFrame.new(-14.196748,-126.146133,-45.239838,-0.941586,0.000000,0.336771,0.000000,1.000000,0.000000,-0.336771,0.000000,-0.941586),velocity=Vector3.new(-1.058855, -12.319996, 3.413151),slideActive=false,wallhopFlick=false,humanoidState=5},
    {type="keyframe",time=0.209276,cframe=CFrame.new(-14.208145,-126.259018,-45.204403,-0.936597,0.000000,0.350408,0.000000,1.000000,0.000000,-0.350408,0.000000,-0.936597),velocity=Vector3.new(-1.470568, -13.954996, 4.531436),slideActive=false,wallhopFlick=false,humanoidState=5},
    {type="keyframe",time=0.214718,cframe=CFrame.new(-14.215175,-126.320572,-45.183208,-0.932725,0.000000,0.360587,0.000000,1.000000,0.000000,-0.360587,0.000000,-0.932725),velocity=Vector3.new(-1.687041, -14.772496, 5.086555),slideActive=false,wallhopFlick=false,humanoidState=5},
    {type="keyframe",time=0.218182,cframe=CFrame.new(-14.223106,-126.385529,-45.159702,-0.932726,0.000000,0.360587,0.000000,1.000000,0.000000,-0.360587,0.000000,-0.932726),velocity=Vector3.new(-1.903514, -15.589996, 5.641674),slideActive=false,wallhopFlick=false,humanoidState=5},
    {type="keyframe",time=0.222888,cframe=CFrame.new(-14.231976,-126.453896,-45.133896,-0.930083,0.000000,0.367350,0.000000,1.000000,0.000000,-0.367350,0.000000,-0.930083),velocity=Vector3.new(-2.128564, -16.407495, 6.193371),slideActive=false,wallhopFlick=false,humanoidState=5},
    {type="keyframe",time=0.227325,cframe=CFrame.new(-14.252526,-126.600845,-45.075390,-0.927391,0.000000,0.374093,0.000000,1.000000,0.000000,-0.374093,0.000000,-0.927391),velocity=Vector3.new(-2.578664, -18.042494, 7.296765),slideActive=false,wallhopFlick=false,humanoidState=5},
    {type="keyframe",time=0.235356,cframe=CFrame.new(-14.264235,-126.679428,-45.042698,-0.924651,0.000000,0.380816,0.000000,1.000000,0.000000,-0.380816,0.000000,-0.924651),velocity=Vector3.new(-2.810227, -18.859993, 7.845761),slideActive=false,wallhopFlick=false,humanoidState=5},
    {type="keyframe",time=0.240227,cframe=CFrame.new(-14.276938,-126.761421,-45.007732,-0.924651,0.000000,0.380816,0.000000,1.000000,0.000000,-0.380816,0.000000,-0.924651),velocity=Vector3.new(-3.048597, -19.677492, 8.391835),slideActive=false,wallhopFlick=false,humanoidState=5},
    {type="keyframe",time=0.245049,cframe=CFrame.new(-14.305412,-126.935616,-44.931015,-0.921861,0.000000,0.387520,0.000000,1.000000,0.000000,-0.387520,0.000000,-0.921861),velocity=Vector3.new(-3.539599, -21.312490, 9.477647),slideActive=false,wallhopFlick=false,humanoidState=5},
    {type="keyframe",time=0.248732,cframe=CFrame.new(-14.321183,-127.027824,-44.889263,-0.921861,0.000000,0.387520,0.000000,1.000000,0.000000,-0.387520,0.000000,-0.921861),velocity=Vector3.new(-3.785100, -22.129990, 10.020553),slideActive=false,wallhopFlick=false,humanoidState=5},
    {type="keyframe",time=0.253748,cframe=CFrame.new(-14.338013,-127.123436,-44.845264,-0.919024,0.000000,0.394202,0.000000,1.000000,0.000000,-0.394202,0.000000,-0.919024),velocity=Vector3.new(-4.039040, -22.947489, 10.559563),slideActive=false,wallhopFlick=false,humanoidState=5},
    {type="keyframe",time=0.258268,cframe=CFrame.new(-14.355900,-127.222458,-44.799019,-0.919023,0.000000,0.394203,0.000000,1.000000,0.000000,-0.394203,0.000000,-0.919023),velocity=Vector3.new(-4.292980, -23.764988, 11.098573),slideActive=false,wallhopFlick=false,humanoidState=5},
    {type="keyframe",time=0.263345,cframe=CFrame.new(-14.374886,-127.324883,-44.750549,-0.914676,0.000000,0.404188,0.000000,1.000000,0.000000,-0.404188,0.000000,-0.914676),velocity=Vector3.new(-4.556513, -24.582487, 11.632958),slideActive=false,wallhopFlick=false,humanoidState=5},
    {type="keyframe",time=0.266764,cframe=CFrame.new(-14.394969,-127.430717,-44.699852,-0.914676,0.000000,0.404188,0.000000,1.000000,0.000000,-0.404188,0.000000,-0.914676),velocity=Vector3.new(-4.820045, -25.399986, 12.167344),slideActive=false,wallhopFlick=false,humanoidState=5},
    {type="keyframe",time=0.271807,cframe=CFrame.new(-14.416220,-127.539955,-44.646965,-0.910220,0.000000,0.414125,0.000000,1.000000,-0.000000,-0.414125,0.000000,-0.910220),velocity=Vector3.new(-5.100198, -26.217485, 12.693207),slideActive=false,wallhopFlick=false,humanoidState=5},
    {type="keyframe",time=0.275917,cframe=CFrame.new(-14.438638,-127.652603,-44.591885,-0.904110,0.000000,0.427299,0.000000,1.000000,-0.000000,-0.427299,0.000000,-0.904110),velocity=Vector3.new(-5.380352, -27.034985, 13.219069),slideActive=false,wallhopFlick=false,humanoidState=5},
    {type="keyframe",time=0.279502,cframe=CFrame.new(-14.462305,-127.768654,-44.534660,-0.904110,0.000000,0.427299,0.000000,1.000000,-0.000000,-0.427299,0.000000,-0.904110),velocity=Vector3.new(-5.680116, -27.852484, 13.734005),slideActive=false,wallhopFlick=false,humanoidState=5},
    {type="keyframe",time=0.283990,cframe=CFrame.new(-14.487338,-127.888115,-44.475361,-0.897810,0.000000,0.440382,0.000000,1.000000,-0.000000,-0.440382,-0.000000,-0.897810),velocity=Vector3.new(-6.008011, -28.669983, 14.231501),slideActive=false,wallhopFlick=false,humanoidState=5},
    {type="keyframe",time=0.289058,cframe=CFrame.new(-14.513738,-128.010986,-44.413990,-0.897810,0.000000,0.440382,0.000000,1.000000,-0.000000,-0.440382,-0.000000,-0.897810),velocity=Vector3.new(-6.335907, -29.487482, 14.728996),slideActive=false,wallhopFlick=false,humanoidState=5},
    {type="keyframe",time=0.293315,cframe=CFrame.new(-14.541647,-128.137253,-44.350647,-0.889669,0.000000,0.456605,0.000000,1.000000,-0.000000,-0.456605,-0.000000,-0.889669),velocity=Vector3.new(-6.698203, -30.304981, 15.202027),slideActive=false,wallhopFlick=false,humanoidState=5},
    {type="keyframe",time=0.301243,cframe=CFrame.new(-14.601995,-128.400024,-44.218052,-0.881235,0.000000,0.472678,0.000000,1.000000,-0.000000,-0.472678,-0.000000,-0.881235),velocity=Vector3.new(-7.422796, -31.939980, 16.148090),slideActive=false,wallhopFlick=false,humanoidState=5},
    {type="keyframe",time=0.306795,cframe=CFrame.new(-14.634711,-128.536514,-44.149048,-0.881235,0.000000,0.472678,-0.000000,1.000000,-0.000000,-0.472678,-0.000000,-0.881235),velocity=Vector3.new(-7.852075, -32.757481, 16.561295),slideActive=false,wallhopFlick=false,humanoidState=5},
    {type="keyframe",time=0.311119,cframe=CFrame.new(-14.706350,-128.819702,-44.006920,-0.874279,0.000000,0.485424,-0.000000,1.000000,-0.000000,-0.485424,-0.000000,-0.874279),velocity=Vector3.new(-8.844814, -34.392483, 17.220490),slideActive=false,wallhopFlick=false,humanoidState=5},
    {type="keyframe",time=0.315068,cframe=CFrame.new(-14.744789,-128.966415,-43.934116,-0.867138,0.000000,0.498068,-0.000000,1.000000,-0.000000,-0.498068,-0.000000,-0.867138),velocity=Vector3.new(-9.225279, -35.209984, 17.473125),slideActive=false,wallhopFlick=false,humanoidState=5},
    {type="keyframe",time=0.319665,cframe=CFrame.new(-14.784486,-129.116531,-43.861279,-0.867138,-0.000000,0.498068,-0.000000,1.000000,-0.000000,-0.498068,-0.000000,-0.867138),velocity=Vector3.new(-9.527281, -36.027485, 17.480907),slideActive=false,wallhopFlick=false,humanoidState=5},
    {type="keyframe",time=0.324675,cframe=CFrame.new(-14.825314,-129.270050,-43.788799,-0.859814,-0.000000,0.510607,-0.000000,1.000000,-0.000000,-0.510607,-0.000000,-0.859814),velocity=Vector3.new(-9.798580, -36.844986, 17.394566),slideActive=false,wallhopFlick=false,humanoidState=5},
    {type="keyframe",time=0.331729,cframe=CFrame.new(-14.866565,-129.426971,-43.716457,-0.856084,-0.000000,0.516836,-0.000000,1.000000,-0.000000,-0.516836,-0.000000,-0.856084),velocity=Vector3.new(-9.900317, -37.662487, 17.362186),slideActive=false,wallhopFlick=false,humanoidState=5},
    {type="keyframe",time=0.335701,cframe=CFrame.new(-14.950996,-129.751053,-43.572800,-0.856084,-0.000000,0.516836,-0.000000,1.000000,-0.000000,-0.516836,-0.000000,-0.856084),velocity=Vector3.new(-10.168287, -39.297489, 17.219616),slideActive=false,wallhopFlick=false,humanoidState=5},
    {type="keyframe",time=0.341556,cframe=CFrame.new(-14.993803,-129.918198,-43.501305,-0.852309,-0.000000,0.523038,-0.000000,1.000000,-0.000000,-0.523038,-0.000000,-0.852309),velocity=Vector3.new(-10.273561, -40.114990, 17.158409),slideActive=false,wallhopFlick=false,humanoidState=5},
    {type="keyframe",time=0.346243,cframe=CFrame.new(-15.036774,-130.088745,-43.429909,-0.852309,-0.000000,0.523038,-0.000000,1.000000,-0.000000,-0.523038,-0.000000,-0.852309),velocity=Vector3.new(-10.313038, -40.932491, 17.135456),slideActive=false,wallhopFlick=false,humanoidState=5},
    {type="keyframe",time=0.350516,cframe=CFrame.new(-15.080130,-130.262711,-43.358742,-0.850405,-0.000000,0.526129,-0.000000,1.000000,-0.000000,-0.526129,-0.000000,-0.850405),velocity=Vector3.new(-10.405366, -41.749992, 17.079662),slideActive=false,wallhopFlick=false,humanoidState=5},
    {type="keyframe",time=0.354276,cframe=CFrame.new(-15.123630,-130.440079,-43.287663,-0.850405,-0.000000,0.526129,-0.000000,1.000000,-0.000000,-0.526129,-0.000000,-0.850405),velocity=Vector3.new(-10.439988, -42.567493, 17.058741),slideActive=false,wallhopFlick=false,humanoidState=5},
    {type="keyframe",time=0.358644,cframe=CFrame.new(-15.167345,-130.620850,-43.216717,-0.850405,-0.000000,0.526129,-0.000000,1.000000,-0.000000,-0.526129,-0.000000,-0.850405),velocity=Vector3.new(-10.491603, -43.384995, 17.027090),slideActive=false,wallhopFlick=false,humanoidState=5},
    {type="keyframe",time=0.362820,cframe=CFrame.new(-15.211141,-130.805023,-43.145821,-0.850405,-0.000000,0.526128,-0.000000,1.000000,-0.000000,-0.526128,-0.000000,-0.850405),velocity=Vector3.new(-10.510959, -44.202496, 17.015221),slideActive=false,wallhopFlick=false,humanoidState=5},
    {type="keyframe",time=0.367161,cframe=CFrame.new(-15.254967,-130.992599,-43.074944,-0.850405,-0.000000,0.526128,-0.000000,1.000000,-0.000000,-0.526128,-0.000000,-0.850405),velocity=Vector3.new(-10.518217, -45.019997, 17.010771),slideActive=false,wallhopFlick=false,humanoidState=5},
    {type="keyframe",time=0.371049,cframe=CFrame.new(-15.298804,-131.183594,-43.004074,-0.850405,-0.000000,0.526128,-0.000000,1.000000,-0.000000,-0.526128,-0.000000,-0.850405),velocity=Vector3.new(-10.520939, -45.837498, 17.009102),slideActive=false,wallhopFlick=false,humanoidState=5},
    {type="keyframe",time=0.375090,cframe=CFrame.new(-15.342646,-131.377991,-42.933205,-0.850405,-0.000000,0.526128,-0.000000,1.000000,-0.000000,-0.526128,-0.000000,-0.850405),velocity=Vector3.new(-10.521959, -46.654999, 17.008476),slideActive=false,wallhopFlick=false,humanoidState=5},
    {type="keyframe",time=0.379359,cframe=CFrame.new(-15.386489,-131.575790,-42.862335,-0.850405,-0.000000,0.526129,-0.000000,1.000000,-0.000000,-0.526129,-0.000000,-0.850405),velocity=Vector3.new(-10.522342, -47.472500, 17.008242),slideActive=false,wallhopFlick=false,humanoidState=5},
    {type="keyframe",time=0.383239,cframe=CFrame.new(-15.430332,-131.776993,-42.791470,-0.850405,-0.000000,0.526128,-0.000000,1.000000,-0.000000,-0.526128,-0.000000,-0.850405),velocity=Vector3.new(-10.522486, -48.290001, 17.008154),slideActive=false,wallhopFlick=false,humanoidState=5},
    {type="keyframe",time=0.387600,cframe=CFrame.new(-15.474176,-131.981613,-42.720604,-0.848490,-0.000000,0.529212,-0.000000,1.000000,-0.000000,-0.529212,-0.000000,-0.848490),velocity=Vector3.new(-10.522539, -49.107502, 17.008121),slideActive=false,wallhopFlick=false,humanoidState=5},
    {type="keyframe",time=0.392515,cframe=CFrame.new(-15.518021,-132.189636,-42.649738,-0.848489,-0.000000,0.529212,-0.000000,1.000000,-0.000000,-0.529212,-0.000000,-0.848489),velocity=Vector3.new(-10.522559, -49.925003, 17.008108),slideActive=false,wallhopFlick=false,humanoidState=5},
    {type="keyframe",time=0.396055,cframe=CFrame.new(-15.562025,-132.401062,-42.578972,-0.846563,-0.000000,0.532289,-0.000000,1.000000,-0.000000,-0.532289,-0.000000,-0.846563),velocity=Vector3.new(-10.561112, -50.742504, 16.984158),slideActive=false,wallhopFlick=false,humanoidState=5},
    {type="keyframe",time=0.400209,cframe=CFrame.new(-15.606090,-132.615891,-42.508244,-0.846563,-0.000000,0.532289,-0.000000,1.000000,-0.000000,-0.532289,-0.000000,-0.846563),velocity=Vector3.new(-10.575569, -51.560005, 16.975176),slideActive=false,wallhopFlick=false,humanoidState=5},
    {type="keyframe",time=0.404223,cframe=CFrame.new(-15.650337,-132.834137,-42.437630,-0.844625,-0.000000,0.535359,-0.000000,1.000000,-0.000000,-0.535359,-0.000000,-0.844625),velocity=Vector3.new(-10.619452, -52.377506, 16.947723),slideActive=false,wallhopFlick=false,humanoidState=5},
    {type="keyframe",time=0.410216,cframe=CFrame.new(-15.694654,-133.055786,-42.367058,-0.844625,-0.000000,0.535359,-0.000000,1.000000,-0.000000,-0.535359,-0.000000,-0.844625),velocity=Vector3.new(-10.635908, -53.195007, 16.937429),slideActive=false,wallhopFlick=false,humanoidState=5},
    {type="keyframe",time=0.416801,cframe=CFrame.new(-15.783728,-133.509293,-42.226189,-0.842676,-0.000000,0.538422,-0.000000,1.000000,-0.000000,-0.538422,-0.000000,-0.842676),velocity=Vector3.new(-10.697158, -54.830009, 16.898811),slideActive=false,wallhopFlick=false,humanoidState=5},
    {type="keyframe",time=0.421236,cframe=CFrame.new(-15.828485,-133.741150,-42.155895,-0.838744,-0.000000,0.544526,-0.000000,1.000000,-0.000000,-0.544526,-0.000000,-0.838744),velocity=Vector3.new(-10.741705, -55.647511, 16.870499),slideActive=false,wallhopFlick=false,humanoidState=5},
    {type="keyframe",time=0.425919,cframe=CFrame.new(-15.873311,-133.976425,-42.085648,-0.838744,-0.000000,0.544526,-0.000000,1.000000,-0.000000,-0.544526,-0.000000,-0.838744),velocity=Vector3.new(-10.758410, -56.465012, 16.859882),slideActive=false,wallhopFlick=false,humanoidState=5},
    {type="keyframe",time=0.429859,cframe=CFrame.new(-15.918482,-134.215103,-42.015621,-0.834768,-0.000000,0.550601,-0.000000,1.000000,-0.000000,-0.550601,-0.000000,-0.834768),velocity=Vector3.new(-10.840976, -57.282513, 16.806757),slideActive=false,wallhopFlick=false,humanoidState=5},
    {type="keyframe",time=0.433503,cframe=CFrame.new(-15.963781,-134.457184,-41.945675,-0.834768,-0.000000,0.550601,-0.000000,1.000000,-0.000000,-0.550601,-0.000000,-0.834768),velocity=Vector3.new(-10.871938, -58.100014, 16.786835),slideActive=false,wallhopFlick=false,humanoidState=5},
    {type="keyframe",time=0.438305,cframe=CFrame.new(-16.009445,-134.702667,-41.875969,-0.832764,-0.000000,0.553628,-0.000000,1.000000,-0.000000,-0.553628,-0.000000,-0.832764),velocity=Vector3.new(-10.959493, -58.917515, 16.729668),slideActive=false,wallhopFlick=false,humanoidState=5},
    {type="keyframe",time=0.442738,cframe=CFrame.new(-16.055246,-134.951569,-41.806351,-0.832764,-0.000000,0.553628,-0.000000,1.000000,-0.000000,-0.553628,-0.000000,-0.832764),velocity=Vector3.new(-10.992325, -59.735016, 16.708231),slideActive=false,wallhopFlick=false,humanoidState=5},
    {type="keyframe",time=0.446665,cframe=CFrame.new(-16.101257,-135.203873,-41.736870,-0.830749,-0.000000,0.556647,-0.000000,1.000000,-0.000000,-0.556647,-0.000000,-0.830749),velocity=Vector3.new(-11.042473, -60.552517, 16.675137),slideActive=false,wallhopFlick=false,humanoidState=5},
    {type="keyframe",time=0.450258,cframe=CFrame.new(-16.147346,-135.459579,-41.667442,-0.828723,-0.000000,0.559659,-0.000000,1.000000,-0.000000,-0.559659,-0.000000,-0.828723),velocity=Vector3.new(-11.061278, -61.370018, 16.662727),slideActive=false,wallhopFlick=false,humanoidState=5},
    {type="keyframe",time=0.455054,cframe=CFrame.new(-16.193623,-135.718689,-41.598137,-0.828723,-0.000000,0.559659,-0.000000,1.000000,-0.000000,-0.559659,-0.000000,-0.828723),velocity=Vector3.new(-11.106073, -62.187519, 16.632881),slideActive=false,wallhopFlick=false,humanoidState=5},
    {type="keyframe",time=0.459185,cframe=CFrame.new(-16.240126,-135.981216,-41.528984,-0.826685,-0.000000,0.562665,-0.000000,1.000000,-0.000000,-0.562665,-0.000000,-0.826685),velocity=Vector3.new(-11.160522, -63.005020, 16.596363),slideActive=false,wallhopFlick=false,humanoidState=5},
    {type="keyframe",time=0.463121,cframe=CFrame.new(-16.286713,-136.247147,-41.459888,-0.826686,-0.000000,0.562664,-0.000000,1.000000,-0.000000,-0.562664,-0.000000,-0.826686),velocity=Vector3.new(-11.180939, -63.822521, 16.582670),slideActive=false,wallhopFlick=false,humanoidState=5},
    {type="keyframe",time=0.466912,cframe=CFrame.new(-16.333488,-136.516479,-41.390923,-0.826685,-0.000000,0.562664,-0.000000,1.000000,-0.000000,-0.562664,-0.000000,-0.826685),velocity=Vector3.new(-11.226155, -64.640022, 16.552069),slideActive=false,wallhopFlick=false,humanoidState=5},
    {type="keyframe",time=0.471471,cframe=CFrame.new(-16.380335,-136.789215,-41.322002,-0.826686,-0.000000,0.562664,-0.000000,1.000000,-0.000000,-0.562664,-0.000000,-0.826686),velocity=Vector3.new(-11.243112, -65.457520, 16.540594),slideActive=false,wallhopFlick=false,humanoidState=5},
    {type="keyframe",time=0.476000,cframe=CFrame.new(-16.427208,-137.065353,-41.253101,-0.824637,-0.000000,0.565662,-0.000000,1.000000,-0.000000,-0.565662,-0.000000,-0.824637),velocity=Vector3.new(-11.249470, -66.275017, 16.536291),slideActive=false,wallhopFlick=false,humanoidState=5},
    {type="keyframe",time=0.479874,cframe=CFrame.new(-16.474091,-137.344910,-41.184208,-0.824638,-0.000000,0.565662,-0.000000,1.000000,-0.000000,-0.565662,-0.000000,-0.824638),velocity=Vector3.new(-11.251855, -67.092514, 16.534678),slideActive=false,wallhopFlick=false,humanoidState=5},
    {type="keyframe",time=0.483670,cframe=CFrame.new(-16.521133,-137.627869,-41.115421,-0.824637,-0.000000,0.565662,-0.000000,1.000000,-0.000000,-0.565662,-0.000000,-0.824637),velocity=Vector3.new(-11.290215, -67.910011, 16.508472),slideActive=false,wallhopFlick=false,humanoidState=5},
    {type="keyframe",time=0.488071,cframe=CFrame.new(-16.568235,-137.914230,-41.046677,-0.824637,-0.000000,0.565662,-0.000000,1.000000,-0.000000,-0.565662,-0.000000,-0.824637),velocity=Vector3.new(-11.304599, -68.727509, 16.498646),slideActive=false,wallhopFlick=false,humanoidState=5},
    {type="keyframe",time=0.492893,cframe=CFrame.new(-16.615360,-138.203995,-40.977947,-0.822578,-0.000000,0.568652,-0.000000,1.000000,-0.000000,-0.568652,-0.000000,-0.822578),velocity=Vector3.new(-11.309993, -69.545006, 16.494961),slideActive=false,wallhopFlick=false,humanoidState=5},
    {type="keyframe",time=0.496438,cframe=CFrame.new(-16.662493,-138.497177,-40.909225,-0.822578,-0.000000,0.568652,-0.000000,1.000000,-0.000000,-0.568652,-0.000000,-0.822578),velocity=Vector3.new(-11.312016, -70.362503, 16.493578),slideActive=false,wallhopFlick=false,humanoidState=5},
    {type="keyframe",time=0.500540,cframe=CFrame.new(-16.709785,-138.793762,-40.840611,-0.822578,-0.000000,0.568652,-0.000000,1.000000,0.000000,-0.568652,-0.000000,-0.822578),velocity=Vector3.new(-11.350152, -71.180000, 16.467321),slideActive=false,wallhopFlick=false,humanoidState=5},
    {type="keyframe",time=0.504799,cframe=CFrame.new(-16.757137,-139.093750,-40.772038,-0.822578,0.000000,0.568652,0.000000,1.000000,0.000000,-0.568652,0.000000,-0.822578),velocity=Vector3.new(-11.364453, -71.997498, 16.457476),slideActive=false,wallhopFlick=false,humanoidState=5},
    {type="keyframe",time=0.509434,cframe=CFrame.new(-16.804512,-139.397141,-40.703480,-0.820509,0.000000,0.571634,0.000000,1.000000,0.000000,-0.571634,0.000000,-0.820509),velocity=Vector3.new(-11.369816, -72.814995, 16.453783),slideActive=false,wallhopFlick=false,humanoidState=5},
    {type="keyframe",time=0.513123,cframe=CFrame.new(-16.851894,-139.703949,-40.634930,-0.820509,0.000000,0.571634,0.000000,1.000000,0.000000,-0.571634,0.000000,-0.820509),velocity=Vector3.new(-11.371827, -73.632492, 16.452398),slideActive=false,wallhopFlick=false,humanoidState=5},
    {type="keyframe",time=0.517129,cframe=CFrame.new(-16.899435,-140.014160,-40.566486,-0.818428,0.000000,0.574608,0.000000,1.000000,0.000000,-0.574608,0.000000,-0.818428),velocity=Vector3.new(-11.409859, -74.449989, 16.426008),slideActive=false,wallhopFlick=false,humanoidState=7},
    {type="keyframe",time=0.521353,cframe=CFrame.new(-16.947035,-140.327774,-40.498085,-0.818428,0.000000,0.574609,0.000000,1.000000,0.000000,-0.574609,0.000000,-0.818428),velocity=Vector3.new(-11.424121, -75.267487, 16.416113),slideActive=false,wallhopFlick=false,humanoidState=7},
    {type="keyframe",time=0.525922,cframe=CFrame.new(-16.994812,-140.644791,-40.429810,-0.816337,0.000000,0.577576,0.000000,1.000000,0.000000,-0.577576,0.000000,-0.816337),velocity=Vector3.new(-11.466655, -76.084984, 16.386393),slideActive=false,wallhopFlick=false,humanoidState=7},
    {type="keyframe",time=0.529557,cframe=CFrame.new(-17.042656,-140.965225,-40.361580,-0.816337,0.000000,0.577576,0.000000,1.000000,0.000000,-0.577576,0.000000,-0.816337),velocity=Vector3.new(-11.482605, -76.902481, 16.375248),slideActive=false,wallhopFlick=false,humanoidState=7},
    {type="keyframe",time=0.533296,cframe=CFrame.new(-17.090679,-141.289062,-40.293476,-0.814235,0.000000,0.580536,0.000000,1.000000,0.000000,-0.580536,0.000000,-0.814235),velocity=Vector3.new(-11.525679, -77.719978, 16.344929),slideActive=false,wallhopFlick=false,humanoidState=7},
    {type="keyframe",time=0.537829,cframe=CFrame.new(-17.138771,-141.449677,-40.225418,-0.814235,0.000000,0.580535,0.000000,1.000000,0.000000,-0.580535,0.000000,-0.814235),velocity=Vector3.new(-11.541832, -38.547791, 16.333559),slideActive=false,wallhopFlick=false,humanoidState=7},
    {type="keyframe",time=0.543026,cframe=CFrame.new(-17.187042,-141.513519,-40.157490,-0.812122,0.000000,0.583488,0.000000,1.000000,0.000000,-0.583488,0.000000,-0.812122),velocity=Vector3.new(-11.584885, -15.321846, 16.303020),slideActive=false,wallhopFlick=false,humanoidState=7},
    {type="keyframe",time=0.546087,cframe=CFrame.new(-17.235380,-141.521622,-40.089607,-0.809998,0.000000,0.586432,0.000000,1.000000,0.000000,-0.586432,0.000000,-0.809998),velocity=Vector3.new(-11.601027, -1.943094, 16.291569),slideActive=false,wallhopFlick=false,humanoidState=7},
    {type="keyframe",time=0.550398,cframe=CFrame.new(-17.283897,-141.499100,-40.021854,-0.809998,0.000000,0.586432,0.000000,1.000000,0.000000,-0.586432,0.000000,-0.809998),velocity=Vector3.new(-11.643984, 5.405010, 16.260860),slideActive=false,wallhopFlick=false,humanoidState=7},
    {type="keyframe",time=0.554314,cframe=CFrame.new(-17.332634,-141.461166,-39.954258,-0.809998,0.000000,0.586432,0.000000,1.000000,0.000000,-0.586432,0.000000,-0.809998),velocity=Vector3.new(-11.696897, 9.103708, 16.222801),slideActive=false,wallhopFlick=false,humanoidState=7},
    {type="input",time=0.555068,key="D",state=true},
    {type="keyframe",time=0.558798,cframe=CFrame.new(-17.381454,-141.416855,-39.886723,-0.809998,0.000000,0.586432,0.000000,1.000000,0.000000,-0.586432,0.000000,-0.809998),velocity=Vector3.new(-11.716739, 10.633003, 16.208530),slideActive=false,wallhopFlick=false,humanoidState=7},
    {type="keyframe",time=0.562362,cframe=CFrame.new(-17.435900,-141.371414,-39.828323,-0.807864,0.000000,0.589369,0.000000,1.000000,0.000000,-0.589369,0.000000,-0.807864),velocity=Vector3.new(-13.066715, 10.907477, 14.015625),slideActive=false,wallhopFlick=false,humanoidState=7},
    {type="keyframe",time=0.567086,cframe=CFrame.new(-17.495970,-141.327713,-39.779060,-0.807864,0.000000,0.589369,0.000000,1.000000,0.000000,-0.589369,0.000000,-0.807864),velocity=Vector3.new(-14.416692, 10.488142, 11.822720),slideActive=false,wallhopFlick=false,humanoidState=8},
    {type="keyframe",time=0.570774,cframe=CFrame.new(-17.561640,-141.287231,-39.738953,-0.807864,0.000000,0.589369,0.000000,1.000000,0.000000,-0.589369,0.000000,-0.807864),velocity=Vector3.new(-15.760680, 9.714738, 9.626139),slideActive=false,wallhopFlick=false,humanoidState=8},
    {type="keyframe",time=0.574903,cframe=CFrame.new(-17.632910,-141.250610,-39.707996,-0.807864,0.000000,0.589369,0.000000,1.000000,0.000000,-0.589369,0.000000,-0.807864),velocity=Vector3.new(-17.104668, 8.789791, 7.429558),slideActive=false,wallhopFlick=false,humanoidState=8},
    {type="keyframe",time=0.579043,cframe=CFrame.new(-17.709780,-141.217987,-39.686192,-0.805719,0.000000,0.592298,0.000000,1.000000,0.000000,-0.592298,0.000000,-0.805719),velocity=Vector3.new(-18.448656, 7.831015, 5.232978),slideActive=false,wallhopFlick=false,humanoidState=8},
    {type="keyframe",time=0.584306,cframe=CFrame.new(-17.790064,-141.189224,-39.669968,-0.805719,0.000000,0.592298,0.000000,1.000000,0.000000,-0.592298,0.000000,-0.805719),velocity=Vector3.new(-19.268158, 6.903886, 3.893606),slideActive=false,wallhopFlick=false,humanoidState=8},
    {type="keyframe",time=0.587379,cframe=CFrame.new(-17.871656,-141.164047,-39.656025,-0.805719,0.000000,0.592298,0.000000,1.000000,0.000000,-0.592298,0.000000,-0.805719),velocity=Vector3.new(-19.582401, 6.042156, 3.346495),slideActive=false,wallhopFlick=false,humanoidState=8},
    {type="keyframe",time=0.591530,cframe=CFrame.new(-17.953741,-141.142120,-39.642937,-0.805719,0.000000,0.592298,0.000000,1.000000,0.000000,-0.592298,0.000000,-0.805719),velocity=Vector3.new(-19.700241, 5.260673, 3.141328),slideActive=false,wallhopFlick=false,humanoidState=8},
    {type="keyframe",time=0.595656,cframe=CFrame.new(-18.036009,-141.123108,-39.630169,-0.805719,0.000000,0.592298,0.000000,1.000000,0.000000,-0.592298,0.000000,-0.805719),velocity=Vector3.new(-19.744432, 4.563284, 3.064391),slideActive=false,wallhopFlick=false,humanoidState=8},
    {type="keyframe",time=0.599877,cframe=CFrame.new(-18.118347,-141.106659,-39.617519,-0.805719,0.000000,0.592298,0.000000,1.000000,0.000000,-0.592298,0.000000,-0.805719),velocity=Vector3.new(-19.761003, 3.947876, 3.035539),slideActive=false,wallhopFlick=false,humanoidState=8},
    {type="keyframe",time=0.604234,cframe=CFrame.new(-18.200710,-141.092453,-39.604916,-0.805719,0.000000,0.592298,0.000000,1.000000,0.000000,-0.592298,0.000000,-0.805719),velocity=Vector3.new(-19.767218, 3.408918, 3.024720),slideActive=false,wallhopFlick=false,humanoidState=8},
    {type="keyframe",time=0.608232,cframe=CFrame.new(-18.283083,-141.080200,-39.592331,-0.805719,0.000000,0.592298,0.000000,1.000000,0.000000,-0.592298,0.000000,-0.805719),velocity=Vector3.new(-19.769548, 2.939408, 3.020662),slideActive=false,wallhopFlick=false,humanoidState=8},
    {type="keyframe",time=0.612331,cframe=CFrame.new(-18.365459,-141.069656,-39.579750,-0.803564,0.000000,0.595219,0.000000,1.000000,0.000000,-0.595219,0.000000,-0.803564),velocity=Vector3.new(-19.770422, 2.531930, 3.019141),slideActive=false,wallhopFlick=false,humanoidState=8},
