return {
    {type="keyframe",time=0.002869,cframe=CFrame.new(-24.251892,-147.005035,-27.141699,-0.999775,0.000000,0.021222,0.000000,1.000000,0.000000,-0.021222,0.000000,-0.999775),velocity=Vector3.new(-0.424436, 0.001248, 19.995497),slideActive=false,wallhopFlick=false,humanoidState=8},
    {type="keyframe",time=0.007834,cframe=CFrame.new(-24.253660,-147.005035,-27.058384,-0.999775,0.000000,0.021222,0.000000,1.000000,0.000000,-0.021222,0.000000,-0.999775),velocity=Vector3.new(-0.424436, 0.001248, 19.995497),slideActive=false,wallhopFlick=false,humanoidState=8},
    {type="keyframe",time=0.012243,cframe=CFrame.new(-24.255428,-147.005035,-26.975069,-0.999775,0.000000,0.021222,0.000000,1.000000,0.000000,-0.021222,0.000000,-0.999775),velocity=Vector3.new(-0.424436, 0.001248, 19.995497),slideActive=false,wallhopFlick=false,humanoidState=8},
    {type="keyframe",time=0.016373,cframe=CFrame.new(-24.257196,-147.005035,-26.891754,-0.999775,0.000000,0.021222,0.000000,1.000000,0.000000,-0.021222,0.000000,-0.999775),velocity=Vector3.new(-0.424436, 0.001248, 19.995497),slideActive=false,wallhopFlick=false,humanoidState=8},
    {type="keyframe",time=0.020597,cframe=CFrame.new(-24.258965,-147.005035,-26.808439,-0.999775,0.000000,0.021222,0.000000,1.000000,0.000000,-0.021222,0.000000,-0.999775),velocity=Vector3.new(-0.424436, 0.001248, 19.995497),slideActive=false,wallhopFlick=false,humanoidState=8},
    {type="keyframe",time=0.025097,cframe=CFrame.new(-24.260733,-147.005035,-26.725124,-0.999775,0.000000,0.021222,0.000000,1.000000,0.000000,-0.021222,0.000000,-0.999775),velocity=Vector3.new(-0.424436, 0.001248, 19.995497),slideActive=false,wallhopFlick=false,humanoidState=8},
    {type="keyframe",time=0.028865,cframe=CFrame.new(-24.262501,-147.005035,-26.641809,-0.999775,0.000000,0.021222,0.000000,1.000000,0.000000,-0.021222,0.000000,-0.999775),velocity=Vector3.new(-0.424436, 0.001248, 19.995497),slideActive=false,wallhopFlick=false,humanoidState=8},
    {type="keyframe",time=0.032894,cframe=CFrame.new(-24.264269,-147.005035,-26.558495,-0.999775,0.000000,0.021222,0.000000,1.000000,0.000000,-0.021222,0.000000,-0.999775),velocity=Vector3.new(-0.424436, 0.001248, 19.995497),slideActive=false,wallhopFlick=false,humanoidState=8},
    {type="keyframe",time=0.037527,cframe=CFrame.new(-24.266037,-147.005035,-26.475180,-0.999775,0.000000,0.021222,0.000000,1.000000,0.000000,-0.021222,0.000000,-0.999775),velocity=Vector3.new(-0.424436, 0.001248, 19.995497),slideActive=false,wallhopFlick=false,humanoidState=8},
    {type="keyframe",time=0.042193,cframe=CFrame.new(-24.267805,-147.005035,-26.391865,-0.999775,0.000000,0.021222,0.000000,1.000000,0.000000,-0.021222,0.000000,-0.999775),velocity=Vector3.new(-0.424436, 0.001248, 19.995497),slideActive=false,wallhopFlick=false,humanoidState=8},
    {type="keyframe",time=0.045798,cframe=CFrame.new(-24.269573,-147.005035,-26.308550,-0.999775,0.000000,0.021222,0.000000,1.000000,0.000000,-0.021222,0.000000,-0.999775),velocity=Vector3.new(-0.424436, 0.001248, 19.995497),slideActive=false,wallhopFlick=false,humanoidState=8},
    {type="keyframe",time=0.050183,cframe=CFrame.new(-24.271341,-147.005035,-26.225235,-0.999775,0.000000,0.021222,0.000000,1.000000,0.000000,-0.021222,0.000000,-0.999775),velocity=Vector3.new(-0.424436, 0.001248, 19.995497),slideActive=false,wallhopFlick=false,humanoidState=8},
    {type="keyframe",time=0.054597,cframe=CFrame.new(-24.273109,-147.005035,-26.141920,-0.999775,0.000000,0.021222,0.000000,1.000000,0.000000,-0.021222,0.000000,-0.999775),velocity=Vector3.new(-0.424436, 0.001248, 19.995497),slideActive=false,wallhopFlick=false,humanoidState=8},
    {type="keyframe",time=0.059753,cframe=CFrame.new(-24.274878,-147.005035,-26.058605,-0.999775,0.000000,0.021222,0.000000,1.000000,0.000000,-0.021222,0.000000,-0.999775),velocity=Vector3.new(-0.424436, 0.001248, 19.995497),slideActive=false,wallhopFlick=false,humanoidState=8},
    {type="keyframe",time=0.063381,cframe=CFrame.new(-24.276646,-147.005035,-25.975290,-0.999775,0.000000,0.021222,0.000000,1.000000,0.000000,-0.021222,0.000000,-0.999775),velocity=Vector3.new(-0.424436, 0.001248, 19.995497),slideActive=false,wallhopFlick=false,humanoidState=8},
    {type="keyframe",time=0.067753,cframe=CFrame.new(-24.278414,-147.005035,-25.891975,-0.999775,0.000000,0.021222,0.000000,1.000000,0.000000,-0.021222,0.000000,-0.999775),velocity=Vector3.new(-0.424436, 0.001248, 19.995497),slideActive=false,wallhopFlick=false,humanoidState=8},
    {type="keyframe",time=0.071998,cframe=CFrame.new(-24.280182,-147.005035,-25.808661,-0.999775,0.000000,0.021222,0.000000,1.000000,0.000000,-0.021222,0.000000,-0.999775),velocity=Vector3.new(-0.424436, 0.001248, 19.995497),slideActive=false,wallhopFlick=false,humanoidState=8},
    {type="keyframe",time=0.076688,cframe=CFrame.new(-24.281950,-147.005035,-25.725346,-0.999775,0.000000,0.021222,0.000000,1.000000,0.000000,-0.021222,0.000000,-0.999775),velocity=Vector3.new(-0.424436, 0.001248, 19.995497),slideActive=false,wallhopFlick=false,humanoidState=8},
    {type="keyframe",time=0.084776,cframe=CFrame.new(-24.285486,-147.005035,-25.558716,-0.999775,0.000000,0.021222,0.000000,1.000000,0.000000,-0.021222,0.000000,-0.999775),velocity=Vector3.new(-0.424436, 0.001248, 19.995497),slideActive=false,wallhopFlick=false,humanoidState=8},
    {type="keyframe",time=0.089750,cframe=CFrame.new(-24.287254,-147.005035,-25.475401,-0.999775,0.000000,0.021222,0.000000,1.000000,0.000000,-0.021222,0.000000,-0.999775),velocity=Vector3.new(-0.424436, 0.001248, 19.995497),slideActive=false,wallhopFlick=false,humanoidState=8},
    {type="keyframe",time=0.093717,cframe=CFrame.new(-24.290791,-147.005035,-25.308771,-0.999775,0.000000,0.021222,0.000000,1.000000,0.000000,-0.021222,0.000000,-0.999775),velocity=Vector3.new(-0.424436, 0.001248, 19.995497),slideActive=false,wallhopFlick=false,humanoidState=8},
    {type="keyframe",time=0.097684,cframe=CFrame.new(-24.292559,-147.005035,-25.225456,-0.999775,0.000000,0.021222,0.000000,1.000000,0.000000,-0.021222,0.000000,-0.999775),velocity=Vector3.new(-0.424436, 0.001248, 19.995497),slideActive=false,wallhopFlick=false,humanoidState=8},
    {type="keyframe",time=0.102067,cframe=CFrame.new(-24.294327,-147.004974,-25.142141,-0.999775,0.000000,0.021222,0.000000,1.000000,0.000000,-0.021222,0.000000,-0.999775),velocity=Vector3.new(-0.424436, 0.013646, 19.995497),slideActive=false,wallhopFlick=false,humanoidState=8},
    {type="keyframe",time=0.107220,cframe=CFrame.new(-24.296095,-147.004898,-25.058826,-0.999775,0.000000,0.021222,0.000000,1.000000,0.000000,-0.021222,0.000000,-0.999775),velocity=Vector3.new(-0.424436, 0.019599, 19.995497),slideActive=false,wallhopFlick=false,humanoidState=8},
    {type="keyframe",time=0.111108,cframe=CFrame.new(-24.297863,-147.004807,-24.975512,-0.999775,0.000000,0.021222,0.000000,1.000000,0.000000,-0.021222,0.000000,-0.999775),velocity=Vector3.new(-0.424436, 0.021869, 19.995497),slideActive=false,wallhopFlick=false,humanoidState=8},
    {type="keyframe",time=0.115361,cframe=CFrame.new(-24.299631,-147.004715,-24.892197,-0.999775,0.000000,0.021222,0.000000,1.000000,0.000000,-0.021222,0.000000,-0.999775),velocity=Vector3.new(-0.424436, 0.021955, 19.995497),slideActive=false,wallhopFlick=false,humanoidState=8},
    {type="keyframe",time=0.119915,cframe=CFrame.new(-24.301399,-147.004578,-24.808882,-0.999775,0.000000,0.021222,0.000000,1.000000,0.000000,-0.021222,0.000000,-0.999775),velocity=Vector3.new(-0.424436, 0.033445, 19.995497),slideActive=false,wallhopFlick=false,humanoidState=8},
    {type="keyframe",time=0.124999,cframe=CFrame.new(-24.303167,-147.004425,-24.725567,-0.999775,0.000000,0.021222,0.000000,1.000000,0.000000,-0.021222,0.000000,-0.999775),velocity=Vector3.new(-0.424436, 0.037953, 19.995497),slideActive=false,wallhopFlick=false,humanoidState=8},
    {type="keyframe",time=0.128770,cframe=CFrame.new(-24.304935,-147.004257,-24.642252,-0.999775,0.000000,0.021222,0.000000,1.000000,0.000000,-0.021222,0.000000,-0.999775),velocity=Vector3.new(-0.424436, 0.038487, 19.995497),slideActive=false,wallhopFlick=false,humanoidState=8},
    {type="keyframe",time=0.132856,cframe=CFrame.new(-24.306704,-147.004105,-24.558937,-0.999775,0.000000,0.021222,0.000000,1.000000,0.000000,-0.021222,0.000000,-0.999775),velocity=Vector3.new(-0.424436, 0.036678, 19.995497),slideActive=false,wallhopFlick=false,humanoidState=8},
    {type="keyframe",time=0.137087,cframe=CFrame.new(-24.308472,-147.003967,-24.475622,-0.999775,0.000000,0.021222,0.000000,1.000000,0.000000,-0.021222,0.000000,-0.999775),velocity=Vector3.new(-0.424436, 0.033791, 19.995497),slideActive=false,wallhopFlick=false,humanoidState=8},
    {type="keyframe",time=0.141778,cframe=CFrame.new(-24.310240,-147.003784,-24.392307,-0.999775,0.000000,0.021222,0.000000,1.000000,0.000000,-0.021222,0.000000,-0.999775),velocity=Vector3.new(-0.424436, 0.042908, 19.995497),slideActive=false,wallhopFlick=false,humanoidState=8},
    {type="keyframe",time=0.145385,cframe=CFrame.new(-24.312008,-147.003601,-24.308992,-0.999775,0.000000,0.021222,0.000000,1.000000,0.000000,-0.021222,0.000000,-0.999775),velocity=Vector3.new(-0.424436, 0.045558, 19.995497),slideActive=false,wallhopFlick=false,humanoidState=8},
    {type="keyframe",time=0.149713,cframe=CFrame.new(-24.313776,-147.003418,-24.225677,-0.999775,0.000000,0.021222,0.000000,1.000000,0.000000,-0.021222,0.000000,-0.999775),velocity=Vector3.new(-0.424436, 0.044704, 19.995497),slideActive=false,wallhopFlick=false,humanoidState=8},
    {type="keyframe",time=0.153968,cframe=CFrame.new(-24.315544,-147.003250,-24.142363,-0.999775,0.000000,0.021222,0.000000,1.000000,0.000000,-0.021222,0.000000,-0.999775),velocity=Vector3.new(-0.424436, 0.041953, 19.995497),slideActive=false,wallhopFlick=false,humanoidState=8},
    {type="keyframe",time=0.158542,cframe=CFrame.new(-24.317312,-147.003098,-24.059048,-0.999775,0.000000,0.021222,0.000000,1.000000,0.000000,-0.021222,0.000000,-0.999775),velocity=Vector3.new(-0.424436, 0.038365, 19.995497),slideActive=false,wallhopFlick=false,humanoidState=8},
    {type="keyframe",time=0.162144,cframe=CFrame.new(-24.319080,-147.002899,-23.975733,-0.999775,0.000000,0.021222,0.000000,1.000000,0.000000,-0.021222,0.000000,-0.999775),velocity=Vector3.new(-0.424436, 0.047102, 19.995497),slideActive=false,wallhopFlick=false,humanoidState=8},
    {type="keyframe",time=0.166308,cframe=CFrame.new(-24.320848,-147.002701,-23.892418,-0.999775,0.000000,0.021222,0.000000,1.000000,0.000000,-0.021222,0.000000,-0.999775),velocity=Vector3.new(-0.424436, 0.049356, 19.995497),slideActive=false,wallhopFlick=false,humanoidState=8},
    {type="keyframe",time=0.170380,cframe=CFrame.new(-24.322617,-147.002502,-23.809103,-0.999775,0.000000,0.021222,0.000000,1.000000,0.000000,-0.021222,0.000000,-0.999775),velocity=Vector3.new(-0.424436, 0.048097, 19.995497),slideActive=false,wallhopFlick=false,humanoidState=8},
    {type="keyframe",time=0.175292,cframe=CFrame.new(-24.324385,-147.002319,-23.725788,-0.999775,0.000000,0.021222,0.000000,1.000000,0.000000,-0.021222,0.000000,-0.999775),velocity=Vector3.new(-0.424436, 0.044935, 19.995497),slideActive=false,wallhopFlick=false,humanoidState=8},
    {type="keyframe",time=0.178923,cframe=CFrame.new(-24.326153,-147.002151,-23.642473,-0.999775,0.000000,0.021222,0.000000,1.000000,0.000000,-0.021222,0.000000,-0.999775),velocity=Vector3.new(-0.424436, 0.040934, 19.995497),slideActive=false,wallhopFlick=false,humanoidState=8},
    {type="keyframe",time=0.182892,cframe=CFrame.new(-24.327921,-147.001953,-23.559158,-0.999775,0.000000,0.021222,0.000000,1.000000,0.000000,-0.021222,0.000000,-0.999775),velocity=Vector3.new(-0.424436, 0.049257, 19.995497),slideActive=false,wallhopFlick=false,humanoidState=8},
    {type="keyframe",time=0.187060,cframe=CFrame.new(-24.329689,-147.001740,-23.475843,-0.999775,0.000000,0.021222,0.000000,1.000000,0.000000,-0.021222,0.000000,-0.999775),velocity=Vector3.new(-0.424436, 0.051285, 19.995497),slideActive=false,wallhopFlick=false,humanoidState=8},
    {type="keyframe",time=0.191994,cframe=CFrame.new(-24.331457,-147.001526,-23.392529,-0.999775,0.000000,0.021222,0.000000,1.000000,0.000000,-0.021222,0.000000,-0.999775),velocity=Vector3.new(-0.424436, 0.049714, 19.995497),slideActive=false,wallhopFlick=false,humanoidState=8},
    {type="keyframe",time=0.195600,cframe=CFrame.new(-24.333225,-147.001328,-23.309214,-0.999775,0.000000,0.021222,0.000000,1.000000,0.000000,-0.021222,0.000000,-0.999775),velocity=Vector3.new(-0.424436, 0.046193, 19.995497),slideActive=false,wallhopFlick=false,humanoidState=8},
    {type="keyframe",time=0.199710,cframe=CFrame.new(-24.334993,-147.001160,-23.225899,-0.999775,0.000000,0.021222,0.000000,1.000000,0.000000,-0.021222,0.000000,-0.999775),velocity=Vector3.new(-0.424436, 0.041806, 19.995497),slideActive=false,wallhopFlick=false,humanoidState=8},
    {type="keyframe",time=0.204544,cframe=CFrame.new(-24.336761,-147.001007,-23.142584,-0.999775,0.000000,0.021222,0.000000,1.000000,0.000000,-0.021222,0.000000,-0.999775),velocity=Vector3.new(-0.424436, 0.037331, 19.995497),slideActive=false,wallhopFlick=false,humanoidState=8},
    {type="keyframe",time=0.209446,cframe=CFrame.new(-24.338530,-147.000870,-23.059269,-0.999775,0.000000,0.021222,0.000000,1.000000,0.000000,-0.021222,0.000000,-0.999775),velocity=Vector3.new(-0.424436, 0.033000, 19.995497),slideActive=false,wallhopFlick=false,humanoidState=8},
    {type="keyframe",time=0.212426,cframe=CFrame.new(-24.340298,-147.000748,-22.975954,-0.999775,0.000000,0.021222,0.000000,1.000000,0.000000,-0.021222,0.000000,-0.999775),velocity=Vector3.new(-0.424436, 0.028938, 19.995497),slideActive=false,wallhopFlick=false,humanoidState=8},
    {type="keyframe",time=0.216515,cframe=CFrame.new(-24.342066,-147.000641,-22.892639,-0.999775,0.000000,0.021222,0.000000,1.000000,0.000000,-0.021222,0.000000,-0.999775),velocity=Vector3.new(-0.424436, 0.025211, 19.995497),slideActive=false,wallhopFlick=false,humanoidState=8},
    {type="keyframe",time=0.220601,cframe=CFrame.new(-24.343834,-147.000549,-22.809324,-0.999775,0.000000,0.021222,0.000000,1.000000,0.000000,-0.021222,0.000000,-0.999775),velocity=Vector3.new(-0.424436, 0.021858, 19.995497),slideActive=false,wallhopFlick=false,humanoidState=8},
    {type="keyframe",time=0.226254,cframe=CFrame.new(-24.345602,-147.000473,-22.726009,-0.999775,0.000000,0.021222,0.000000,1.000000,0.000000,-0.021222,0.000000,-0.999775),velocity=Vector3.new(-0.424436, 0.018897, 19.995497),slideActive=false,wallhopFlick=false,humanoidState=8},
    {type="keyframe",time=0.229299,cframe=CFrame.new(-24.347370,-147.000412,-22.642694,-0.999775,0.000000,0.021222,0.000000,1.000000,0.000000,-0.021222,0.000000,-0.999775),velocity=Vector3.new(-0.424436, 0.016339, 19.995497),slideActive=false,wallhopFlick=false,humanoidState=8},
    {type="keyframe",time=0.233242,cframe=CFrame.new(-24.349138,-147.000351,-22.559380,-0.999775,0.000000,0.021222,0.000000,1.000000,0.000000,-0.021222,0.000000,-0.999775),velocity=Vector3.new(-0.424436, 0.014191, 19.995497),slideActive=false,wallhopFlick=false,humanoidState=8},
    {type="keyframe",time=0.237445,cframe=CFrame.new(-24.350906,-147.000305,-22.476065,-0.999775,0.000000,0.021222,0.000000,1.000000,0.000000,-0.021222,0.000000,-0.999775),velocity=Vector3.new(-0.424436, 0.012264, 19.995497),slideActive=false,wallhopFlick=false,humanoidState=8},
    {type="keyframe",time=0.242277,cframe=CFrame.new(-24.352674,-147.000259,-22.392750,-0.999775,0.000000,0.021222,0.000000,1.000000,0.000000,-0.021222,0.000000,-0.999775),velocity=Vector3.new(-0.424436, 0.010649, 19.995497),slideActive=false,wallhopFlick=false,humanoidState=8},
    {type="keyframe",time=0.245881,cframe=CFrame.new(-24.354443,-147.000214,-22.309435,-0.999775,0.000000,0.021222,0.000000,1.000000,0.000000,-0.021222,0.000000,-0.999775),velocity=Vector3.new(-0.424436, 0.009201, 19.995497),slideActive=false,wallhopFlick=false,humanoidState=8},
    {type="keyframe",time=0.249853,cframe=CFrame.new(-24.356211,-147.000183,-22.226120,-0.999775,0.000000,0.021222,0.000000,1.000000,0.000000,-0.021222,0.000000,-0.999775),velocity=Vector3.new(-0.424436, 0.007845, 19.995497),slideActive=false,wallhopFlick=false,humanoidState=8},
    {type="keyframe",time=0.254635,cframe=CFrame.new(-24.357979,-147.000153,-22.142805,-0.999775,0.000000,0.021222,0.000000,1.000000,0.000000,-0.021222,0.000000,-0.999775),velocity=Vector3.new(-0.424436, 0.006729, 19.995497),slideActive=false,wallhopFlick=false,humanoidState=8},
    {type="keyframe",time=0.258922,cframe=CFrame.new(-24.359747,-147.000122,-22.059490,-0.999775,0.000000,0.021222,0.000000,1.000000,0.000000,-0.021222,0.000000,-0.999775),velocity=Vector3.new(-0.424436, 0.005743, 19.995497),slideActive=false,wallhopFlick=false,humanoidState=8},
    {type="keyframe",time=0.262191,cframe=CFrame.new(-24.361515,-147.000107,-21.976175,-0.999775,0.000000,0.021222,0.000000,1.000000,0.000000,-0.021222,0.000000,-0.999775),velocity=Vector3.new(-0.424436, 0.004827, 19.995497),slideActive=false,wallhopFlick=false,humanoidState=8},
    {type="keyframe",time=0.266225,cframe=CFrame.new(-24.363283,-147.000092,-21.892860,-0.999775,0.000000,0.021222,0.000000,1.000000,0.000000,-0.021222,0.000000,-0.999775),velocity=Vector3.new(-0.424436, 0.004141, 19.995497),slideActive=false,wallhopFlick=false,humanoidState=8},
    {type="keyframe",time=0.270865,cframe=CFrame.new(-24.365051,-147.000076,-21.809546,-0.999775,0.000000,0.021222,0.000000,1.000000,0.000000,-0.021222,0.000000,-0.999775),velocity=Vector3.new(-0.424436, 0.003578, 19.995497),slideActive=false,wallhopFlick=false,humanoidState=8},
    {type="keyframe",time=0.275563,cframe=CFrame.new(-24.366819,-147.000061,-21.726231,-0.999691,0.000000,0.024851,0.000000,1.000000,0.000000,-0.024851,0.000000,-0.999691),velocity=Vector3.new(-0.424436, 0.003082, 19.995497),slideActive=false,wallhopFlick=false,humanoidState=8},
    {type="keyframe",time=0.279865,cframe=CFrame.new(-24.368587,-147.000046,-21.642916,-0.999691,0.000000,0.024851,0.000000,1.000000,0.000000,-0.024851,0.000000,-0.999691),velocity=Vector3.new(-0.424436, 0.002623, 19.995497),slideActive=false,wallhopFlick=false,humanoidState=8},
    {type="keyframe",time=0.283210,cframe=CFrame.new(-24.370544,-147.000031,-21.559605,-0.999691,0.000000,0.024851,0.000000,1.000000,0.000000,-0.024851,0.000000,-0.999691),velocity=Vector3.new(-0.469803, 0.002184, 19.994452),slideActive=false,wallhopFlick=false,humanoidState=8},
    {type="keyframe",time=0.287151,cframe=CFrame.new(-24.372572,-147.000031,-21.476295,-0.999691,0.000000,0.024851,0.000000,1.000000,0.000000,-0.024851,0.000000,-0.999691),velocity=Vector3.new(-0.486815, 0.001755, 19.994059),slideActive=false,wallhopFlick=false,humanoidState=8},
    {type="keyframe",time=0.291829,cframe=CFrame.new(-24.374626,-147.000031,-21.392988,-0.999594,0.000000,0.028480,0.000000,1.000000,0.000000,-0.028480,0.000000,-0.999594),velocity=Vector3.new(-0.493195, 0.001523, 19.993912),slideActive=false,wallhopFlick=false,humanoidState=8},
    {type="keyframe",time=0.295592,cframe=CFrame.new(-24.376692,-147.000031,-21.309681,-0.999594,0.000000,0.028480,0.000000,1.000000,0.000000,-0.028480,0.000000,-0.999594),velocity=Vector3.new(-0.495588, 0.001397, 19.993856),slideActive=false,wallhopFlick=false,humanoidState=8},
    {type="keyframe",time=0.299548,cframe=CFrame.new(-24.378950,-147.000031,-21.226377,-0.999594,0.000000,0.028480,0.000000,1.000000,0.000000,-0.028480,0.000000,-0.999594),velocity=Vector3.new(-0.541846, 0.001329, 19.992624),slideActive=false,wallhopFlick=false,humanoidState=8},
    {type="keyframe",time=0.303853,cframe=CFrame.new(-24.381281,-147.000031,-21.143076,-0.999594,0.000000,0.028480,0.000000,1.000000,0.000000,-0.028480,0.000000,-0.999594),velocity=Vector3.new(-0.559193, 0.001292, 19.992161),slideActive=false,wallhopFlick=false,humanoidState=8},
    {type="keyframe",time=0.308645,cframe=CFrame.new(-24.383638,-147.000031,-21.059776,-0.999594,0.000000,0.028480,0.000000,1.000000,0.000000,-0.028480,0.000000,-0.999594),velocity=Vector3.new(-0.565698, 0.001272, 19.991987),slideActive=false,wallhopFlick=false,humanoidState=8},
    {type="keyframe",time=0.311891,cframe=CFrame.new(-24.386005,-147.000031,-20.976477,-0.999594,0.000000,0.028480,0.000000,1.000000,0.000000,-0.028480,0.000000,-0.999594),velocity=Vector3.new(-0.568138, 0.001261, 19.991922),slideActive=false,wallhopFlick=false,humanoidState=8},
    {type="keyframe",time=0.316683,cframe=CFrame.new(-24.388376,-147.000031,-20.893177,-0.999594,0.000000,0.028480,0.000000,1.000000,0.000000,-0.028480,0.000000,-0.999594),velocity=Vector3.new(-0.569053, 0.001255, 19.991898),slideActive=false,wallhopFlick=false,humanoidState=8},
    {type="keyframe",time=0.320450,cframe=CFrame.new(-24.390749,-147.000031,-20.809877,-0.999594,0.000000,0.028480,0.000000,1.000000,0.000000,-0.028480,0.000000,-0.999594),velocity=Vector3.new(-0.569397, 0.001252, 19.991890),slideActive=false,wallhopFlick=false,humanoidState=8},
    {type="keyframe",time=0.324785,cframe=CFrame.new(-24.393122,-147.000031,-20.726578,-0.999594,0.000000,0.028480,0.000000,1.000000,0.000000,-0.028480,0.000000,-0.999594),velocity=Vector3.new(-0.569525, 0.001250, 19.991886),slideActive=false,wallhopFlick=false,humanoidState=8},
    {type="keyframe",time=0.328773,cframe=CFrame.new(-24.395494,-147.000031,-20.643278,-0.999594,0.000000,0.028480,0.000000,1.000000,0.000000,-0.028480,0.000000,-0.999594),velocity=Vector3.new(-0.569574, 0.001249, 19.991886),slideActive=false,wallhopFlick=false,humanoidState=8},
    {type="keyframe",time=0.333084,cframe=CFrame.new(-24.397867,-147.000031,-20.559978,-0.999594,0.000000,0.028480,0.000000,1.000000,0.000000,-0.028480,0.000000,-0.999594),velocity=Vector3.new(-0.569593, 0.001249, 19.991886),slideActive=false,wallhopFlick=false,humanoidState=8},
    {type="keyframe",time=0.337109,cframe=CFrame.new(-24.400240,-147.000031,-20.476679,-0.999484,0.000000,0.032109,0.000000,1.000000,0.000000,-0.032109,0.000000,-0.999484),velocity=Vector3.new(-0.569600, 0.001249, 19.991886),slideActive=false,wallhopFlick=false,humanoidState=8},
    {type="keyframe",time=0.341400,cframe=CFrame.new(-24.402613,-147.000031,-20.393379,-0.999484,0.000000,0.032109,0.000000,1.000000,0.000000,-0.032109,0.000000,-0.999484),velocity=Vector3.new(-0.569602, 0.001249, 19.991886),slideActive=false,wallhopFlick=false,humanoidState=8},
    {type="keyframe",time=0.345356,cframe=CFrame.new(-24.405174,-147.000031,-20.310085,-0.999484,0.000000,0.032109,0.000000,1.000000,0.000000,-0.032109,0.000000,-0.999484),velocity=Vector3.new(-0.614961, 0.001248, 19.990513),slideActive=false,wallhopFlick=false,humanoidState=8},
    {type="keyframe",time=0.350363,cframe=CFrame.new(-24.407808,-147.000031,-20.226793,-0.999484,0.000000,0.032109,0.000000,1.000000,0.000000,-0.032109,0.000000,-0.999484),velocity=Vector3.new(-0.631971, 0.001248, 19.989998),slideActive=false,wallhopFlick=false,humanoidState=8},
    {type="keyframe",time=0.354354,cframe=CFrame.new(-24.410467,-147.000031,-20.143503,-0.999361,0.000000,0.035737,0.000000,1.000000,0.000000,-0.035737,0.000000,-0.999361),velocity=Vector3.new(-0.638350, 0.001248, 19.989803),slideActive=false,wallhopFlick=false,humanoidState=8},
    {type="keyframe",time=0.358191,cframe=CFrame.new(-24.413137,-147.000031,-20.060213,-0.999361,0.000000,0.035737,0.000000,1.000000,0.000000,-0.035737,0.000000,-0.999361),velocity=Vector3.new(-0.640743, 0.001248, 19.989729),slideActive=false,wallhopFlick=false,humanoidState=8},
    {type="keyframe",time=0.363337,cframe=CFrame.new(-24.416000,-147.000031,-19.976929,-0.999361,0.000000,0.035737,0.000000,1.000000,0.000000,-0.035737,0.000000,-0.999361),velocity=Vector3.new(-0.686994, 0.001248, 19.988163),slideActive=false,wallhopFlick=false,humanoidState=8},
    {type="keyframe",time=0.367385,cframe=CFrame.new(-24.418936,-147.000031,-19.893646,-0.999361,0.000000,0.035737,0.000000,1.000000,0.000000,-0.035737,0.000000,-0.999361),velocity=Vector3.new(-0.704338, 0.001248, 19.987576),slideActive=false,wallhopFlick=false,humanoidState=8},
    {type="keyframe",time=0.371312,cframe=CFrame.new(-24.421898,-147.000031,-19.810366,-0.999361,0.000000,0.035737,0.000000,1.000000,0.000000,-0.035737,0.000000,-0.999361),velocity=Vector3.new(-0.710841, 0.001248, 19.987356),slideActive=false,wallhopFlick=false,humanoidState=8},
    {type="keyframe",time=0.376288,cframe=CFrame.new(-24.424870,-147.000031,-19.727085,-0.999361,0.000000,0.035737,0.000000,1.000000,0.000000,-0.035737,0.000000,-0.999361),velocity=Vector3.new(-0.713281, 0.001248, 19.987274),slideActive=false,wallhopFlick=false,humanoidState=8},
    {type="keyframe",time=0.379418,cframe=CFrame.new(-24.427845,-147.000031,-19.643805,-0.999361,0.000000,0.035737,0.000000,1.000000,0.000000,-0.035737,0.000000,-0.999361),velocity=Vector3.new(-0.714196, 0.001248, 19.987244),slideActive=false,wallhopFlick=false,humanoidState=8},
    {type="keyframe",time=0.384309,cframe=CFrame.new(-24.430822,-147.000031,-19.560524,-0.999361,0.000000,0.035737,0.000000,1.000000,0.000000,-0.035737,0.000000,-0.999361),velocity=Vector3.new(-0.714539, 0.001248, 19.987232),slideActive=false,wallhopFlick=false,humanoidState=8},
    {type="keyframe",time=0.388309,cframe=CFrame.new(-24.433800,-147.000031,-19.477243,-0.999225,0.000000,0.039365,0.000000,1.000000,0.000000,-0.039365,0.000000,-0.999225),velocity=Vector3.new(-0.714669, 0.001248, 19.987228),slideActive=false,wallhopFlick=false,humanoidState=8},
    {type="keyframe",time=0.392208,cframe=CFrame.new(-24.436777,-147.000031,-19.393963,-0.999225,0.000000,0.039365,0.000000,1.000000,0.000000,-0.039365,0.000000,-0.999225),velocity=Vector3.new(-0.714718, 0.001248, 19.987226),slideActive=false,wallhopFlick=false,humanoidState=8},
    {type="keyframe",time=0.396185,cframe=CFrame.new(-24.439943,-147.000031,-19.310690,-0.999225,0.000000,0.039365,0.000000,1.000000,0.000000,-0.039365,0.000000,-0.999225),velocity=Vector3.new(-0.760082, 0.001248, 19.985521),slideActive=false,wallhopFlick=false,humanoidState=8},
    {type="keyframe",time=0.400194,cframe=CFrame.new(-24.443182,-147.000031,-19.227419,-0.999225,0.000000,0.039365,0.000000,1.000000,0.000000,-0.039365,0.000000,-0.999225),velocity=Vector3.new(-0.777094, 0.001248, 19.984882),slideActive=false,wallhopFlick=false,humanoidState=8},
    {type="keyframe",time=0.405207,cframe=CFrame.new(-24.446447,-147.000031,-19.144150,-0.999225,0.000000,0.039365,0.000000,1.000000,0.000000,-0.039365,0.000000,-0.999225),velocity=Vector3.new(-0.783472, 0.001248, 19.984642),slideActive=false,wallhopFlick=false,humanoidState=8},
    {type="keyframe",time=0.409195,cframe=CFrame.new(-24.449722,-147.000031,-19.060881,-0.999225,0.000000,0.039365,0.000000,1.000000,0.000000,-0.039365,0.000000,-0.999225),velocity=Vector3.new(-0.785864, 0.001248, 19.984552),slideActive=false,wallhopFlick=false,humanoidState=8},
    {type="keyframe",time=0.413184,cframe=CFrame.new(-24.453001,-147.000031,-18.977612,-0.999225,0.000000,0.039365,0.000000,1.000000,0.000000,-0.039365,0.000000,-0.999225),velocity=Vector3.new(-0.786762, 0.001248, 19.984520),slideActive=false,wallhopFlick=false,humanoidState=8},
    {type="keyframe",time=0.417162,cframe=CFrame.new(-24.456280,-147.000031,-18.894342,-0.999225,0.000000,0.039365,0.000000,1.000000,0.000000,-0.039365,0.000000,-0.999225),velocity=Vector3.new(-0.787099, 0.001248, 19.984507),slideActive=false,wallhopFlick=false,humanoidState=8},
    {type="keyframe",time=0.421204,cframe=CFrame.new(-24.459560,-147.000031,-18.811073,-0.999225,0.000000,0.039365,0.000000,1.000000,0.000000,-0.039365,0.000000,-0.999225),velocity=Vector3.new(-0.787225, 0.001248, 19.984501),slideActive=false,wallhopFlick=false,humanoidState=8},
    {type="keyframe",time=0.425177,cframe=CFrame.new(-24.462841,-147.000031,-18.727804,-0.999225,0.000000,0.039365,0.000000,1.000000,0.000000,-0.039365,0.000000,-0.999225),velocity=Vector3.new(-0.787272, 0.001248, 19.984499),slideActive=false,wallhopFlick=false,humanoidState=8},
    {type="keyframe",time=0.429123,cframe=CFrame.new(-24.466122,-147.000031,-18.644535,-0.999225,0.000000,0.039365,0.000000,1.000000,0.000000,-0.039365,0.000000,-0.999225),velocity=Vector3.new(-0.787290, 0.001248, 19.984499),slideActive=false,wallhopFlick=false,humanoidState=8},
    {type="keyframe",time=0.434162,cframe=CFrame.new(-24.469402,-147.000031,-18.561266,-0.999225,0.000000,0.039365,0.000000,1.000000,0.000000,-0.039365,0.000000,-0.999225),velocity=Vector3.new(-0.787296, 0.001248, 19.984499),slideActive=false,wallhopFlick=false,humanoidState=8},
    {type="keyframe",time=0.437145,cframe=CFrame.new(-24.472683,-147.000031,-18.477997,-0.999225,0.000000,0.039365,0.000000,1.000000,0.000000,-0.039365,0.000000,-0.999225),velocity=Vector3.new(-0.787298, 0.001248, 19.984499),slideActive=false,wallhopFlick=false,humanoidState=8},
    {type="keyframe",time=0.442092,cframe=CFrame.new(-24.475964,-147.000031,-18.394728,-0.999225,0.000000,0.039365,0.000000,1.000000,0.000000,-0.039365,0.000000,-0.999225),velocity=Vector3.new(-0.787299, 0.001248, 19.984499),slideActive=false,wallhopFlick=false,humanoidState=8},
    {type="keyframe",time=0.446097,cframe=CFrame.new(-24.479244,-147.000031,-18.311459,-0.999225,0.000000,0.039365,0.000000,1.000000,0.000000,-0.039365,0.000000,-0.999225),velocity=Vector3.new(-0.787298, 0.001248, 19.984499),slideActive=false,wallhopFlick=false,humanoidState=8},
    {type="keyframe",time=0.450117,cframe=CFrame.new(-24.482525,-147.000031,-18.228189,-0.999225,0.000000,0.039365,0.000000,1.000000,0.000000,-0.039365,0.000000,-0.999225),velocity=Vector3.new(-0.787298, 0.001248, 19.984499),slideActive=false,wallhopFlick=false,humanoidState=8},
    {type="keyframe",time=0.455152,cframe=CFrame.new(-24.485806,-147.000031,-18.144920,-0.999225,0.000000,0.039365,0.000000,1.000000,0.000000,-0.039365,0.000000,-0.999225),velocity=Vector3.new(-0.787298, 0.001248, 19.984499),slideActive=false,wallhopFlick=false,humanoidState=8},
    {type="keyframe",time=0.458149,cframe=CFrame.new(-24.489086,-147.000031,-18.061651,-0.999225,0.000000,0.039365,0.000000,1.000000,0.000000,-0.039365,0.000000,-0.999225),velocity=Vector3.new(-0.787298, 0.001248, 19.984499),slideActive=false,wallhopFlick=false,humanoidState=8},
    {type="keyframe",time=0.462225,cframe=CFrame.new(-24.492367,-147.000031,-17.978382,-0.999225,0.000000,0.039365,0.000000,1.000000,0.000000,-0.039365,0.000000,-0.999225),velocity=Vector3.new(-0.787297, 0.001248, 19.984499),slideActive=false,wallhopFlick=false,humanoidState=8},
    {type="keyframe",time=0.467196,cframe=CFrame.new(-24.495647,-147.000031,-17.895113,-0.999225,0.000000,0.039365,0.000000,1.000000,0.000000,-0.039365,0.000000,-0.999225),velocity=Vector3.new(-0.787295, 0.001248, 19.984499),slideActive=false,wallhopFlick=false,humanoidState=8},
    {type="keyframe",time=0.471016,cframe=CFrame.new(-24.498928,-147.000031,-17.811844,-0.999225,0.000000,0.039365,0.000000,1.000000,0.000000,-0.039365,0.000000,-0.999225),velocity=Vector3.new(-0.787295, 0.001248, 19.984499),slideActive=false,wallhopFlick=false,humanoidState=8},
    {type="keyframe",time=0.475991,cframe=CFrame.new(-24.502209,-147.000031,-17.728575,-0.999225,0.000000,0.039365,0.000000,1.000000,0.000000,-0.039365,0.000000,-0.999225),velocity=Vector3.new(-0.787296, 0.001248, 19.984499),slideActive=false,wallhopFlick=false,humanoidState=8},
    {type="keyframe",time=0.480055,cframe=CFrame.new(-24.505489,-147.000031,-17.645306,-0.999225,0.000000,0.039365,0.000000,1.000000,0.000000,-0.039365,0.000000,-0.999225),velocity=Vector3.new(-0.787296, 0.001248, 19.984499),slideActive=false,wallhopFlick=false,humanoidState=8},
    {type="keyframe",time=0.484010,cframe=CFrame.new(-24.508770,-147.000031,-17.562037,-0.999225,0.000000,0.039365,0.000000,1.000000,0.000000,-0.039365,0.000000,-0.999225),velocity=Vector3.new(-0.787295, 0.001248, 19.984499),slideActive=false,wallhopFlick=false,humanoidState=8},
    {type="keyframe",time=0.487983,cframe=CFrame.new(-24.512051,-147.000031,-17.478767,-0.999225,0.000000,0.039365,0.000000,1.000000,0.000000,-0.039365,0.000000,-0.999225),velocity=Vector3.new(-0.787294, 0.001248, 19.984499),slideActive=false,wallhopFlick=false,humanoidState=8},
    {type="keyframe",time=0.491981,cframe=CFrame.new(-24.515331,-147.000031,-17.395498,-0.999225,0.000000,0.039365,0.000000,1.000000,0.000000,-0.039365,0.000000,-0.999225),velocity=Vector3.new(-0.787293, 0.001248, 19.984499),slideActive=false,wallhopFlick=false,humanoidState=8},
    {type="keyframe",time=0.495955,cframe=CFrame.new(-24.518612,-147.000031,-17.312229,-0.999225,0.000000,0.039365,0.000000,1.000000,0.000000,-0.039365,0.000000,-0.999225),velocity=Vector3.new(-0.787292, 0.001248, 19.984497),slideActive=false,wallhopFlick=false,humanoidState=8},
    {type="keyframe",time=0.500025,cframe=CFrame.new(-24.521893,-147.000031,-17.228960,-0.999225,0.000000,0.039365,0.000000,1.000000,0.000000,-0.039365,0.000000,-0.999225),velocity=Vector3.new(-0.787291, 0.001248, 19.984497),slideActive=false,wallhopFlick=false,humanoidState=8},
    {type="keyframe",time=0.504903,cframe=CFrame.new(-24.525173,-147.000031,-17.145691,-0.999225,0.000000,0.039365,0.000000,1.000000,0.000000,-0.039365,0.000000,-0.999225),velocity=Vector3.new(-0.787291, 0.001248, 19.984497),slideActive=false,wallhopFlick=false,humanoidState=8},
    {type="keyframe",time=0.508900,cframe=CFrame.new(-24.528454,-147.000031,-17.062422,-0.999225,0.000000,0.039364,0.000000,1.000000,0.000000,-0.039364,0.000000,-0.999225),velocity=Vector3.new(-0.787290, 0.001248, 19.984497),slideActive=false,wallhopFlick=false,humanoidState=8},
    {type="keyframe",time=0.512941,cframe=CFrame.new(-24.531734,-147.000031,-16.979153,-0.999225,0.000000,0.039364,0.000000,1.000000,0.000000,-0.039364,0.000000,-0.999225),velocity=Vector3.new(-0.787290, 0.001248, 19.984497),slideActive=false,wallhopFlick=false,humanoidState=8},
    {type="keyframe",time=0.516973,cframe=CFrame.new(-24.535015,-147.000031,-16.895884,-0.999225,0.000000,0.039365,0.000000,1.000000,0.000000,-0.039365,0.000000,-0.999225),velocity=Vector3.new(-0.787289, 0.001248, 19.984497),slideActive=false,wallhopFlick=false,humanoidState=8},
    {type="keyframe",time=0.521969,cframe=CFrame.new(-24.538296,-147.000031,-16.812614,-0.999225,0.000000,0.039365,0.000000,1.000000,0.000000,-0.039365,0.000000,-0.999225),velocity=Vector3.new(-0.787289, 0.001248, 19.984497),slideActive=false,wallhopFlick=false,humanoidState=8},
    {type="keyframe",time=0.529971,cframe=CFrame.new(-24.544857,-147.000031,-16.646076,-0.999225,0.000000,0.039365,0.000000,1.000000,0.000000,-0.039365,0.000000,-0.999225),velocity=Vector3.new(-0.787290, 0.001248, 19.984497),slideActive=false,wallhopFlick=false,humanoidState=8},
    {type="keyframe",time=0.538818,cframe=CFrame.new(-24.551418,-147.000031,-16.479538,-0.999361,0.000000,0.035737,0.000000,1.000000,0.000000,-0.035737,0.000000,-0.999361),velocity=Vector3.new(-0.787291, 0.001248, 19.984497),slideActive=false,wallhopFlick=false,humanoidState=8},
    {type="keyframe",time=0.542802,cframe=CFrame.new(-24.557531,-147.000031,-16.312983,-0.999361,0.000000,0.035737,0.000000,1.000000,0.000000,-0.035737,0.000000,-0.999361),velocity=Vector3.new(-0.724939, 0.001248, 19.986841),slideActive=false,wallhopFlick=false,humanoidState=8},
    {type="keyframe",time=0.550784,cframe=CFrame.new(-24.560526,-147.000031,-16.229704,-0.999594,0.000000,0.028480,0.000000,1.000000,0.000000,-0.028480,0.000000,-0.999594),velocity=Vector3.new(-0.718562, 0.001248, 19.987082),slideActive=false,wallhopFlick=false,humanoidState=8},
    {type="keyframe",time=0.558790,cframe=CFrame.new(-24.565592,-147.000031,-16.063116,-0.999594,0.000000,0.028480,0.000000,1.000000,0.000000,-0.028480,0.000000,-0.999594),velocity=Vector3.new(-0.590547, 0.001248, 19.991213),slideActive=false,wallhopFlick=false,humanoidState=8},
    {type="keyframe",time=0.562739,cframe=CFrame.new(-24.567997,-147.000031,-15.979817,-0.999691,0.000000,0.024851,0.000000,1.000000,0.000000,-0.024851,0.000000,-0.999691),velocity=Vector3.new(-0.577456, 0.001248, 19.991634),slideActive=false,wallhopFlick=false,humanoidState=8},
    {type="keyframe",time=0.567822,cframe=CFrame.new(-24.570383,-147.000031,-15.896519,-0.999691,0.000000,0.024851,0.000000,1.000000,0.000000,-0.024851,0.000000,-0.999691),velocity=Vector3.new(-0.572546, 0.001248, 19.991793),slideActive=false,wallhopFlick=false,humanoidState=8},
    {type="keyframe",time=0.571732,cframe=CFrame.new(-24.572573,-147.000031,-15.813214,-0.999775,0.000000,0.021222,0.000000,1.000000,0.000000,-0.021222,0.000000,-0.999775),velocity=Vector3.new(-0.525344, 0.001248, 19.993063),slideActive=false,wallhopFlick=false,humanoidState=8},
    {type="keyframe",time=0.575746,cframe=CFrame.new(-24.574688,-147.000031,-15.729908,-0.999775,0.000000,0.021222,0.000000,1.000000,0.000000,-0.021222,0.000000,-0.999775),velocity=Vector3.new(-0.507643, 0.001248, 19.993538),slideActive=false,wallhopFlick=false,humanoidState=8},
    {type="keyframe",time=0.579724,cframe=CFrame.new(-24.576586,-147.000031,-15.646597,-0.999775,0.000000,0.021222,0.000000,1.000000,0.000000,-0.021222,0.000000,-0.999775),velocity=Vector3.new(-0.455640, 0.001248, 19.994762),slideActive=false,wallhopFlick=false,humanoidState=8},
    {type="keyframe",time=0.583740,cframe=CFrame.new(-24.578403,-147.000031,-15.563284,-0.999845,0.000000,0.017592,0.000000,1.000000,0.000000,-0.017592,0.000000,-0.999845),velocity=Vector3.new(-0.436139, 0.001248, 19.995222),slideActive=false,wallhopFlick=false,humanoidState=8},
    {type="keyframe",time=0.588792,cframe=CFrame.new(-24.580191,-147.000031,-15.479970,-0.999845,0.000000,0.017592,0.000000,1.000000,0.000000,-0.017592,0.000000,-0.999845),velocity=Vector3.new(-0.428826, 0.001248, 19.995394),slideActive=false,wallhopFlick=false,humanoidState=8},
    {type="keyframe",time=0.591801,cframe=CFrame.new(-24.581778,-147.000031,-15.396652,-0.999845,0.000000,0.017592,0.000000,1.000000,0.000000,-0.017592,0.000000,-0.999845),velocity=Vector3.new(-0.380715, 0.001248, 19.996340),slideActive=false,wallhopFlick=false,humanoidState=8},
    {type="keyframe",time=0.596752,cframe=CFrame.new(-24.583288,-147.000031,-15.313333,-0.999845,0.000000,0.017592,0.000000,1.000000,0.000000,-0.017592,0.000000,-0.999845),velocity=Vector3.new(-0.362673, 0.001248, 19.996695),slideActive=false,wallhopFlick=false,humanoidState=8},
    {type="keyframe",time=0.599650,cframe=CFrame.new(-24.584770,-147.000031,-15.230013,-0.999903,0.000000,0.013962,0.000000,1.000000,0.000000,-0.013962,0.000000,-0.999903),velocity=Vector3.new(-0.355906, 0.001248, 19.996826),slideActive=false,wallhopFlick=false,humanoidState=8},
    {type="keyframe",time=0.604685,cframe=CFrame.new(-24.586243,-147.000031,-15.146692,-0.999903,0.000000,0.013962,0.000000,1.000000,0.000000,-0.013962,0.000000,-0.999903),velocity=Vector3.new(-0.353368, 0.001248, 19.996876),slideActive=false,wallhopFlick=false,humanoidState=8},
    {type="keyframe",time=0.608723,cframe=CFrame.new(-24.587523,-147.000031,-15.063369,-0.999903,0.000000,0.013962,0.000000,1.000000,0.000000,-0.013962,0.000000,-0.999903),velocity=Vector3.new(-0.307043, 0.001248, 19.997610),slideActive=false,wallhopFlick=false,humanoidState=8},
    {type="keyframe",time=0.613654,cframe=CFrame.new(-24.588730,-147.000031,-14.980044,-0.999903,0.000000,0.013962,0.000000,1.000000,0.000000,-0.013962,0.000000,-0.999903),velocity=Vector3.new(-0.289672, 0.001248, 19.997885),slideActive=false,wallhopFlick=false,humanoidState=8},
    {type="keyframe",time=0.616679,cframe=CFrame.new(-24.589911,-147.000031,-14.896719,-0.999903,0.000000,0.013962,0.000000,1.000000,0.000000,-0.013962,0.000000,-0.999903),velocity=Vector3.new(-0.283157, 0.001248, 19.997988),slideActive=false,wallhopFlick=false,humanoidState=8},
