return {
    {type="keyframe",time=0.003106,cframe=CFrame.new(2493.000000,2503.500000,2501.000000,1.000000,0.000000,0.000000,0.000000,1.000000,0.000000,0.000000,0.000000,1.000000),velocity=Vector3.new(0.000000, 0.000416, 0.000000),slideActive=false,wallhopFlick=false,humanoidState=8},
    {type="keyframe",time=0.007118,cframe=CFrame.new(2493.000000,2503.500000,2501.000000,1.000000,0.000000,0.000000,0.000000,1.000000,0.000000,0.000000,0.000000,1.000000),velocity=Vector3.new(0.000000, 0.000416, 0.000000),slideActive=false,wallhopFlick=false,humanoidState=8},
    {type="keyframe",time=0.012677,cframe=CFrame.new(2493.000000,2503.500000,2501.000000,1.000000,0.000000,0.000000,0.000000,1.000000,0.000000,0.000000,0.000000,1.000000),velocity=Vector3.new(0.000000, 0.000416, 0.000000),slideActive=false,wallhopFlick=false,humanoidState=8},
    {type="keyframe",time=0.015698,cframe=CFrame.new(2493.000000,2503.500000,2501.000000,1.000000,0.000000,0.000000,0.000000,1.000000,0.000000,0.000000,0.000000,1.000000),velocity=Vector3.new(0.000000, 0.000416, 0.000000),slideActive=false,wallhopFlick=false,humanoidState=8},
    {type="keyframe",time=0.019704,cframe=CFrame.new(2493.000000,2503.500000,2501.000000,1.000000,0.000000,0.000000,0.000000,1.000000,0.000000,0.000000,0.000000,1.000000),velocity=Vector3.new(0.000000, 0.000416, 0.000000),slideActive=false,wallhopFlick=false,humanoidState=8},
    {type="keyframe",time=0.024764,cframe=CFrame.new(2493.000000,2503.500000,2501.000000,1.000000,0.000000,0.000000,0.000000,1.000000,0.000000,0.000000,0.000000,1.000000),velocity=Vector3.new(0.000000, 0.000416, 0.000000),slideActive=false,wallhopFlick=false,humanoidState=8},
    {type="keyframe",time=0.028809,cframe=CFrame.new(2493.000000,2503.500000,2501.000000,1.000000,0.000000,0.000000,0.000000,1.000000,0.000000,0.000000,0.000000,1.000000),velocity=Vector3.new(0.000000, 0.000416, 0.000000),slideActive=false,wallhopFlick=false,humanoidState=8},
    {type="keyframe",time=0.033814,cframe=CFrame.new(2493.000000,2503.500000,2501.000000,1.000000,0.000000,0.000000,0.000000,1.000000,0.000000,0.000000,0.000000,1.000000),velocity=Vector3.new(0.000000, 0.000416, 0.000000),slideActive=false,wallhopFlick=false,humanoidState=8},
    {type="keyframe",time=0.036306,cframe=CFrame.new(2493.000000,2503.500000,2501.000000,1.000000,0.000000,0.000000,0.000000,1.000000,0.000000,0.000000,0.000000,1.000000),velocity=Vector3.new(0.000000, 0.000416, 0.000000),slideActive=false,wallhopFlick=false,humanoidState=8},
    {type="keyframe",time=0.041763,cframe=CFrame.new(2493.000000,2503.500000,2501.000000,1.000000,0.000000,0.000000,0.000000,1.000000,0.000000,0.000000,0.000000,1.000000),velocity=Vector3.new(0.000000, 0.000416, 0.000000),slideActive=false,wallhopFlick=false,humanoidState=8},
    {type="keyframe",time=0.045993,cframe=CFrame.new(2493.000000,2503.500000,2501.000000,1.000000,0.000000,0.000000,0.000000,1.000000,0.000000,0.000000,0.000000,1.000000),velocity=Vector3.new(0.000000, 0.000416, 0.000000),slideActive=false,wallhopFlick=false,humanoidState=8},
    {type="keyframe",time=0.048852,cframe=CFrame.new(2493.000000,2503.500000,2501.000000,1.000000,0.000000,0.000000,0.000000,1.000000,0.000000,0.000000,0.000000,1.000000),velocity=Vector3.new(0.000000, 0.000416, 0.000000),slideActive=false,wallhopFlick=false,humanoidState=8},
    {type="keyframe",time=0.053801,cframe=CFrame.new(2493.000000,2503.500000,2501.000000,1.000000,0.000000,0.000000,0.000000,1.000000,0.000000,0.000000,0.000000,1.000000),velocity=Vector3.new(0.000000, 0.000416, 0.000000),slideActive=false,wallhopFlick=false,humanoidState=8},
    {type="keyframe",time=0.058889,cframe=CFrame.new(2493.000000,2503.500000,2501.000000,1.000000,0.000000,0.000000,0.000000,1.000000,0.000000,0.000000,0.000000,1.000000),velocity=Vector3.new(0.000000, 0.000416, 0.000000),slideActive=false,wallhopFlick=false,humanoidState=8},
    {type="keyframe",time=0.065729,cframe=CFrame.new(2493.000000,2503.500000,2501.000000,1.000000,0.000000,0.000000,0.000000,1.000000,0.000000,0.000000,0.000000,1.000000),velocity=Vector3.new(0.000000, 0.000416, 0.000000),slideActive=false,wallhopFlick=false,humanoidState=8},
    {type="keyframe",time=0.070801,cframe=CFrame.new(2493.000000,2503.500000,2501.000000,1.000000,0.000000,0.000000,0.000000,1.000000,0.000000,0.000000,0.000000,1.000000),velocity=Vector3.new(0.000000, 0.000416, 0.000000),slideActive=false,wallhopFlick=false,humanoidState=8},
    {type="keyframe",time=0.073750,cframe=CFrame.new(2493.000000,2503.500000,2501.000000,1.000000,0.000000,0.000000,0.000000,1.000000,0.000000,0.000000,0.000000,1.000000),velocity=Vector3.new(0.000000, 0.000416, 0.000000),slideActive=false,wallhopFlick=false,humanoidState=8},
    {type="keyframe",time=0.079025,cframe=CFrame.new(2493.000000,2503.500000,2501.000000,1.000000,0.000000,0.000000,0.000000,1.000000,0.000000,0.000000,0.000000,1.000000),velocity=Vector3.new(0.000000, 0.000416, 0.000000),slideActive=false,wallhopFlick=false,humanoidState=8},
    {type="keyframe",time=0.087802,cframe=CFrame.new(2493.000000,2503.500000,2501.000000,1.000000,0.000000,0.000000,0.000000,1.000000,0.000000,0.000000,0.000000,1.000000),velocity=Vector3.new(0.000000, 0.000416, 0.000000),slideActive=false,wallhopFlick=false,humanoidState=8},
    {type="keyframe",time=0.090710,cframe=CFrame.new(2493.000000,2503.500000,2501.000000,1.000000,0.000000,0.000000,0.000000,1.000000,0.000000,0.000000,0.000000,1.000000),velocity=Vector3.new(0.000000, 0.000416, 0.000000),slideActive=false,wallhopFlick=false,humanoidState=8},
    {type="keyframe",time=0.095770,cframe=CFrame.new(2493.000000,2503.500000,2501.000000,1.000000,0.000000,0.000000,0.000000,1.000000,0.000000,0.000000,0.000000,1.000000),velocity=Vector3.new(0.000000, 0.000416, 0.000000),slideActive=false,wallhopFlick=false,humanoidState=8},
    {type="keyframe",time=0.098699,cframe=CFrame.new(2493.000000,2503.500000,2501.000000,1.000000,0.000000,0.000000,0.000000,1.000000,0.000000,0.000000,0.000000,1.000000),velocity=Vector3.new(0.000000, 0.000416, 0.000000),slideActive=false,wallhopFlick=false,humanoidState=8},
    {type="keyframe",time=0.103836,cframe=CFrame.new(2493.000000,2503.500000,2501.000000,1.000000,0.000000,0.000000,0.000000,1.000000,0.000000,0.000000,0.000000,1.000000),velocity=Vector3.new(0.000000, 0.000416, 0.000000),slideActive=false,wallhopFlick=false,humanoidState=8},
    {type="keyframe",time=0.107683,cframe=CFrame.new(2493.000000,2503.500000,2501.000000,1.000000,0.000000,0.000000,0.000000,1.000000,0.000000,0.000000,0.000000,1.000000),velocity=Vector3.new(0.000000, 0.000416, 0.000000),slideActive=false,wallhopFlick=false,humanoidState=8},
    {type="keyframe",time=0.111725,cframe=CFrame.new(2493.000000,2503.500000,2501.000000,1.000000,0.000000,0.000000,0.000000,1.000000,0.000000,0.000000,0.000000,1.000000),velocity=Vector3.new(0.000000, 0.000416, 0.000000),slideActive=false,wallhopFlick=false,humanoidState=8},
    {type="keyframe",time=0.115601,cframe=CFrame.new(2493.000000,2503.500000,2501.000000,1.000000,0.000000,0.000000,0.000000,1.000000,0.000000,0.000000,0.000000,1.000000),velocity=Vector3.new(0.000000, 0.000416, 0.000000),slideActive=false,wallhopFlick=false,humanoidState=8},
    {type="keyframe",time=0.120751,cframe=CFrame.new(2493.000000,2503.500000,2501.000000,1.000000,0.000000,0.000000,0.000000,1.000000,0.000000,0.000000,0.000000,1.000000),velocity=Vector3.new(0.000000, 0.000416, 0.000000),slideActive=false,wallhopFlick=false,humanoidState=8},
    {type="keyframe",time=0.123885,cframe=CFrame.new(2493.000000,2503.500000,2501.000000,1.000000,0.000000,0.000000,0.000000,1.000000,0.000000,0.000000,0.000000,1.000000),velocity=Vector3.new(0.000000, 0.000416, 0.000000),slideActive=false,wallhopFlick=false,humanoidState=8},
    {type="keyframe",time=0.128987,cframe=CFrame.new(2493.000000,2503.500000,2501.000000,1.000000,0.000000,0.000000,0.000000,1.000000,0.000000,0.000000,0.000000,1.000000),velocity=Vector3.new(0.000000, 0.000416, 0.000000),slideActive=false,wallhopFlick=false,humanoidState=8},
    {type="keyframe",time=0.133867,cframe=CFrame.new(2493.000000,2503.500000,2501.000000,1.000000,0.000000,0.000000,0.000000,1.000000,0.000000,0.000000,0.000000,1.000000),velocity=Vector3.new(0.000000, 0.000416, 0.000000),slideActive=false,wallhopFlick=false,humanoidState=8},
    {type="keyframe",time=0.141866,cframe=CFrame.new(2493.000000,2503.500000,2501.000000,1.000000,0.000000,0.000000,0.000000,1.000000,0.000000,0.000000,0.000000,1.000000),velocity=Vector3.new(0.000000, 0.000416, 0.000000),slideActive=false,wallhopFlick=false,humanoidState=8},
    {type="keyframe",time=0.145788,cframe=CFrame.new(2493.000000,2503.500000,2501.000000,1.000000,0.000000,0.000000,0.000000,1.000000,0.000000,0.000000,0.000000,1.000000),velocity=Vector3.new(0.000000, 0.000416, 0.000000),slideActive=false,wallhopFlick=false,humanoidState=8},
    {type="keyframe",time=0.149713,cframe=CFrame.new(2493.000000,2503.500000,2501.000000,1.000000,0.000000,0.000000,0.000000,1.000000,0.000000,0.000000,0.000000,1.000000),velocity=Vector3.new(0.000000, 0.000416, 0.000000),slideActive=false,wallhopFlick=false,humanoidState=8},
    {type="keyframe",time=0.153740,cframe=CFrame.new(2493.000000,2503.500000,2501.000000,1.000000,0.000000,0.000000,0.000000,1.000000,0.000000,0.000000,0.000000,1.000000),velocity=Vector3.new(0.000000, 0.000416, 0.000000),slideActive=false,wallhopFlick=false,humanoidState=8},
    {type="keyframe",time=0.158544,cframe=CFrame.new(2493.000000,2503.500000,2501.000000,1.000000,0.000000,0.000000,0.000000,1.000000,0.000000,0.000000,0.000000,1.000000),velocity=Vector3.new(0.000000, 0.000416, 0.000000),slideActive=false,wallhopFlick=false,humanoidState=8},
    {type="keyframe",time=0.162053,cframe=CFrame.new(2493.000000,2503.500000,2501.000000,1.000000,0.000000,0.000000,0.000000,1.000000,0.000000,0.000000,0.000000,1.000000),velocity=Vector3.new(0.000000, 0.000416, 0.000000),slideActive=false,wallhopFlick=false,humanoidState=8},
    {type="keyframe",time=0.166803,cframe=CFrame.new(2493.000000,2503.500000,2501.000000,1.000000,0.000000,0.000000,0.000000,1.000000,0.000000,0.000000,0.000000,1.000000),velocity=Vector3.new(0.000000, 0.000416, 0.000000),slideActive=false,wallhopFlick=false,humanoidState=8},
    {type="keyframe",time=0.170777,cframe=CFrame.new(2493.000000,2503.500000,2501.000000,1.000000,0.000000,0.000000,0.000000,1.000000,0.000000,0.000000,0.000000,1.000000),velocity=Vector3.new(0.000000, 0.000416, 0.000000),slideActive=false,wallhopFlick=false,humanoidState=8},
    {type="keyframe",time=0.173865,cframe=CFrame.new(2493.000000,2503.500000,2501.000000,1.000000,0.000000,0.000000,0.000000,1.000000,0.000000,0.000000,0.000000,1.000000),velocity=Vector3.new(0.000000, 0.000416, 0.000000),slideActive=false,wallhopFlick=false,humanoidState=8},
    {type="keyframe",time=0.179781,cframe=CFrame.new(2493.000000,2503.500000,2501.000000,1.000000,0.000000,0.000000,0.000000,1.000000,0.000000,0.000000,0.000000,1.000000),velocity=Vector3.new(0.000000, 0.000416, 0.000000),slideActive=false,wallhopFlick=false,humanoidState=8},
    {type="keyframe",time=0.187822,cframe=CFrame.new(2493.000000,2503.500000,2501.000000,1.000000,0.000000,0.000000,0.000000,1.000000,0.000000,0.000000,0.000000,1.000000),velocity=Vector3.new(0.000000, 0.000416, 0.000000),slideActive=false,wallhopFlick=false,humanoidState=8},
    {type="keyframe",time=0.190627,cframe=CFrame.new(2493.000000,2503.500000,2501.000000,1.000000,0.000000,0.000000,0.000000,1.000000,0.000000,0.000000,0.000000,1.000000),velocity=Vector3.new(0.000000, 0.000416, 0.000000),slideActive=false,wallhopFlick=false,humanoidState=8},
    {type="keyframe",time=0.195799,cframe=CFrame.new(2493.000000,2503.500000,2501.000000,1.000000,0.000000,0.000000,0.000000,1.000000,0.000000,0.000000,0.000000,1.000000),velocity=Vector3.new(0.000000, 0.000416, 0.000000),slideActive=false,wallhopFlick=false,humanoidState=8},
    {type="keyframe",time=0.198647,cframe=CFrame.new(2493.000000,2503.500000,2501.000000,1.000000,0.000000,0.000000,0.000000,1.000000,0.000000,0.000000,0.000000,1.000000),velocity=Vector3.new(0.000000, 0.000416, 0.000000),slideActive=false,wallhopFlick=false,humanoidState=8},
    {type="keyframe",time=0.203764,cframe=CFrame.new(2493.000000,2503.500000,2501.000000,1.000000,0.000000,0.000000,0.000000,1.000000,0.000000,0.000000,0.000000,1.000000),velocity=Vector3.new(0.000000, 0.000416, 0.000000),slideActive=false,wallhopFlick=false,humanoidState=8},
    {type="keyframe",time=0.208723,cframe=CFrame.new(2493.000000,2503.500000,2501.000000,1.000000,0.000000,0.000000,0.000000,1.000000,0.000000,0.000000,0.000000,1.000000),velocity=Vector3.new(0.000000, 0.000416, 0.000000),slideActive=false,wallhopFlick=false,humanoidState=8},
    {type="keyframe",time=0.211650,cframe=CFrame.new(2493.000000,2503.500000,2501.000000,1.000000,0.000000,0.000000,0.000000,1.000000,0.000000,0.000000,0.000000,1.000000),velocity=Vector3.new(0.000000, 0.000416, 0.000000),slideActive=false,wallhopFlick=false,humanoidState=8},
    {type="keyframe",time=0.215614,cframe=CFrame.new(2493.000000,2503.500000,2501.000000,1.000000,0.000000,0.000000,0.000000,1.000000,0.000000,0.000000,0.000000,1.000000),velocity=Vector3.new(0.000000, 0.000416, 0.000000),slideActive=false,wallhopFlick=false,humanoidState=8},
    {type="keyframe",time=0.220580,cframe=CFrame.new(2493.000000,2503.500000,2501.000000,1.000000,0.000000,0.000000,0.000000,1.000000,0.000000,0.000000,0.000000,1.000000),velocity=Vector3.new(0.000000, 0.000416, 0.000000),slideActive=false,wallhopFlick=false,humanoidState=8},
    {type="keyframe",time=0.224634,cframe=CFrame.new(2493.000000,2503.500000,2501.000000,1.000000,0.000000,0.000000,0.000000,1.000000,0.000000,0.000000,0.000000,1.000000),velocity=Vector3.new(0.000000, 0.000416, 0.000000),slideActive=false,wallhopFlick=false,humanoidState=8},
    {type="keyframe",time=0.228700,cframe=CFrame.new(2493.000000,2503.500000,2501.000000,1.000000,0.000000,0.000000,0.000000,1.000000,0.000000,0.000000,0.000000,1.000000),velocity=Vector3.new(0.000000, 0.000416, 0.000000),slideActive=false,wallhopFlick=false,humanoidState=8},
    {type="keyframe",time=0.236529,cframe=CFrame.new(2493.000000,2503.500000,2501.000000,1.000000,0.000000,0.000000,0.000000,1.000000,0.000000,0.000000,0.000000,1.000000),velocity=Vector3.new(0.000000, 0.000416, 0.000000),slideActive=false,wallhopFlick=false,humanoidState=8},
    {type="keyframe",time=0.240650,cframe=CFrame.new(2493.000000,2503.500000,2501.000000,1.000000,0.000000,0.000000,0.000000,1.000000,0.000000,0.000000,0.000000,1.000000),velocity=Vector3.new(0.000000, 0.000416, 0.000000),slideActive=false,wallhopFlick=false,humanoidState=8},
    {type="keyframe",time=0.245567,cframe=CFrame.new(2493.000000,2503.500000,2501.000000,1.000000,0.000000,0.000000,0.000000,1.000000,0.000000,0.000000,0.000000,1.000000),velocity=Vector3.new(0.000000, 0.000416, 0.000000),slideActive=false,wallhopFlick=false,humanoidState=8},
    {type="keyframe",time=0.254523,cframe=CFrame.new(2493.000000,2503.500000,2501.000000,1.000000,0.000000,0.000000,0.000000,1.000000,0.000000,0.000000,0.000000,1.000000),velocity=Vector3.new(0.000000, 0.000416, 0.000000),slideActive=false,wallhopFlick=false,humanoidState=8},
    {type="keyframe",time=0.262626,cframe=CFrame.new(2493.000000,2503.500000,2501.000000,1.000000,0.000000,0.000000,0.000000,1.000000,0.000000,0.000000,0.000000,1.000000),velocity=Vector3.new(0.000000, 0.000416, 0.000000),slideActive=false,wallhopFlick=false,humanoidState=8},
    {type="input",time=0.263333,key="W",state=true},
    {type="keyframe",time=0.266001,cframe=CFrame.new(2493.000000,2503.500000,2501.000000,1.000000,0.000000,0.000000,0.000000,1.000000,0.000000,0.000000,0.000000,1.000000),velocity=Vector3.new(0.000000, 0.000416, 0.000000),slideActive=false,wallhopFlick=false,humanoidState=8},
    {type="keyframe",time=0.271096,cframe=CFrame.new(2493.000000,2503.500000,2501.000000,1.000000,0.000000,0.000000,0.000000,1.000000,0.000000,0.000000,0.000000,1.000000),velocity=Vector3.new(0.000000, 0.000416, 0.000000),slideActive=false,wallhopFlick=false,humanoidState=8},
    {type="keyframe",time=0.277889,cframe=CFrame.new(2493.000000,2503.500000,2501.000000,1.000000,0.000000,0.000000,0.000000,1.000000,0.000000,0.000000,0.000000,1.000000),velocity=Vector3.new(0.000000, 0.000416, 0.000000),slideActive=false,wallhopFlick=false,humanoidState=8},
    {type="keyframe",time=0.282000,cframe=CFrame.new(2493.000000,2503.500000,2501.000000,1.000000,0.000000,0.000000,0.000000,1.000000,0.000000,0.000000,0.000000,1.000000),velocity=Vector3.new(0.000000, 0.000416, 0.000000),slideActive=false,wallhopFlick=false,humanoidState=8},
    {type="keyframe",time=0.286522,cframe=CFrame.new(2493.000000,2503.500000,2501.000000,1.000000,0.000000,0.000000,0.000000,1.000000,0.000000,0.000000,0.000000,1.000000),velocity=Vector3.new(0.000000, 0.000416, 0.000000),slideActive=false,wallhopFlick=false,humanoidState=8},
    {type="keyframe",time=0.290394,cframe=CFrame.new(2493.000000,2503.500000,2501.000000,1.000000,0.000000,0.000000,0.000000,1.000000,0.000000,0.000000,0.000000,1.000000),velocity=Vector3.new(0.000000, 0.000416, 0.000000),slideActive=false,wallhopFlick=false,humanoidState=8},
    {type="keyframe",time=0.295520,cframe=CFrame.new(2493.000000,2503.500000,2501.000000,1.000000,0.000000,0.000000,0.000000,1.000000,0.000000,0.000000,0.000000,1.000000),velocity=Vector3.new(0.000000, 0.000416, 0.000000),slideActive=false,wallhopFlick=false,humanoidState=8},
    {type="keyframe",time=0.303483,cframe=CFrame.new(2493.000000,2503.500000,2501.000000,1.000000,0.000000,0.000000,0.000000,1.000000,0.000000,0.000000,0.000000,1.000000),velocity=Vector3.new(0.000000, 0.000416, 0.000000),slideActive=false,wallhopFlick=false,humanoidState=8},
    {type="keyframe",time=0.307357,cframe=CFrame.new(2493.000000,2503.500000,2501.000000,1.000000,0.000000,0.000000,0.000000,1.000000,0.000000,0.000000,0.000000,1.000000),velocity=Vector3.new(0.000000, 0.000416, 0.000000),slideActive=false,wallhopFlick=false,humanoidState=8},
    {type="keyframe",time=0.312529,cframe=CFrame.new(2493.000000,2503.500000,2501.000000,1.000000,0.000000,0.000000,0.000000,1.000000,0.000000,0.000000,0.000000,1.000000),velocity=Vector3.new(0.000000, 0.000416, 0.000000),slideActive=false,wallhopFlick=false,humanoidState=8},
    {type="keyframe",time=0.315692,cframe=CFrame.new(2493.000000,2503.500000,2501.000000,1.000000,0.000000,0.000000,0.000000,1.000000,0.000000,0.000000,0.000000,1.000000),velocity=Vector3.new(0.000000, 0.000416, 0.000000),slideActive=false,wallhopFlick=false,humanoidState=8},
    {type="keyframe",time=0.319810,cframe=CFrame.new(2493.000000,2503.500000,2501.000000,1.000000,0.000000,0.000000,0.000000,1.000000,0.000000,0.000000,0.000000,1.000000),velocity=Vector3.new(0.000000, 0.000416, 0.000000),slideActive=false,wallhopFlick=false,humanoidState=8},
    {type="keyframe",time=0.324284,cframe=CFrame.new(2493.000000,2503.500000,2501.000000,1.000000,0.000000,0.000000,0.000000,1.000000,0.000000,0.000000,0.000000,1.000000),velocity=Vector3.new(0.000000, 0.000416, 0.000000),slideActive=false,wallhopFlick=false,humanoidState=8},
    {type="keyframe",time=0.329446,cframe=CFrame.new(2493.000000,2503.500000,2501.000000,1.000000,0.000000,0.000000,0.000000,1.000000,0.000000,0.000000,0.000000,1.000000),velocity=Vector3.new(0.000000, 0.000416, 0.000000),slideActive=false,wallhopFlick=false,humanoidState=8},
    {type="keyframe",time=0.336386,cframe=CFrame.new(2493.000000,2503.500000,2501.000000,1.000000,0.000000,0.000000,0.000000,1.000000,0.000000,0.000000,0.000000,1.000000),velocity=Vector3.new(0.000000, 0.000416, 0.000000),slideActive=false,wallhopFlick=false,humanoidState=8},
    {type="keyframe",time=0.342294,cframe=CFrame.new(2493.000000,2503.500000,2501.000000,1.000000,0.000000,0.000000,0.000000,1.000000,0.000000,0.000000,0.000000,1.000000),velocity=Vector3.new(0.000000, 0.000416, 0.000000),slideActive=false,wallhopFlick=false,humanoidState=8},
    {type="keyframe",time=0.350207,cframe=CFrame.new(2493.000000,2503.500000,2501.000000,1.000000,0.000000,0.000000,0.000000,1.000000,0.000000,0.000000,0.000000,1.000000),velocity=Vector3.new(0.000000, 0.000416, 0.000000),slideActive=false,wallhopFlick=false,humanoidState=8},
    {type="keyframe",time=0.357199,cframe=CFrame.new(2493.000000,2503.500000,2501.000000,1.000000,0.000000,0.000000,0.000000,1.000000,0.000000,0.000000,0.000000,1.000000),velocity=Vector3.new(0.000000, 0.000416, 0.000000),slideActive=false,wallhopFlick=false,humanoidState=8},
    {type="keyframe",time=0.362298,cframe=CFrame.new(2493.000000,2503.500000,2501.000000,1.000000,0.000000,0.000000,0.000000,1.000000,0.000000,0.000000,0.000000,1.000000),velocity=Vector3.new(0.000000, 0.000416, 0.000000),slideActive=false,wallhopFlick=false,humanoidState=8},
    {type="keyframe",time=0.371313,cframe=CFrame.new(2493.000000,2503.500000,2501.000000,1.000000,0.000000,0.000000,0.000000,1.000000,0.000000,0.000000,0.000000,1.000000),velocity=Vector3.new(0.000000, 0.000416, 0.000000),slideActive=false,wallhopFlick=false,humanoidState=8},
    {type="keyframe",time=0.377888,cframe=CFrame.new(2493.000000,2503.500000,2501.000000,1.000000,0.000000,0.000000,0.000000,1.000000,0.000000,0.000000,0.000000,1.000000),velocity=Vector3.new(0.000000, 0.000416, 0.000000),slideActive=false,wallhopFlick=false,humanoidState=8},
    {type="keyframe",time=0.382290,cframe=CFrame.new(2493.000000,2503.500000,2501.000000,1.000000,0.000000,0.000000,0.000000,1.000000,0.000000,0.000000,0.000000,1.000000),velocity=Vector3.new(0.000000, 0.000416, 0.000000),slideActive=false,wallhopFlick=false,humanoidState=8},
    {type="keyframe",time=0.386187,cframe=CFrame.new(2493.000000,2503.500000,2501.000000,1.000000,0.000000,0.000000,0.000000,1.000000,0.000000,0.000000,0.000000,1.000000),velocity=Vector3.new(0.000000, 0.000416, 0.000000),slideActive=false,wallhopFlick=false,humanoidState=8},
    {type="keyframe",time=0.392147,cframe=CFrame.new(2493.000000,2503.500000,2501.000000,1.000000,0.000000,0.000000,0.000000,1.000000,0.000000,0.000000,0.000000,1.000000),velocity=Vector3.new(0.000000, 0.000416, 0.000000),slideActive=false,wallhopFlick=false,humanoidState=8},
    {type="keyframe",time=0.395239,cframe=CFrame.new(2493.000000,2503.500000,2501.000000,1.000000,0.000000,0.000000,0.000000,1.000000,0.000000,0.000000,0.000000,1.000000),velocity=Vector3.new(0.000000, 0.000416, 0.000000),slideActive=false,wallhopFlick=false,humanoidState=8},
    {type="keyframe",time=0.399213,cframe=CFrame.new(2493.000000,2503.500000,2501.000000,1.000000,0.000000,0.000000,0.000000,1.000000,0.000000,0.000000,0.000000,1.000000),velocity=Vector3.new(0.000000, 0.000416, 0.000000),slideActive=false,wallhopFlick=false,humanoidState=8},
    {type="keyframe",time=0.404153,cframe=CFrame.new(2493.000000,2503.500000,2501.000000,1.000000,0.000000,0.000000,0.000000,1.000000,0.000000,0.000000,0.000000,1.000000),velocity=Vector3.new(0.000000, 0.000416, 0.000000),slideActive=false,wallhopFlick=false,humanoidState=8},
    {type="keyframe",time=0.407146,cframe=CFrame.new(2493.000000,2503.500000,2501.000000,1.000000,0.000000,0.000000,0.000000,1.000000,0.000000,0.000000,0.000000,1.000000),velocity=Vector3.new(0.000000, 0.000416, 0.000000),slideActive=false,wallhopFlick=false,humanoidState=8},
    {type="keyframe",time=0.412093,cframe=CFrame.new(2493.000000,2503.500000,2501.000000,1.000000,0.000000,0.000000,0.000000,1.000000,0.000000,0.000000,0.000000,1.000000),velocity=Vector3.new(0.000000, 0.000416, 0.000000),slideActive=false,wallhopFlick=false,humanoidState=8},
    {type="keyframe",time=0.418186,cframe=CFrame.new(2493.000000,2503.500000,2501.000000,1.000000,0.000000,0.000000,0.000000,1.000000,0.000000,0.000000,0.000000,1.000000),velocity=Vector3.new(0.000000, 0.000416, 0.000000),slideActive=false,wallhopFlick=false,humanoidState=8},
    {type="keyframe",time=0.421652,cframe=CFrame.new(2493.001953,2503.500000,2500.989502,0.999997,0.000000,-0.002572,0.000000,1.000000,0.000000,0.002572,0.000000,0.999997),velocity=Vector3.new(0.474099, 0.000225, -2.531106),slideActive=false,wallhopFlick=false,humanoidState=8},
    {type="keyframe",time=0.425359,cframe=CFrame.new(2493.005859,2503.500000,2500.968506,0.999978,0.000000,-0.006607,0.000000,1.000000,0.000000,0.006607,0.000000,0.999978),velocity=Vector3.new(0.948198, 0.000122, -5.062213),slideActive=false,wallhopFlick=false,humanoidState=8},
    {type="keyframe",time=0.429309,cframe=CFrame.new(2493.021729,2503.500000,2500.884033,0.999840,0.000000,-0.017868,0.000000,1.000000,0.000000,0.017868,0.000000,0.999840),velocity=Vector3.new(1.896397, 0.000036, -10.124426),slideActive=false,wallhopFlick=false,humanoidState=8},
    {type="keyframe",time=0.433006,cframe=CFrame.new(2493.021729,2503.500000,2500.884033,0.999840,0.000000,-0.017868,0.000000,1.000000,0.000000,0.017868,0.000000,0.999840),velocity=Vector3.new(1.896397, 0.000036, -10.124426),slideActive=false,wallhopFlick=false,humanoidState=8},
    {type="keyframe",time=0.440615,cframe=CFrame.new(2493.045654,2503.500000,2500.757568,0.999573,0.000000,-0.029233,0.000000,1.000000,0.000000,0.029233,0.000000,0.999573),velocity=Vector3.new(2.882562, 0.000010, -15.179379),slideActive=false,wallhopFlick=false,humanoidState=8},
    {type="keyframe",time=0.444500,cframe=CFrame.new(2493.045654,2503.500000,2500.757568,0.999573,0.000000,-0.029233,0.000000,1.000000,0.000000,0.029233,0.000000,0.999573),velocity=Vector3.new(2.882562, 0.000010, -15.179379),slideActive=false,wallhopFlick=false,humanoidState=8},
    {type="keyframe",time=0.448755,cframe=CFrame.new(2493.076172,2503.500000,2500.600098,0.999192,0.000000,-0.040183,0.000000,1.000000,0.000000,0.040183,0.000000,0.999192),velocity=Vector3.new(3.671698, 0.000003, -18.906246),slideActive=false,wallhopFlick=false,humanoidState=8},
    {type="keyframe",time=0.452927,cframe=CFrame.new(2493.076172,2503.500000,2500.600098,0.999192,0.000000,-0.040183,0.000000,1.000000,0.000000,0.040183,0.000000,0.999192),velocity=Vector3.new(3.671698, 0.000003, -18.906246),slideActive=false,wallhopFlick=false,humanoidState=8},
    {type="keyframe",time=0.457012,cframe=CFrame.new(2493.108398,2503.500000,2500.437500,0.998716,0.000000,-0.050654,0.000000,1.000000,0.000000,0.050654,0.000000,0.998716),velocity=Vector3.new(3.864724, 0.000001, -19.516876),slideActive=false,wallhopFlick=false,humanoidState=8},
    {type="keyframe",time=0.462047,cframe=CFrame.new(2493.140869,2503.500000,2500.274170,0.998171,0.000000,-0.060458,0.000000,1.000000,0.000000,0.060458,0.000000,0.998171),velocity=Vector3.new(3.891869, 0.000000, -19.602747),slideActive=false,wallhopFlick=false,humanoidState=8},
    {type="keyframe",time=0.465993,cframe=CFrame.new(2493.140869,2503.500000,2500.274170,0.998171,0.000000,-0.060458,0.000000,1.000000,0.000000,0.060458,0.000000,0.998171),velocity=Vector3.new(3.891869, 0.000000, -19.602747),slideActive=false,wallhopFlick=false,humanoidState=8},
    {type="keyframe",time=0.469953,cframe=CFrame.new(2493.173828,2503.500000,2500.110840,0.997561,0.000000,-0.069803,0.000000,1.000000,0.000000,0.069803,0.000000,0.997561),velocity=Vector3.new(3.956723, 0.000000, -19.602585),slideActive=false,wallhopFlick=false,humanoidState=8},
    {type="keyframe",time=0.473987,cframe=CFrame.new(2493.173828,2503.500000,2500.110840,0.997561,0.000000,-0.069803,0.000000,1.000000,0.000000,0.069803,0.000000,0.997561),velocity=Vector3.new(3.956723, 0.000000, -19.602585),slideActive=false,wallhopFlick=false,humanoidState=8},
    {type="keyframe",time=0.478989,cframe=CFrame.new(2493.206787,2503.500000,2499.947510,0.996910,0.000000,-0.078549,0.000000,1.000000,0.000000,0.078549,0.000000,0.996910),velocity=Vector3.new(3.965843, 0.000000, -19.602562),slideActive=false,wallhopFlick=false,humanoidState=8},
    {type="keyframe",time=0.482021,cframe=CFrame.new(2493.206787,2503.500000,2499.947510,0.996910,0.000000,-0.078549,0.000000,1.000000,0.000000,0.078549,0.000000,0.996910),velocity=Vector3.new(3.965843, 0.000000, -19.602562),slideActive=false,wallhopFlick=false,humanoidState=8},
    {type="keyframe",time=0.488065,cframe=CFrame.new(2493.240479,2503.500000,2499.784180,0.996217,0.000000,-0.086905,0.000000,1.000000,0.000000,0.086905,0.000000,0.996217),velocity=Vector3.new(4.028399, 0.000000, -19.590040),slideActive=false,wallhopFlick=false,humanoidState=8},
    {type="keyframe",time=0.490972,cframe=CFrame.new(2493.240479,2503.500000,2499.784180,0.996217,0.000000,-0.086905,0.000000,1.000000,0.000000,0.086905,0.000000,0.996217),velocity=Vector3.new(4.028399, 0.000000, -19.590040),slideActive=false,wallhopFlick=false,humanoidState=8},
    {type="keyframe",time=0.495969,cframe=CFrame.new(2493.274170,2503.500000,2499.620850,0.995503,0.000000,-0.094728,0.000000,1.000000,0.000000,0.094728,0.000000,0.995503),velocity=Vector3.new(4.037137, 0.000000, -19.588291),slideActive=false,wallhopFlick=false,humanoidState=8},
    {type="keyframe",time=0.498834,cframe=CFrame.new(2493.274170,2503.500000,2499.620850,0.995503,0.000000,-0.094728,0.000000,1.000000,0.000000,0.094728,0.000000,0.995503),velocity=Vector3.new(4.037137, 0.000000, -19.588291),slideActive=false,wallhopFlick=false,humanoidState=8},
    {type="keyframe",time=0.503018,cframe=CFrame.new(2493.308350,2503.500000,2499.457764,0.994761,0.000000,-0.102225,0.000000,1.000000,0.000000,0.102225,0.000000,0.994761),velocity=Vector3.new(4.099603, 0.000000, -19.575304),slideActive=false,wallhopFlick=false,humanoidState=8},
    {type="keyframe",time=0.507898,cframe=CFrame.new(2493.308350,2503.500000,2499.457764,0.994761,0.000000,-0.102225,0.000000,1.000000,0.000000,0.102225,0.000000,0.994761),velocity=Vector3.new(4.099603, 0.000000, -19.575304),slideActive=false,wallhopFlick=false,humanoidState=8},
    {type="keyframe",time=0.512885,cframe=CFrame.new(2493.343018,2503.500000,2499.294678,0.993993,0.000000,-0.109447,0.000000,1.000000,0.000000,0.109447,0.000000,0.993993),velocity=Vector3.new(4.169487, 0.000000, -19.560530),slideActive=false,wallhopFlick=false,humanoidState=8},
    {type="keyframe",time=0.515476,cframe=CFrame.new(2493.343018,2503.500000,2499.294678,0.993993,0.000000,-0.109447,0.000000,1.000000,0.000000,0.109447,0.000000,0.993993),velocity=Vector3.new(4.169487, 0.000000, -19.560530),slideActive=false,wallhopFlick=false,humanoidState=8},
    {type="keyframe",time=0.520856,cframe=CFrame.new(2493.378418,2503.500000,2499.131836,0.993200,0.000000,-0.116419,0.000000,1.000000,0.000000,0.116419,0.000000,0.993200),velocity=Vector3.new(4.240200, 0.000000, -19.545322),slideActive=false,wallhopFlick=false,humanoidState=8},
    {type="keyframe",time=0.523917,cframe=CFrame.new(2493.378418,2503.500000,2499.131836,0.993200,0.000000,-0.116419,0.000000,1.000000,0.000000,0.116419,0.000000,0.993200),velocity=Vector3.new(4.240200, 0.000000, -19.545322),slideActive=false,wallhopFlick=false,humanoidState=8},
    {type="keyframe",time=0.528768,cframe=CFrame.new(2493.414307,2503.500000,2498.968994,0.992387,0.000000,-0.123157,0.000000,1.000000,0.000000,0.123157,0.000000,0.992387),velocity=Vector3.new(4.311211, 0.000000, -19.529783),slideActive=false,wallhopFlick=false,humanoidState=8},
    {type="keyframe",time=0.532929,cframe=CFrame.new(2493.414307,2503.500000,2498.968994,0.992387,0.000000,-0.123157,0.000000,1.000000,0.000000,0.123157,0.000000,0.992387),velocity=Vector3.new(4.311211, 0.000000, -19.529783),slideActive=false,wallhopFlick=false,humanoidState=8},
    {type="keyframe",time=0.536054,cframe=CFrame.new(2493.451416,2503.500000,2498.806396,0.991530,0.000000,-0.129878,0.000000,1.000000,0.000000,0.129878,0.000000,0.991530),velocity=Vector3.new(4.442869, 0.000000, -19.500198),slideActive=false,wallhopFlick=false,humanoidState=8},
    {type="keyframe",time=0.541899,cframe=CFrame.new(2493.451416,2503.500000,2498.806396,0.991530,0.000000,-0.129878,0.000000,1.000000,0.000000,0.129878,0.000000,0.991530),velocity=Vector3.new(4.442869, 0.000000, -19.500198),slideActive=false,wallhopFlick=false,humanoidState=8},
    {type="keyframe",time=0.544593,cframe=CFrame.new(2493.490723,2503.500000,2498.644287,0.990569,0.000000,-0.137016,0.000000,1.000000,0.000000,0.137016,0.000000,0.990569),velocity=Vector3.new(4.704059, 0.000000, -19.438612),slideActive=false,wallhopFlick=false,humanoidState=8},
    {type="keyframe",time=0.549753,cframe=CFrame.new(2493.490723,2503.500000,2498.644287,0.990569,0.000000,-0.137016,0.000000,1.000000,0.000000,0.137016,0.000000,0.990569),velocity=Vector3.new(4.704059, 0.000000, -19.438612),slideActive=false,wallhopFlick=false,humanoidState=8},
    {type="keyframe",time=0.552786,cframe=CFrame.new(2493.531738,2503.500000,2498.482666,0.989516,0.000000,-0.144420,0.000000,1.000000,0.000000,0.144420,0.000000,0.989516),velocity=Vector3.new(4.922212, 0.000000, -19.384579),slideActive=false,wallhopFlick=false,humanoidState=8},
    {type="keyframe",time=0.558818,cframe=CFrame.new(2493.531738,2503.500000,2498.482666,0.989516,0.000000,-0.144420,0.000000,1.000000,0.000000,0.144420,0.000000,0.989516),velocity=Vector3.new(4.922212, 0.000000, -19.384579),slideActive=false,wallhopFlick=false,humanoidState=8},
    {type="keyframe",time=0.566648,cframe=CFrame.new(2493.574463,2503.500000,2498.321533,0.988373,0.000000,-0.152049,0.000000,1.000000,0.000000,0.152049,0.000000,0.988373),velocity=Vector3.new(5.133976, 0.000000, -19.329592),slideActive=false,wallhopFlick=false,humanoidState=8},
    {type="keyframe",time=0.569535,cframe=CFrame.new(2493.619385,2503.500000,2498.161133,0.987104,0.000000,-0.160080,0.000000,1.000000,0.000000,0.160080,0.000000,0.987104),velocity=Vector3.new(5.404438, 0.000000, -19.255594),slideActive=false,wallhopFlick=false,humanoidState=8},
    {type="keyframe",time=0.573755,cframe=CFrame.new(2493.619385,2503.500000,2498.161133,0.987104,0.000000,-0.160080,0.000000,1.000000,0.000000,0.160080,0.000000,0.987104),velocity=Vector3.new(5.404438, 0.000000, -19.255594),slideActive=false,wallhopFlick=false,humanoidState=8},
    {type="keyframe",time=0.578749,cframe=CFrame.new(2493.666748,2503.500000,2498.001221,0.985698,0.000000,-0.168519,0.000000,1.000000,0.000000,0.168519,0.000000,0.985698),velocity=Vector3.new(5.682074, 0.000000, -19.175461),slideActive=false,wallhopFlick=false,humanoidState=8},
    {type="keyframe",time=0.583751,cframe=CFrame.new(2493.666748,2503.500000,2498.001221,0.985698,0.000000,-0.168519,0.000000,1.000000,0.000000,0.168519,0.000000,0.985698),velocity=Vector3.new(5.682074, 0.000000, -19.175461),slideActive=false,wallhopFlick=false,humanoidState=8},
    {type="keyframe",time=0.591669,cframe=CFrame.new(2493.716309,2503.500000,2497.842041,0.984149,0.000000,-0.177342,0.000000,1.000000,0.000000,0.177342,0.000000,0.984149),velocity=Vector3.new(5.959931, 0.000000, -19.090919),slideActive=false,wallhopFlick=false,humanoidState=8},
    {type="keyframe",time=0.594796,cframe=CFrame.new(2493.768311,2503.500000,2497.683594,0.982451,0.000000,-0.186521,0.000000,1.000000,0.000000,0.186521,0.000000,0.982451),velocity=Vector3.new(6.236554, 0.000000, -19.002350),slideActive=false,wallhopFlick=false,humanoidState=8},
    {type="keyframe",time=0.598678,cframe=CFrame.new(2493.768311,2503.500000,2497.683594,0.982451,0.000000,-0.186521,0.000000,1.000000,0.000000,0.186521,0.000000,0.982451),velocity=Vector3.new(6.236554, 0.000000, -19.002350),slideActive=false,wallhopFlick=false,humanoidState=8},
    {type="keyframe",time=0.603683,cframe=CFrame.new(2493.822021,2503.500000,2497.525879,0.980638,0.000000,-0.195829,0.000000,1.000000,0.000000,0.195829,0.000000,0.980638),velocity=Vector3.new(6.452889, 0.000000, -18.930120),slideActive=false,wallhopFlick=false,humanoidState=8},
    {type="keyframe",time=0.607587,cframe=CFrame.new(2493.822021,2503.500000,2497.525879,0.980638,0.000000,-0.195829,0.000000,1.000000,0.000000,0.195829,0.000000,0.980638),velocity=Vector3.new(6.452889, 0.000000, -18.930120),slideActive=false,wallhopFlick=false,humanoidState=8},
    {type="keyframe",time=0.612620,cframe=CFrame.new(2493.877441,2503.500000,2497.368652,0.978716,0.000000,-0.205220,0.000000,1.000000,0.000000,0.205220,0.000000,0.978716),velocity=Vector3.new(6.659986, 0.000000, -18.858292),slideActive=false,wallhopFlick=false,humanoidState=8},
    {type="keyframe",time=0.619625,cframe=CFrame.new(2493.877441,2503.500000,2497.368652,0.978716,0.000000,-0.205220,0.000000,1.000000,0.000000,0.205220,0.000000,0.978716),velocity=Vector3.new(6.659986, 0.000000, -18.858292),slideActive=false,wallhopFlick=false,humanoidState=8},
    {type="keyframe",time=0.624623,cframe=CFrame.new(2493.935547,2503.500000,2497.212402,0.976598,0.000000,-0.215074,0.000000,1.000000,0.000000,0.215074,0.000000,0.976598),velocity=Vector3.new(6.982016, 0.000000, -18.741158),slideActive=false,wallhopFlick=false,humanoidState=8},
    {type="keyframe",time=0.628611,cframe=CFrame.new(2493.994141,2503.500000,2497.056396,0.974488,0.000000,-0.224440,0.000000,1.000000,0.000000,0.224440,0.000000,0.974488),velocity=Vector3.new(7.027301, 0.000000, -18.724684),slideActive=false,wallhopFlick=false,humanoidState=8},
    {type="keyframe",time=0.633732,cframe=CFrame.new(2493.994141,2503.500000,2497.056396,0.974488,0.000000,-0.224440,0.000000,1.000000,0.000000,0.224440,0.000000,0.974488),velocity=Vector3.new(7.027301, 0.000000, -18.724684),slideActive=false,wallhopFlick=false,humanoidState=8},
    {type="keyframe",time=0.641601,cframe=CFrame.new(2494.053711,2503.500000,2496.900635,0.972337,0.000000,-0.233582,0.000000,1.000000,0.000000,0.233582,0.000000,0.972337),velocity=Vector3.new(7.150351, 0.000000, -18.678041),slideActive=false,wallhopFlick=false,humanoidState=8},
    {type="keyframe",time=0.644834,cframe=CFrame.new(2494.113525,2503.500000,2496.745117,0.970236,0.000000,-0.242163,0.000000,1.000000,0.000000,0.242163,0.000000,0.970236),velocity=Vector3.new(7.167655, 0.000000, -18.671482),slideActive=false,wallhopFlick=false,humanoidState=8},
    {type="keyframe",time=0.649524,cframe=CFrame.new(2494.113525,2503.500000,2496.745117,0.970236,0.000000,-0.242163,0.000000,1.000000,0.000000,0.242163,0.000000,0.970236),velocity=Vector3.new(7.167655, 0.000000, -18.671482),slideActive=false,wallhopFlick=false,humanoidState=8},
    {type="keyframe",time=0.654613,cframe=CFrame.new(2494.173828,2503.500000,2496.589600,0.968154,0.000000,-0.250356,0.000000,1.000000,0.000000,0.250356,0.000000,0.968154),velocity=Vector3.new(7.228440, 0.000000, -18.648026),slideActive=false,wallhopFlick=false,humanoidState=8},
    {type="keyframe",time=0.662504,cframe=CFrame.new(2494.173828,2503.500000,2496.589600,0.968154,0.000000,-0.250356,0.000000,1.000000,0.000000,0.250356,0.000000,0.968154),velocity=Vector3.new(7.228440, 0.000000, -18.648026),slideActive=false,wallhopFlick=false,humanoidState=8},
    {type="keyframe",time=0.665463,cframe=CFrame.new(2494.234131,2503.500000,2496.434326,0.966141,0.000000,-0.258016,0.000000,1.000000,0.000000,0.258016,0.000000,0.966141),velocity=Vector3.new(7.236988, 0.000000, -18.644728),slideActive=false,wallhopFlick=false,humanoidState=8},
    {type="keyframe",time=0.669508,cframe=CFrame.new(2494.294434,2503.500000,2496.279053,0.964207,0.000000,-0.265151,0.000000,1.000000,0.000000,0.265151,0.000000,0.964207),velocity=Vector3.new(7.238190, 0.000000, -18.644264),slideActive=false,wallhopFlick=false,humanoidState=8},
    {type="keyframe",time=0.674538,cframe=CFrame.new(2494.294434,2503.500000,2496.279053,0.964207,0.000000,-0.265151,0.000000,1.000000,0.000000,0.265151,0.000000,0.964207),velocity=Vector3.new(7.238190, 0.000000, -18.644264),slideActive=false,wallhopFlick=false,humanoidState=8},
    {type="keyframe",time=0.678474,cframe=CFrame.new(2494.354736,2503.500000,2496.123779,0.962356,0.000000,-0.271791,0.000000,1.000000,0.000000,0.271791,0.000000,0.962356),velocity=Vector3.new(7.238358, 0.000000, -18.644199),slideActive=false,wallhopFlick=false,humanoidState=8},
