return {
    {type="keyframe",time=0.004167,cframe=CFrame.new(2505.241455,2503.499756,2493.107910,0.999849,-0.000000,0.017388,0.000000,1.000000,0.000000,-0.017388,-0.000000,0.999849),velocity=Vector3.new(0.000000, 0.006658, 0.000000),slideActive=false,wallhopFlick=false,humanoidState=8},
    {type="keyframe",time=0.008333,cframe=CFrame.new(2505.241455,2503.499756,2493.107910,0.999849,-0.000000,0.017388,0.000000,1.000000,0.000000,-0.017388,-0.000000,0.999849),velocity=Vector3.new(0.000000, 0.006658, 0.000000),slideActive=false,wallhopFlick=false,humanoidState=8},
    {type="keyframe",time=0.012500,cframe=CFrame.new(2505.241455,2503.499756,2493.107910,0.999849,-0.000000,0.017388,0.000000,1.000000,0.000000,-0.017388,-0.000000,0.999849),velocity=Vector3.new(0.000000, 0.006658, 0.000000),slideActive=false,wallhopFlick=false,humanoidState=8},
    {type="keyframe",time=0.020833,cframe=CFrame.new(2505.241455,2503.499756,2493.107910,0.999849,-0.000000,0.017388,0.000000,1.000000,0.000000,-0.017388,-0.000000,0.999849),velocity=Vector3.new(0.000000, 0.006658, 0.000000),slideActive=false,wallhopFlick=false,humanoidState=8},
    {type="keyframe",time=0.025000,cframe=CFrame.new(2505.241455,2503.499756,2493.107910,0.999849,-0.000000,0.017388,0.000000,1.000000,0.000000,-0.017388,-0.000000,0.999849),velocity=Vector3.new(0.000000, 0.006658, 0.000000),slideActive=false,wallhopFlick=false,humanoidState=8},
    {type="keyframe",time=0.029167,cframe=CFrame.new(2505.241455,2503.499756,2493.107910,-0.167930,0.000000,-0.985799,0.000000,1.000000,-0.000000,0.985799,0.000000,-0.167930),velocity=Vector3.new(0.000000, 0.006658, 0.000000),slideActive=false,wallhopFlick=false,humanoidState=8},
    {type="keyframe",time=0.033333,cframe=CFrame.new(2505.243164,2503.499756,2493.097412,-0.167927,-0.000000,-0.985799,0.000000,1.000000,-0.000000,0.985799,-0.000000,-0.167927),velocity=Vector3.new(0.432433, 0.006658, -2.538557),slideActive=false,wallhopFlick=false,humanoidState=8},
    {type="keyframe",time=0.037500,cframe=CFrame.new(2505.246826,2503.499756,2493.076172,-0.167927,-0.000000,-0.985799,0.000000,1.000000,-0.000000,0.985799,-0.000000,-0.167927),velocity=Vector3.new(0.864865, 0.006658, -5.077114),slideActive=false,wallhopFlick=false,humanoidState=8},
    {type="keyframe",time=0.041667,cframe=CFrame.new(2505.252197,2503.499756,2493.044434,-0.167927,-0.000000,-0.985799,0.000000,1.000000,-0.000000,0.985799,-0.000000,-0.167927),velocity=Vector3.new(1.297298, 0.006658, -7.615670),slideActive=false,wallhopFlick=false,humanoidState=8},
    {type="keyframe",time=0.045833,cframe=CFrame.new(2505.259521,2503.499756,2493.002197,-0.167927,-0.000000,-0.985799,0.000000,1.000000,-0.000000,0.985799,-0.000000,-0.167927),velocity=Vector3.new(1.729730, 0.006658, -10.154227),slideActive=false,wallhopFlick=false,humanoidState=8},
    {type="keyframe",time=0.050000,cframe=CFrame.new(2505.268555,2503.499756,2492.949219,-0.167927,-0.000000,-0.985799,0.000000,1.000000,-0.000000,0.985799,-0.000000,-0.167927),velocity=Vector3.new(2.162163, 0.006658, -12.692784),slideActive=false,wallhopFlick=false,humanoidState=8},
    {type="keyframe",time=0.054167,cframe=CFrame.new(2505.279297,2503.499756,2492.885742,-0.167927,-0.000000,-0.985799,0.000000,1.000000,-0.000000,0.985799,-0.000000,-0.167927),velocity=Vector3.new(2.594596, 0.006658, -15.231341),slideActive=false,wallhopFlick=false,humanoidState=8},
    {type="keyframe",time=0.058333,cframe=CFrame.new(2505.291992,2503.499756,2492.811768,-0.167927,-0.000000,-0.985799,0.000000,1.000000,-0.000000,0.985799,-0.000000,-0.167927),velocity=Vector3.new(3.027028, 0.006658, -17.769897),slideActive=false,wallhopFlick=false,humanoidState=8},
    {type="keyframe",time=0.062500,cframe=CFrame.new(2505.305420,2503.499756,2492.732666,-0.167927,-0.000000,-0.985799,0.000000,1.000000,-0.000000,0.985799,-0.000000,-0.167927),velocity=Vector3.new(3.234221, 0.006658, -18.986206),slideActive=false,wallhopFlick=false,humanoidState=8},
    {type="keyframe",time=0.066667,cframe=CFrame.new(2505.319336,2503.499756,2492.651611,-0.167927,-0.000000,-0.985799,0.000000,1.000000,-0.000000,0.985799,-0.000000,-0.167927),velocity=Vector3.new(3.311919, 0.006658, -19.442322),slideActive=false,wallhopFlick=false,humanoidState=8},
    {type="keyframe",time=0.070833,cframe=CFrame.new(2505.333252,2503.499756,2492.569824,-0.167927,-0.000000,-0.985799,0.000000,1.000000,-0.000000,0.985799,-0.000000,-0.167927),velocity=Vector3.new(3.341055, 0.006658, -19.613365),slideActive=false,wallhopFlick=false,humanoidState=8},
    {type="keyframe",time=0.075000,cframe=CFrame.new(2505.347168,2503.499756,2492.487793,-0.167927,-0.000000,-0.985799,0.000000,1.000000,-0.000000,0.985799,-0.000000,-0.167927),velocity=Vector3.new(3.351982, 0.006658, -19.677507),slideActive=false,wallhopFlick=false,humanoidState=8},
    {type="keyframe",time=0.079167,cframe=CFrame.new(2505.361084,2503.499756,2492.405762,-0.167927,-0.000000,-0.985799,0.000000,1.000000,-0.000000,0.985799,-0.000000,-0.167927),velocity=Vector3.new(3.356079, 0.006658, -19.701561),slideActive=false,wallhopFlick=false,humanoidState=8},
    {type="keyframe",time=0.083333,cframe=CFrame.new(2505.375000,2503.499756,2492.323730,-0.167927,-0.000000,-0.985799,0.000000,1.000000,-0.000000,0.985799,-0.000000,-0.167927),velocity=Vector3.new(3.357615, 0.006658, -19.710581),slideActive=false,wallhopFlick=false,humanoidState=8},
    {type="keyframe",time=0.087500,cframe=CFrame.new(2505.388916,2503.499756,2492.241699,-0.167927,-0.000000,-0.985799,0.000000,1.000000,-0.000000,0.985799,-0.000000,-0.167927),velocity=Vector3.new(3.358191, 0.006658, -19.713963),slideActive=false,wallhopFlick=false,humanoidState=8},
    {type="keyframe",time=0.091667,cframe=CFrame.new(2505.402832,2503.499756,2492.159668,-0.167935,-0.000000,-0.985798,0.000000,1.000000,-0.000000,0.985798,-0.000000,-0.167935),velocity=Vector3.new(3.358407, 0.006658, -19.715231),slideActive=false,wallhopFlick=false,humanoidState=8},
    {type="keyframe",time=0.095833,cframe=CFrame.new(2505.416748,2503.499756,2492.077637,-0.167938,-0.000000,-0.985798,0.000000,1.000000,-0.000000,0.985798,-0.000000,-0.167938),velocity=Vector3.new(3.358489, 0.006658, -19.715706),slideActive=false,wallhopFlick=false,humanoidState=8},
    {type="keyframe",time=0.100000,cframe=CFrame.new(2505.430664,2503.499756,2491.995605,-0.167937,-0.000000,-0.985798,0.000000,1.000000,-0.000000,0.985798,-0.000000,-0.167937),velocity=Vector3.new(3.358519, 0.006658, -19.715885),slideActive=false,wallhopFlick=false,humanoidState=8},
    {type="keyframe",time=0.104167,cframe=CFrame.new(2505.444580,2503.499756,2491.913574,-0.167935,-0.000000,-0.985798,0.000000,1.000000,-0.000000,0.985798,-0.000000,-0.167935),velocity=Vector3.new(3.358531, 0.006658, -19.715952),slideActive=false,wallhopFlick=false,humanoidState=8},
    {type="keyframe",time=0.108333,cframe=CFrame.new(2505.458496,2503.499756,2491.831543,-0.167934,-0.000000,-0.985798,0.000000,1.000000,-0.000000,0.985798,-0.000000,-0.167934),velocity=Vector3.new(3.358535, 0.006658, -19.715977),slideActive=false,wallhopFlick=false,humanoidState=8},
    {type="keyframe",time=0.112500,cframe=CFrame.new(2505.472412,2503.499756,2491.749512,-0.167932,-0.000000,-0.985799,0.000000,1.000000,-0.000000,0.985799,-0.000000,-0.167932),velocity=Vector3.new(3.358504, 0.006658, -19.715990),slideActive=false,wallhopFlick=false,humanoidState=8},
    {type="keyframe",time=0.116667,cframe=CFrame.new(2505.486328,2503.499756,2491.667480,-0.167935,-0.000000,-0.985798,0.000000,1.000000,-0.000000,0.985798,-0.000000,-0.167935),velocity=Vector3.new(3.358493, 0.006658, -19.715996),slideActive=false,wallhopFlick=false,humanoidState=8},
    {type="keyframe",time=0.120833,cframe=CFrame.new(2505.500244,2503.499756,2491.585449,-0.167933,-0.000000,-0.985798,0.000000,1.000000,-0.000000,0.985798,-0.000000,-0.167933),velocity=Vector3.new(3.358489, 0.006658, -19.715998),slideActive=false,wallhopFlick=false,humanoidState=8},
    {type="keyframe",time=0.125000,cframe=CFrame.new(2505.514160,2503.499756,2491.503418,-0.167936,-0.000000,-0.985798,0.000000,1.000000,-0.000000,0.985798,-0.000000,-0.167936),velocity=Vector3.new(3.358487, 0.006658, -19.715998),slideActive=false,wallhopFlick=false,humanoidState=8},
    {type="keyframe",time=0.129167,cframe=CFrame.new(2505.528076,2503.499756,2491.421387,-0.167934,-0.000000,-0.985798,0.000000,1.000000,-0.000000,0.985798,-0.000000,-0.167934),velocity=Vector3.new(3.358487, 0.006658, -19.715998),slideActive=false,wallhopFlick=false,humanoidState=8},
    {type="keyframe",time=0.133333,cframe=CFrame.new(2505.541992,2503.499756,2491.339355,-0.167938,-0.000000,-0.985798,0.000000,1.000000,-0.000000,0.985798,-0.000000,-0.167938),velocity=Vector3.new(3.358486, 0.006658, -19.715998),slideActive=false,wallhopFlick=false,humanoidState=8},
    {type="keyframe",time=0.137500,cframe=CFrame.new(2505.555908,2503.499756,2491.257324,-0.167936,-0.000000,-0.985798,0.000000,1.000000,-0.000000,0.985798,-0.000000,-0.167936),velocity=Vector3.new(3.358486, 0.006658, -19.715998),slideActive=false,wallhopFlick=false,humanoidState=8},
    {type="keyframe",time=0.141667,cframe=CFrame.new(2505.569824,2503.499756,2491.175293,-0.167934,0.000000,-0.985798,-0.000000,1.000000,0.000000,0.985798,0.000000,-0.167934),velocity=Vector3.new(3.358486, 0.006658, -19.715998),slideActive=false,wallhopFlick=false,humanoidState=8},
    {type="keyframe",time=0.145833,cframe=CFrame.new(2505.583740,2503.499756,2491.093262,-0.167935,0.000000,-0.985798,-0.000000,1.000000,0.000000,0.985798,0.000000,-0.167935),velocity=Vector3.new(3.358486, 0.006658, -19.715998),slideActive=false,wallhopFlick=false,humanoidState=8},
    {type="keyframe",time=0.150000,cframe=CFrame.new(2505.597656,2503.499756,2491.011230,-0.167935,0.000000,-0.985798,-0.000000,1.000000,0.000000,0.985798,0.000000,-0.167935),velocity=Vector3.new(3.358486, 0.006658, -19.715998),slideActive=false,wallhopFlick=false,humanoidState=8},
    {type="keyframe",time=0.154167,cframe=CFrame.new(2505.611572,2503.499756,2490.929199,-0.167935,0.000000,-0.985798,-0.000000,1.000000,0.000000,0.985798,0.000000,-0.167935),velocity=Vector3.new(3.358486, 0.006658, -19.715998),slideActive=false,wallhopFlick=false,humanoidState=8},
    {type="keyframe",time=0.158333,cframe=CFrame.new(2505.625488,2503.499756,2490.847168,-0.167940,0.000000,-0.985797,-0.000000,1.000000,0.000000,0.985797,0.000000,-0.167940),velocity=Vector3.new(3.358486, 0.006658, -19.715998),slideActive=false,wallhopFlick=false,humanoidState=8},
    {type="keyframe",time=0.162500,cframe=CFrame.new(2505.639404,2503.499756,2490.765137,-0.167940,0.000000,-0.985797,-0.000000,1.000000,0.000000,0.985797,0.000000,-0.167940),velocity=Vector3.new(3.358486, 0.006658, -19.715998),slideActive=false,wallhopFlick=false,humanoidState=8},
    {type="keyframe",time=0.166667,cframe=CFrame.new(2505.653320,2503.499756,2490.683105,-0.167940,0.000000,-0.985797,-0.000000,1.000000,0.000000,0.985797,0.000000,-0.167940),velocity=Vector3.new(3.358498, 0.006658, -19.715996),slideActive=false,wallhopFlick=false,humanoidState=8},
    {type="keyframe",time=0.170833,cframe=CFrame.new(2505.667236,2503.499756,2490.601074,-0.167940,0.000000,-0.985797,-0.000000,1.000000,0.000000,0.985797,0.000000,-0.167940),velocity=Vector3.new(3.358503, 0.006658, -19.715994),slideActive=false,wallhopFlick=false,humanoidState=8},
    {type="keyframe",time=0.175000,cframe=CFrame.new(2505.681152,2503.499756,2490.519043,-0.167940,0.000000,-0.985797,-0.000000,1.000000,0.000000,0.985797,0.000000,-0.167940),velocity=Vector3.new(3.358505, 0.006658, -19.715994),slideActive=false,wallhopFlick=false,humanoidState=8},
    {type="keyframe",time=0.179167,cframe=CFrame.new(2505.695068,2503.499756,2490.437012,-0.167940,0.000000,-0.985797,-0.000000,1.000000,0.000000,0.985797,0.000000,-0.167940),velocity=Vector3.new(3.358505, 0.006658, -19.715994),slideActive=false,wallhopFlick=false,humanoidState=8},
    {type="keyframe",time=0.183333,cframe=CFrame.new(2505.708984,2503.499756,2490.354980,-0.167940,0.000000,-0.985797,-0.000000,1.000000,0.000000,0.985797,0.000000,-0.167940),velocity=Vector3.new(3.358505, 0.006658, -19.715994),slideActive=false,wallhopFlick=false,humanoidState=8},
    {type="keyframe",time=0.187500,cframe=CFrame.new(2505.722900,2503.499756,2490.272949,-0.167940,0.000000,-0.985797,-0.000000,1.000000,0.000000,0.985797,0.000000,-0.167940),velocity=Vector3.new(3.358506, 0.006658, -19.715994),slideActive=false,wallhopFlick=false,humanoidState=8},
    {type="keyframe",time=0.191667,cframe=CFrame.new(2505.736816,2503.499756,2490.190918,-0.167940,0.000000,-0.985797,-0.000000,1.000000,0.000000,0.985797,0.000000,-0.167940),velocity=Vector3.new(3.358506, 0.006658, -19.715994),slideActive=false,wallhopFlick=false,humanoidState=8},
    {type="keyframe",time=0.195833,cframe=CFrame.new(2505.750732,2503.499756,2490.108887,-0.167937,0.000000,-0.985798,-0.000000,1.000000,0.000000,0.985798,0.000000,-0.167937),velocity=Vector3.new(3.358506, 0.006658, -19.715994),slideActive=false,wallhopFlick=false,humanoidState=8},
    {type="keyframe",time=0.200000,cframe=CFrame.new(2505.764648,2503.499756,2490.026855,-0.167906,0.000000,-0.985803,-0.000000,1.000000,0.000000,0.985803,0.000000,-0.167906),velocity=Vector3.new(3.358506, 0.006658, -19.715994),slideActive=false,wallhopFlick=false,humanoidState=8},
    {type="keyframe",time=0.204167,cframe=CFrame.new(2505.778564,2503.499756,2489.944824,-0.167931,0.000000,-0.985799,-0.000000,1.000000,0.000000,0.985799,0.000000,-0.167931),velocity=Vector3.new(3.358506, 0.006658, -19.715994),slideActive=false,wallhopFlick=false,humanoidState=8},
    {type="keyframe",time=0.208333,cframe=CFrame.new(2505.792480,2503.499756,2489.862793,-0.167946,0.000000,-0.985796,-0.000000,1.000000,0.000000,0.985796,0.000000,-0.167946),velocity=Vector3.new(3.358506, 0.006658, -19.715994),slideActive=false,wallhopFlick=false,humanoidState=8},
    {type="keyframe",time=0.212500,cframe=CFrame.new(2505.806396,2503.499756,2489.780762,-0.167910,0.000000,-0.985802,-0.000000,1.000000,0.000000,0.985802,0.000000,-0.167910),velocity=Vector3.new(3.358506, 0.006658, -19.715994),slideActive=false,wallhopFlick=false,humanoidState=8},
    {type="keyframe",time=0.216667,cframe=CFrame.new(2505.820312,2503.499756,2489.698730,-0.167924,0.000000,-0.985800,-0.000000,1.000000,0.000000,0.985800,0.000000,-0.167924),velocity=Vector3.new(3.358506, 0.006658, -19.715994),slideActive=false,wallhopFlick=false,humanoidState=8},
    {type="keyframe",time=0.220833,cframe=CFrame.new(2505.834229,2503.499756,2489.616699,-0.167933,0.000000,-0.985798,-0.000000,1.000000,0.000000,0.985798,0.000000,-0.167933),velocity=Vector3.new(3.358506, 0.006658, -19.715994),slideActive=false,wallhopFlick=false,humanoidState=8},
    {type="keyframe",time=0.225000,cframe=CFrame.new(2505.848145,2503.499756,2489.534668,-0.167907,0.000000,-0.985803,-0.000000,1.000000,0.000000,0.985803,0.000000,-0.167907),velocity=Vector3.new(3.358506, 0.006658, -19.715994),slideActive=false,wallhopFlick=false,humanoidState=8},
    {type="keyframe",time=0.229167,cframe=CFrame.new(2505.862061,2503.499756,2489.452637,-0.167916,0.000000,-0.985801,-0.000000,1.000000,0.000000,0.985801,0.000000,-0.167916),velocity=Vector3.new(3.358518, 0.006658, -19.715992),slideActive=false,wallhopFlick=false,humanoidState=8},
    {type="keyframe",time=0.233333,cframe=CFrame.new(2505.875977,2503.499756,2489.370605,-0.167918,0.000000,-0.985801,-0.000000,1.000000,0.000000,0.985801,0.000000,-0.167918),velocity=Vector3.new(3.358522, 0.006658, -19.715992),slideActive=false,wallhopFlick=false,humanoidState=8},
    {type="keyframe",time=0.237500,cframe=CFrame.new(2505.889893,2503.499756,2489.288574,-0.167940,0.000000,-0.985797,-0.000000,1.000000,0.000000,0.985797,0.000000,-0.167940),velocity=Vector3.new(3.358524, 0.006658, -19.715992),slideActive=false,wallhopFlick=false,humanoidState=8},
    {type="keyframe",time=0.241667,cframe=CFrame.new(2505.903809,2503.499756,2489.206543,-0.167940,0.000000,-0.985797,-0.000000,1.000000,0.000000,0.985797,0.000000,-0.167940),velocity=Vector3.new(3.358525, 0.006658, -19.715992),slideActive=false,wallhopFlick=false,humanoidState=8},
    {type="keyframe",time=0.245833,cframe=CFrame.new(2505.917725,2503.499756,2489.124512,-0.164349,0.000000,-0.986402,-0.000000,1.000000,0.000000,0.986402,0.000000,-0.164349),velocity=Vector3.new(3.358537, 0.006658, -19.715990),slideActive=false,wallhopFlick=false,humanoidState=8},
    {type="keyframe",time=0.250000,cframe=CFrame.new(2505.931641,2503.499756,2489.042480,-0.164331,-0.000000,-0.986405,0.000000,1.000000,-0.000000,0.986405,-0.000000,-0.164331),velocity=Vector3.new(3.358541, 0.006658, -19.715988),slideActive=false,wallhopFlick=false,humanoidState=8},
    {type="keyframe",time=0.254167,cframe=CFrame.new(2505.945557,2503.499756,2488.960205,-0.164332,-0.000000,-0.986405,0.000000,1.000000,-0.000000,0.986405,-0.000000,-0.164332),velocity=Vector3.new(3.313700, 0.006658, -19.723543),slideActive=false,wallhopFlick=false,humanoidState=8},
    {type="keyframe",time=0.258333,cframe=CFrame.new(2505.959229,2503.499756,2488.877930,-0.164344,-0.000000,-0.986403,0.000000,1.000000,-0.000000,0.986403,-0.000000,-0.164344),velocity=Vector3.new(3.296884, 0.006658, -19.726377),slideActive=false,wallhopFlick=false,humanoidState=8},
    {type="keyframe",time=0.262500,cframe=CFrame.new(2505.972900,2503.499756,2488.795654,-0.160764,-0.000000,-0.986993,0.000000,1.000000,-0.000000,0.986993,-0.000000,-0.160764),velocity=Vector3.new(3.290578, 0.006658, -19.727440),slideActive=false,wallhopFlick=false,humanoidState=8},
    {type="keyframe",time=0.270833,cframe=CFrame.new(2505.986572,2503.499756,2488.713379,-0.160742,-0.000000,-0.986996,0.000000,1.000000,-0.000000,0.986996,-0.000000,-0.160742),velocity=Vector3.new(3.288213, 0.006658, -19.727839),slideActive=false,wallhopFlick=false,humanoidState=8},
    {type="keyframe",time=0.275000,cframe=CFrame.new(2506.013428,2503.499756,2488.548828,-0.157157,-0.000000,-0.987574,0.000000,1.000000,-0.000000,0.987574,-0.000000,-0.157157),velocity=Vector3.new(3.225339, 0.006658, -19.738199),slideActive=false,wallhopFlick=false,humanoidState=8},
    {type="keyframe",time=0.279167,cframe=CFrame.new(2506.026855,2503.499756,2488.466553,-0.153576,-0.000000,-0.988137,0.000000,1.000000,-0.000000,0.988137,-0.000000,-0.153576),velocity=Vector3.new(3.218909, 0.006658, -19.739260),slideActive=false,wallhopFlick=false,humanoidState=8},
    {type="keyframe",time=0.283333,cframe=CFrame.new(2506.040039,2503.499756,2488.384277,-0.153582,-0.000000,-0.988136,0.000000,1.000000,-0.000000,0.988136,-0.000000,-0.153582),velocity=Vector3.new(3.171681, 0.006658, -19.746872),slideActive=false,wallhopFlick=false,humanoidState=8},
    {type="keyframe",time=0.287500,cframe=CFrame.new(2506.052979,2503.499756,2488.302002,-0.149960,-0.000000,-0.988692,0.000000,1.000000,-0.000000,0.988692,-0.000000,-0.149960),velocity=Vector3.new(3.109048, 0.006658, -19.756792),slideActive=false,wallhopFlick=false,humanoidState=8},
    {type="keyframe",time=0.291667,cframe=CFrame.new(2506.065918,2503.499756,2488.219727,-0.149967,-0.000000,-0.988691,0.000000,1.000000,-0.000000,0.988691,-0.000000,-0.149967),velocity=Vector3.new(3.085561, 0.006658, -19.760513),slideActive=false,wallhopFlick=false,humanoidState=8},
    {type="keyframe",time=0.295833,cframe=CFrame.new(2506.078613,2503.499756,2488.137451,-0.146377,-0.000000,-0.989229,0.000000,1.000000,-0.000000,0.989229,-0.000000,-0.146377),velocity=Vector3.new(3.031755, 0.006658, -19.768818),slideActive=false,wallhopFlick=false,humanoidState=8},
    {type="keyframe",time=0.300000,cframe=CFrame.new(2506.091064,2503.499756,2488.055176,-0.146381,-0.000000,-0.989228,0.000000,1.000000,-0.000000,0.989228,-0.000000,-0.146381),velocity=Vector3.new(3.011579, 0.006658, -19.771931),slideActive=false,wallhopFlick=false,humanoidState=8},
    {type="keyframe",time=0.304167,cframe=CFrame.new(2506.103516,2503.499756,2487.972656,-0.146388,-0.000000,-0.989227,0.000000,1.000000,-0.000000,0.989227,-0.000000,-0.146388),velocity=Vector3.new(2.959030, 0.006658, -19.779839),slideActive=false,wallhopFlick=false,humanoidState=8},
    {type="keyframe",time=0.308333,cframe=CFrame.new(2506.115723,2503.499756,2487.890137,-0.146371,-0.000000,-0.989230,0.000000,1.000000,-0.000000,0.989230,-0.000000,-0.146371),velocity=Vector3.new(2.939324, 0.006658, -19.782804),slideActive=false,wallhopFlick=false,humanoidState=8},
    {type="keyframe",time=0.312500,cframe=CFrame.new(2506.127930,2503.499756,2487.807617,-0.146375,-0.000000,-0.989229,0.000000,1.000000,-0.000000,0.989229,-0.000000,-0.146375),velocity=Vector3.new(2.931935, 0.006658, -19.783916),slideActive=false,wallhopFlick=false,humanoidState=8},
    {type="keyframe",time=0.316667,cframe=CFrame.new(2506.140137,2503.499756,2487.725098,-0.146382,-0.000000,-0.989228,0.000000,1.000000,-0.000000,0.989228,-0.000000,-0.146382),velocity=Vector3.new(2.929164, 0.006658, -19.784334),slideActive=false,wallhopFlick=false,humanoidState=8},
    {type="keyframe",time=0.320833,cframe=CFrame.new(2506.152344,2503.499756,2487.642578,-0.146361,-0.000000,-0.989231,0.000000,1.000000,-0.000000,0.989231,-0.000000,-0.146361),velocity=Vector3.new(2.928124, 0.006658, -19.784491),slideActive=false,wallhopFlick=false,humanoidState=8},
    {type="keyframe",time=0.325000,cframe=CFrame.new(2506.164551,2503.499756,2487.560059,-0.146368,-0.000000,-0.989230,0.000000,1.000000,-0.000000,0.989230,-0.000000,-0.146368),velocity=Vector3.new(2.927735, 0.006658, -19.784550),slideActive=false,wallhopFlick=false,humanoidState=8},
    {type="keyframe",time=0.329167,cframe=CFrame.new(2506.176758,2503.499756,2487.477539,-0.146376,-0.000000,-0.989229,0.000000,1.000000,-0.000000,0.989229,-0.000000,-0.146376),velocity=Vector3.new(2.927589, 0.006658, -19.784571),slideActive=false,wallhopFlick=false,humanoidState=8},
    {type="keyframe",time=0.333333,cframe=CFrame.new(2506.188965,2503.499756,2487.395020,-0.142766,-0.000000,-0.989756,0.000000,1.000000,-0.000000,0.989756,-0.000000,-0.142766),velocity=Vector3.new(2.927534, 0.006658, -19.784578),slideActive=false,wallhopFlick=false,humanoidState=8},
    {type="keyframe",time=0.337500,cframe=CFrame.new(2506.201172,2503.499756,2487.312500,-0.142770,-0.000000,-0.989756,0.000000,1.000000,-0.000000,0.989756,-0.000000,-0.142770),velocity=Vector3.new(2.927513, 0.006658, -19.784582),slideActive=false,wallhopFlick=false,humanoidState=8},
    {type="keyframe",time=0.341667,cframe=CFrame.new(2506.213135,2503.499756,2487.229980,-0.142777,-0.000000,-0.989755,0.000000,1.000000,-0.000000,0.989755,-0.000000,-0.142777),velocity=Vector3.new(2.882539, 0.006658, -19.791153),slideActive=false,wallhopFlick=false,humanoidState=8},
    {type="keyframe",time=0.345833,cframe=CFrame.new(2506.225098,2503.499756,2487.147461,-0.142785,-0.000000,-0.989754,0.000000,1.000000,-0.000000,0.989754,-0.000000,-0.142785),velocity=Vector3.new(2.865673, 0.006658, -19.793617),slideActive=false,wallhopFlick=false,humanoidState=8},
    {type="keyframe",time=0.350000,cframe=CFrame.new(2506.237061,2503.499756,2487.064941,-0.139176,-0.000000,-0.990268,0.000000,1.000000,-0.000000,0.990268,-0.000000,-0.139176),velocity=Vector3.new(2.859348, 0.006658, -19.794540),slideActive=false,wallhopFlick=false,humanoidState=8},
    {type="keyframe",time=0.354167,cframe=CFrame.new(2506.249023,2503.499756,2486.982422,-0.139184,-0.000000,-0.990267,0.000000,1.000000,-0.000000,0.990267,-0.000000,-0.139184),velocity=Vector3.new(2.856977, 0.006658, -19.794888),slideActive=false,wallhopFlick=false,humanoidState=8},
    {type="keyframe",time=0.358333,cframe=CFrame.new(2506.260742,2503.499756,2486.899902,-0.139165,0.000000,-0.990269,-0.000000,1.000000,0.000000,0.990269,0.000000,-0.139165),velocity=Vector3.new(2.811097, 0.006658, -19.801426),slideActive=false,wallhopFlick=false,humanoidState=8},
    {type="keyframe",time=0.362500,cframe=CFrame.new(2506.272461,2503.499756,2486.817383,-0.139177,0.000000,-0.990268,-0.000000,1.000000,0.000000,0.990268,0.000000,-0.139177),velocity=Vector3.new(2.793892, 0.006658, -19.803879),slideActive=false,wallhopFlick=false,humanoidState=8},
    {type="keyframe",time=0.366667,cframe=CFrame.new(2506.284180,2503.499756,2486.734863,-0.135569,0.000000,-0.990768,-0.000000,1.000000,0.000000,0.990768,0.000000,-0.135569),velocity=Vector3.new(2.787440, 0.006658, -19.804798),slideActive=false,wallhopFlick=false,humanoidState=8},
    {type="keyframe",time=0.370833,cframe=CFrame.new(2506.295898,2503.499756,2486.652344,-0.135578,0.000000,-0.990767,-0.000000,1.000000,0.000000,0.990767,0.000000,-0.135578),velocity=Vector3.new(2.785021, 0.006658, -19.805143),slideActive=false,wallhopFlick=false,humanoidState=8},
    {type="keyframe",time=0.375000,cframe=CFrame.new(2506.307373,2503.499756,2486.569824,-0.131989,0.000000,-0.991251,-0.000000,1.000000,0.000000,0.991251,0.000000,-0.131989),velocity=Vector3.new(2.739137, 0.006658, -19.811508),slideActive=false,wallhopFlick=false,humanoidState=8},
    {type="keyframe",time=0.379167,cframe=CFrame.new(2506.318604,2503.499756,2486.487305,-0.131974,0.000000,-0.991253,-0.000000,1.000000,0.000000,0.991253,0.000000,-0.131974),velocity=Vector3.new(2.721931, 0.006658, -19.813894),slideActive=false,wallhopFlick=false,humanoidState=8},
    {type="keyframe",time=0.383333,cframe=CFrame.new(2506.329834,2503.499756,2486.404785,-0.131984,0.000000,-0.991252,-0.000000,1.000000,0.000000,0.991252,0.000000,-0.131984),velocity=Vector3.new(2.670543, 0.006658, -19.820856),slideActive=false,wallhopFlick=false,humanoidState=8},
    {type="keyframe",time=0.387500,cframe=CFrame.new(2506.340820,2503.499756,2486.322266,-0.131997,0.000000,-0.991250,-0.000000,1.000000,0.000000,0.991250,0.000000,-0.131997),velocity=Vector3.new(2.651272, 0.006658, -19.823467),slideActive=false,wallhopFlick=false,humanoidState=8},
    {type="keyframe",time=0.391667,cframe=CFrame.new(2506.351807,2503.499756,2486.239746,-0.131978,0.000000,-0.991253,-0.000000,1.000000,0.000000,0.991253,0.000000,-0.131978),velocity=Vector3.new(2.644045, 0.006658, -19.824446),slideActive=false,wallhopFlick=false,humanoidState=8},
    {type="keyframe",time=0.395833,cframe=CFrame.new(2506.362793,2503.499756,2486.157227,-0.128383,0.000000,-0.991725,-0.000000,1.000000,0.000000,0.991725,0.000000,-0.128383),velocity=Vector3.new(2.641335, 0.006658, -19.824814),slideActive=false,wallhopFlick=false,humanoidState=8},
    {type="keyframe",time=0.400000,cframe=CFrame.new(2506.373779,2503.499756,2486.074707,-0.128396,0.000000,-0.991723,-0.000000,1.000000,0.000000,0.991723,0.000000,-0.128396),velocity=Vector3.new(2.640319, 0.006658, -19.824951),slideActive=false,wallhopFlick=false,humanoidState=8},
    {type="keyframe",time=0.404167,cframe=CFrame.new(2506.384521,2503.499756,2485.992188,-0.128378,0.000000,-0.991725,-0.000000,1.000000,0.000000,0.991725,0.000000,-0.128378),velocity=Vector3.new(2.594930, 0.006658, -19.830912),slideActive=false,wallhopFlick=false,humanoidState=8},
    {type="keyframe",time=0.408333,cframe=CFrame.new(2506.395264,2503.499756,2485.909668,-0.128392,0.000000,-0.991724,-0.000000,1.000000,0.000000,0.991724,0.000000,-0.128392),velocity=Vector3.new(2.577909, 0.006658, -19.833147),slideActive=false,wallhopFlick=false,humanoidState=8},
    {type="keyframe",time=0.412500,cframe=CFrame.new(2506.406006,2503.499756,2485.826904,-0.128377,0.000000,-0.991725,-0.000000,1.000000,0.000000,0.991725,0.000000,-0.128377),velocity=Vector3.new(2.571526, 0.006658, -19.833984),slideActive=false,wallhopFlick=false,humanoidState=8},
    {type="keyframe",time=0.416667,cframe=CFrame.new(2506.416748,2503.499756,2485.744141,-0.128387,0.000000,-0.991724,-0.000000,1.000000,0.000000,0.991724,0.000000,-0.128387),velocity=Vector3.new(2.569133, 0.006658, -19.834299),slideActive=false,wallhopFlick=false,humanoidState=8},
    {type="keyframe",time=0.420833,cframe=CFrame.new(2506.427490,2503.499756,2485.661377,-0.128372,0.000000,-0.991726,-0.000000,1.000000,0.000000,0.991726,0.000000,-0.128372),velocity=Vector3.new(2.568235, 0.006658, -19.834417),slideActive=false,wallhopFlick=false,humanoidState=8},
    {type="keyframe",time=0.425000,cframe=CFrame.new(2506.438232,2503.499756,2485.578613,-0.128382,0.000000,-0.991725,-0.000000,1.000000,0.000000,0.991725,0.000000,-0.128382),velocity=Vector3.new(2.567898, 0.006658, -19.834461),slideActive=false,wallhopFlick=false,humanoidState=8},
    {type="keyframe",time=0.429167,cframe=CFrame.new(2506.448975,2503.499756,2485.495850,-0.124778,0.000000,-0.992185,-0.000000,1.000000,0.000000,0.992185,0.000000,-0.124778),velocity=Vector3.new(2.567772, 0.006658, -19.834478),slideActive=false,wallhopFlick=false,humanoidState=8},
    {type="keyframe",time=0.433333,cframe=CFrame.new(2506.459717,2503.499756,2485.413086,-0.124788,0.000000,-0.992183,-0.000000,1.000000,0.000000,0.992183,0.000000,-0.124788),velocity=Vector3.new(2.567725, 0.006658, -19.834484),slideActive=false,wallhopFlick=false,humanoidState=8},
    {type="keyframe",time=0.437500,cframe=CFrame.new(2506.470215,2503.499756,2485.330322,-0.124774,0.000000,-0.992185,-0.000000,1.000000,0.000000,0.992185,0.000000,-0.124774),velocity=Vector3.new(2.522614, 0.006658, -19.840240),slideActive=false,wallhopFlick=false,humanoidState=8},
    {type="keyframe",time=0.445833,cframe=CFrame.new(2506.480713,2503.499756,2485.247559,-0.124788,0.000000,-0.992184,-0.000000,1.000000,0.000000,0.992184,0.000000,-0.124788),velocity=Vector3.new(2.505698, 0.006658, -19.842400),slideActive=false,wallhopFlick=false,humanoidState=8},
    {type="keyframe",time=0.450000,cframe=CFrame.new(2506.501709,2503.499756,2485.082031,-0.124784,0.000000,-0.992184,-0.000000,1.000000,0.000000,0.992184,0.000000,-0.124784),velocity=Vector3.new(2.496975, 0.006658, -19.843512),slideActive=false,wallhopFlick=false,humanoidState=8},
    {type="keyframe",time=0.454167,cframe=CFrame.new(2506.512207,2503.499756,2484.999268,-0.124770,0.000000,-0.992186,-0.000000,1.000000,0.000000,0.992186,0.000000,-0.124770),velocity=Vector3.new(2.496083, 0.006658, -19.843626),slideActive=false,wallhopFlick=false,humanoidState=8},
    {type="keyframe",time=0.458333,cframe=CFrame.new(2506.522705,2503.499756,2484.916504,-0.124780,0.000000,-0.992184,-0.000000,1.000000,0.000000,0.992184,0.000000,-0.124780),velocity=Vector3.new(2.495749, 0.006658, -19.843668),slideActive=false,wallhopFlick=false,humanoidState=8},
    {type="keyframe",time=0.462500,cframe=CFrame.new(2506.533203,2503.499756,2484.833740,-0.121182,0.000000,-0.992630,-0.000000,1.000000,0.000000,0.992630,0.000000,-0.121182),velocity=Vector3.new(2.495623, 0.006658, -19.843685),slideActive=false,wallhopFlick=false,humanoidState=8},
    {type="keyframe",time=0.466667,cframe=CFrame.new(2506.543701,2503.499756,2484.750977,-0.121164,-0.000000,-0.992632,0.000000,1.000000,-0.000000,0.992632,-0.000000,-0.121164),velocity=Vector3.new(2.495576, 0.006658, -19.843691),slideActive=false,wallhopFlick=false,humanoidState=8},
    {type="keyframe",time=0.470833,cframe=CFrame.new(2506.553955,2503.499756,2484.668213,-0.117562,-0.000000,-0.993066,0.000000,1.000000,-0.000000,0.993066,-0.000000,-0.117562),velocity=Vector3.new(2.450479, 0.006658, -19.849281),slideActive=false,wallhopFlick=false,humanoidState=8},
    {type="keyframe",time=0.475000,cframe=CFrame.new(2506.564209,2503.499756,2484.585449,-0.117552,-0.000000,-0.993067,0.000000,1.000000,-0.000000,0.993067,-0.000000,-0.117552),velocity=Vector3.new(2.433567, 0.006658, -19.851377),slideActive=false,wallhopFlick=false,humanoidState=8},
    {type="keyframe",time=0.479167,cframe=CFrame.new(2506.574219,2503.499756,2484.502686,-0.113954,-0.000000,-0.993486,0.000000,1.000000,-0.000000,0.993486,-0.000000,-0.113954),velocity=Vector3.new(2.382126, 0.006658, -19.857584),slideActive=false,wallhopFlick=false,humanoidState=8},
    {type="keyframe",time=0.483333,cframe=CFrame.new(2506.583984,2503.499756,2484.419922,-0.113941,-0.000000,-0.993488,0.000000,1.000000,-0.000000,0.993488,-0.000000,-0.113941),velocity=Vector3.new(2.362835, 0.006658, -19.859913),slideActive=false,wallhopFlick=false,humanoidState=8},
    {type="keyframe",time=0.487500,cframe=CFrame.new(2506.593506,2503.499756,2484.337158,-0.110350,-0.000000,-0.993893,0.000000,1.000000,-0.000000,0.993893,-0.000000,-0.110350),velocity=Vector3.new(2.310435, 0.006658, -19.866049),slideActive=false,wallhopFlick=false,humanoidState=8},
    {type="keyframe",time=0.491667,cframe=CFrame.new(2506.603027,2503.499756,2484.254395,-0.110341,-0.000000,-0.993894,0.000000,1.000000,-0.000000,0.993894,-0.000000,-0.110341),velocity=Vector3.new(2.290785, 0.006658, -19.868349),slideActive=false,wallhopFlick=false,humanoidState=8},
    {type="keyframe",time=0.495833,cframe=CFrame.new(2506.612305,2503.499756,2484.171631,-0.110356,-0.000000,-0.993892,0.000000,1.000000,-0.000000,0.993892,-0.000000,-0.110356),velocity=Vector3.new(2.238384, 0.006658, -19.874294),slideActive=false,wallhopFlick=false,humanoidState=8},
    {type="keyframe",time=0.500000,cframe=CFrame.new(2506.621582,2503.499756,2484.088867,-0.110344,-0.000000,-0.993893,0.000000,1.000000,-0.000000,0.993893,-0.000000,-0.110344),velocity=Vector3.new(2.218734, 0.006658, -19.876524),slideActive=false,wallhopFlick=false,humanoidState=8},
    {type="keyframe",time=0.504167,cframe=CFrame.new(2506.630859,2503.499756,2484.006104,-0.106721,-0.000000,-0.994289,0.000000,1.000000,-0.000000,0.994289,-0.000000,-0.106721),velocity=Vector3.new(2.211365, 0.006658, -19.877359),slideActive=false,wallhopFlick=false,humanoidState=8},
    {type="keyframe",time=0.508333,cframe=CFrame.new(2506.640137,2503.499756,2483.923340,-0.103117,-0.000000,-0.994669,0.000000,1.000000,-0.000000,0.994669,-0.000000,-0.103117),velocity=Vector3.new(2.208601, 0.006658, -19.877672),slideActive=false,wallhopFlick=false,humanoidState=8},
    {type="keyframe",time=0.512500,cframe=CFrame.new(2506.649170,2503.499756,2483.840576,-0.103105,-0.000000,-0.994670,0.000000,1.000000,-0.000000,0.994670,-0.000000,-0.103105),velocity=Vector3.new(2.162372, 0.006658, -19.882725),slideActive=false,wallhopFlick=false,humanoidState=8},
    {type="keyframe",time=0.516667,cframe=CFrame.new(2506.657959,2503.499756,2483.757812,-0.103124,-0.000000,-0.994668,0.000000,1.000000,-0.000000,0.994668,-0.000000,-0.103124),velocity=Vector3.new(2.099828, 0.006658, -19.889389),slideActive=false,wallhopFlick=false,humanoidState=8},
    {type="keyframe",time=0.520833,cframe=CFrame.new(2506.666504,2503.499756,2483.675049,-0.103113,-0.000000,-0.994670,0.000000,1.000000,-0.000000,0.994670,-0.000000,-0.103113),velocity=Vector3.new(2.076375, 0.006658, -19.891890),slideActive=false,wallhopFlick=false,humanoidState=8},
    {type="keyframe",time=0.525000,cframe=CFrame.new(2506.675049,2503.499756,2483.592041,-0.103104,-0.000000,-0.994671,0.000000,1.000000,-0.000000,0.994671,-0.000000,-0.103104),velocity=Vector3.new(2.067580, 0.006658, -19.892826),slideActive=false,wallhopFlick=false,humanoidState=8},
    {type="keyframe",time=0.529167,cframe=CFrame.new(2506.683594,2503.499756,2483.509033,-0.103120,-0.000000,-0.994669,0.000000,1.000000,-0.000000,0.994669,-0.000000,-0.103120),velocity=Vector3.new(2.064281, 0.006658, -19.893177),slideActive=false,wallhopFlick=false,humanoidState=8},
    {type="keyframe",time=0.533333,cframe=CFrame.new(2506.692139,2503.499756,2483.426025,-0.103109,-0.000000,-0.994670,0.000000,1.000000,-0.000000,0.994670,-0.000000,-0.103109),velocity=Vector3.new(2.063045, 0.006658, -19.893309),slideActive=false,wallhopFlick=false,humanoidState=8},
    {type="keyframe",time=0.537500,cframe=CFrame.new(2506.700684,2503.499756,2483.343018,-0.103128,-0.000000,-0.994668,0.000000,1.000000,-0.000000,0.994668,-0.000000,-0.103128),velocity=Vector3.new(2.062581, 0.006658, -19.893358),slideActive=false,wallhopFlick=false,humanoidState=8},
    {type="keyframe",time=0.541667,cframe=CFrame.new(2506.709229,2503.499756,2483.260010,-0.103117,-0.000000,-0.994669,0.000000,1.000000,-0.000000,0.994669,-0.000000,-0.103117),velocity=Vector3.new(2.062407, 0.006658, -19.893377),slideActive=false,wallhopFlick=false,humanoidState=8},
    {type="keyframe",time=0.545833,cframe=CFrame.new(2506.717773,2503.499756,2483.177002,-0.103108,-0.000000,-0.994670,0.000000,1.000000,-0.000000,0.994670,-0.000000,-0.103108),velocity=Vector3.new(2.062341, 0.006658, -19.893385),slideActive=false,wallhopFlick=false,humanoidState=8},
    {type="keyframe",time=0.550000,cframe=CFrame.new(2506.726318,2503.499756,2483.093994,-0.103124,-0.000000,-0.994668,0.000000,1.000000,-0.000000,0.994668,-0.000000,-0.103124),velocity=Vector3.new(2.062317, 0.006658, -19.893387),slideActive=false,wallhopFlick=false,humanoidState=8},
    {type="keyframe",time=0.554167,cframe=CFrame.new(2506.734863,2503.499756,2483.010986,-0.103115,-0.000000,-0.994669,0.000000,1.000000,-0.000000,0.994669,-0.000000,-0.103115),velocity=Vector3.new(2.062308, 0.006658, -19.893389),slideActive=false,wallhopFlick=false,humanoidState=8},
    {type="keyframe",time=0.558333,cframe=CFrame.new(2506.743408,2503.499756,2482.927979,-0.103104,-0.000000,-0.994671,0.000000,1.000000,-0.000000,0.994671,-0.000000,-0.103104),velocity=Vector3.new(2.062304, 0.006658, -19.893389),slideActive=false,wallhopFlick=false,humanoidState=8},
    {type="keyframe",time=0.562500,cframe=CFrame.new(2506.751953,2503.499756,2482.844971,-0.103123,-0.000000,-0.994669,0.000000,1.000000,-0.000000,0.994669,-0.000000,-0.103123),velocity=Vector3.new(2.062303, 0.006658, -19.893389),slideActive=false,wallhopFlick=false,humanoidState=8},
    {type="keyframe",time=0.570833,cframe=CFrame.new(2506.760498,2503.499756,2482.761963,-0.103111,-0.000000,-0.994670,0.000000,1.000000,-0.000000,0.994670,-0.000000,-0.103111),velocity=Vector3.new(2.062303, 0.006658, -19.893389),slideActive=false,wallhopFlick=false,humanoidState=8},
    {type="keyframe",time=0.575000,cframe=CFrame.new(2506.777588,2503.499756,2482.595947,-0.103119,0.000000,-0.994669,-0.000000,1.000000,0.000000,0.994669,0.000000,-0.103119),velocity=Vector3.new(2.062302, 0.006658, -19.893389),slideActive=false,wallhopFlick=false,humanoidState=8},
    {type="keyframe",time=0.579167,cframe=CFrame.new(2506.786133,2503.499756,2482.512939,-0.103110,0.000000,-0.994670,-0.000000,1.000000,0.000000,0.994670,0.000000,-0.103110),velocity=Vector3.new(2.062302, 0.006658, -19.893389),slideActive=false,wallhopFlick=false,humanoidState=8},
    {type="keyframe",time=0.583333,cframe=CFrame.new(2506.794678,2503.499756,2482.429932,-0.103127,0.000000,-0.994668,-0.000000,1.000000,0.000000,0.994668,0.000000,-0.103127),velocity=Vector3.new(2.062302, 0.006658, -19.893389),slideActive=false,wallhopFlick=false,humanoidState=8},
    {type="keyframe",time=0.587500,cframe=CFrame.new(2506.803223,2503.499756,2482.346924,-0.103118,0.000000,-0.994669,-0.000000,1.000000,0.000000,0.994669,0.000000,-0.103118),velocity=Vector3.new(2.062302, 0.006658, -19.893389),slideActive=false,wallhopFlick=false,humanoidState=8},
    {type="keyframe",time=0.595833,cframe=CFrame.new(2506.811768,2503.499756,2482.263916,-0.103106,0.000000,-0.994670,-0.000000,1.000000,0.000000,0.994670,0.000000,-0.103106),velocity=Vector3.new(2.062302, 0.006658, -19.893389),slideActive=false,wallhopFlick=false,humanoidState=8},
    {type="keyframe",time=0.600000,cframe=CFrame.new(2506.828857,2503.499756,2482.097900,-0.103114,0.000000,-0.994670,-0.000000,1.000000,0.000000,0.994670,0.000000,-0.103114),velocity=Vector3.new(2.062302, 0.006658, -19.893389),slideActive=false,wallhopFlick=false,humanoidState=8},
    {type="keyframe",time=0.604167,cframe=CFrame.new(2506.837402,2503.499756,2482.014893,-0.103105,0.000000,-0.994670,-0.000000,1.000000,0.000000,0.994670,0.000000,-0.103105),velocity=Vector3.new(2.062302, 0.006658, -19.893389),slideActive=false,wallhopFlick=false,humanoidState=8},
