return {
    {type="keyframe",time=0.004167,cframe=CFrame.new(2499.861084,2503.500000,2492.543213,0.999838,0.000000,0.018018,-0.000000,1.000000,0.000000,-0.018018,-0.000000,0.999838),velocity=Vector3.new(-0.000000, 0.000000, 0.000000),slideActive=false,wallhopFlick=false,humanoidState=8},
    {type="keyframe",time=0.008333,cframe=CFrame.new(2499.861084,2503.500000,2492.543213,0.999838,0.000000,0.018018,-0.000000,1.000000,0.000000,-0.018018,-0.000000,0.999838),velocity=Vector3.new(-0.000000, 0.000000, 0.000000),slideActive=false,wallhopFlick=false,humanoidState=8},
    {type="keyframe",time=0.012500,cframe=CFrame.new(2499.861084,2503.500000,2492.543213,0.999838,0.000000,0.018018,-0.000000,1.000000,0.000000,-0.018018,-0.000000,0.999838),velocity=Vector3.new(-0.000000, 0.000000, 0.000000),slideActive=false,wallhopFlick=false,humanoidState=8},
    {type="keyframe",time=0.016667,cframe=CFrame.new(2499.861084,2503.500000,2492.543213,0.999838,0.000000,0.018018,-0.000000,1.000000,0.000000,-0.018018,-0.000000,0.999838),velocity=Vector3.new(-0.000000, 0.000000, 0.000000),slideActive=false,wallhopFlick=false,humanoidState=8},
    {type="keyframe",time=0.020833,cframe=CFrame.new(2499.861084,2503.500000,2492.543213,0.999838,0.000000,0.018018,-0.000000,1.000000,0.000000,-0.018018,-0.000000,0.999838),velocity=Vector3.new(-0.000000, 0.000000, 0.000000),slideActive=false,wallhopFlick=false,humanoidState=8},
    {type="keyframe",time=0.025000,cframe=CFrame.new(2499.861084,2503.500000,2492.543213,0.999838,0.000000,0.018018,-0.000000,1.000000,0.000000,-0.018018,-0.000000,0.999838),velocity=Vector3.new(-0.000000, 0.000000, 0.000000),slideActive=false,wallhopFlick=false,humanoidState=8},
    {type="keyframe",time=0.029167,cframe=CFrame.new(2499.861084,2503.500000,2492.543213,0.999838,0.000000,0.018018,-0.000000,1.000000,0.000000,-0.018018,-0.000000,0.999838),velocity=Vector3.new(-0.000000, 0.000000, 0.000000),slideActive=false,wallhopFlick=false,humanoidState=8},
    {type="keyframe",time=0.033333,cframe=CFrame.new(2499.861084,2503.500000,2492.543213,0.999838,0.000000,0.018018,-0.000000,1.000000,0.000000,-0.018018,-0.000000,0.999838),velocity=Vector3.new(-0.000000, 0.000000, 0.000000),slideActive=false,wallhopFlick=false,humanoidState=8},
    {type="keyframe",time=0.037500,cframe=CFrame.new(2499.861084,2503.500000,2492.543213,0.999838,0.000000,0.018018,-0.000000,1.000000,0.000000,-0.018018,-0.000000,0.999838),velocity=Vector3.new(-0.000000, 0.000000, 0.000000),slideActive=false,wallhopFlick=false,humanoidState=8},
    {type="keyframe",time=0.041667,cframe=CFrame.new(2499.861084,2503.500000,2492.543213,0.999838,0.000000,0.018018,-0.000000,1.000000,0.000000,-0.018018,-0.000000,0.999838),velocity=Vector3.new(-0.000000, 0.000000, 0.000000),slideActive=false,wallhopFlick=false,humanoidState=8},
    {type="keyframe",time=0.045833,cframe=CFrame.new(2499.861084,2503.500000,2492.543213,0.925402,0.000000,-0.378988,0.000000,1.000000,0.000000,0.378988,0.000000,0.925402),velocity=Vector3.new(-0.000000, 0.000000, 0.000000),slideActive=false,wallhopFlick=false,humanoidState=8},
    {type="keyframe",time=0.054167,cframe=CFrame.new(2499.865234,2503.500000,2492.533203,0.925402,0.000000,-0.378988,-0.000000,1.000000,0.000000,0.378988,-0.000000,0.925402),velocity=Vector3.new(0.975940, 0.000000, -2.383025),slideActive=false,wallhopFlick=false,humanoidState=8},
    {type="keyframe",time=0.058333,cframe=CFrame.new(2499.885498,2503.500000,2492.483643,0.925402,0.000000,-0.378988,-0.000000,1.000000,0.000000,0.378988,-0.000000,0.925402),velocity=Vector3.new(2.927821, 0.000000, -7.149076),slideActive=false,wallhopFlick=false,humanoidState=8},
    {type="keyframe",time=0.062500,cframe=CFrame.new(2499.901855,2503.500000,2492.443848,0.925402,0.000000,-0.378988,-0.000000,1.000000,0.000000,0.378988,-0.000000,0.925402),velocity=Vector3.new(3.903762, 0.000000, -9.532102),slideActive=false,wallhopFlick=false,humanoidState=8},
    {type="keyframe",time=0.066667,cframe=CFrame.new(2499.922119,2503.500000,2492.394287,0.925402,0.000000,-0.378988,-0.000000,1.000000,0.000000,0.378988,-0.000000,0.925402),velocity=Vector3.new(4.879702, 0.000000, -11.915127),slideActive=false,wallhopFlick=false,humanoidState=8},
    {type="keyframe",time=0.075000,cframe=CFrame.new(2499.946533,2503.500000,2492.334717,0.925402,0.000000,-0.378988,-0.000000,1.000000,0.000000,0.378988,-0.000000,0.925402),velocity=Vector3.new(5.855642, 0.000000, -14.298152),slideActive=false,wallhopFlick=false,humanoidState=8},
    {type="keyframe",time=0.079167,cframe=CFrame.new(2500.005615,2503.500000,2492.190918,0.925402,0.000000,-0.378988,-0.000000,1.000000,0.000000,0.378988,-0.000000,0.925402),velocity=Vector3.new(7.299188, 0.000000, -17.822964),slideActive=false,wallhopFlick=false,humanoidState=8},
    {type="keyframe",time=0.083333,cframe=CFrame.new(2500.036865,2503.500000,2492.114990,0.925402,0.000000,-0.378988,-0.000000,1.000000,0.000000,0.378988,-0.000000,0.925402),velocity=Vector3.new(7.474540, 0.000000, -18.251133),slideActive=false,wallhopFlick=false,humanoidState=8},
    {type="keyframe",time=0.087500,cframe=CFrame.new(2500.068359,2503.500000,2492.038330,0.925402,0.000000,-0.378988,-0.000000,1.000000,0.000000,0.378988,-0.000000,0.925402),velocity=Vector3.new(7.540298, 0.000000, -18.411697),slideActive=false,wallhopFlick=false,humanoidState=8},
    {type="keyframe",time=0.091667,cframe=CFrame.new(2500.099854,2503.500000,2491.961426,0.925402,0.000000,-0.378988,-0.000000,1.000000,0.000000,0.378988,-0.000000,0.925402),velocity=Vector3.new(7.564956, 0.000000, -18.471909),slideActive=false,wallhopFlick=false,humanoidState=8},
    {type="keyframe",time=0.095833,cframe=CFrame.new(2500.131348,2503.500000,2491.884277,0.925402,0.000000,-0.378988,-0.000000,1.000000,0.000000,0.378988,-0.000000,0.925402),velocity=Vector3.new(7.574203, 0.000000, -18.494488),slideActive=false,wallhopFlick=false,humanoidState=8},
    {type="keyframe",time=0.100000,cframe=CFrame.new(2500.162842,2503.500000,2491.807129,0.925402,0.000000,-0.378988,-0.000000,1.000000,0.000000,0.378988,-0.000000,0.925402),velocity=Vector3.new(7.577671, 0.000000, -18.502954),slideActive=false,wallhopFlick=false,humanoidState=8},
    {type="keyframe",time=0.108333,cframe=CFrame.new(2500.194336,2503.500000,2491.729980,0.925402,0.000000,-0.378988,-0.000000,1.000000,0.000000,0.378988,-0.000000,0.925402),velocity=Vector3.new(7.578971, 0.000000, -18.506130),slideActive=false,wallhopFlick=false,humanoidState=8},
    {type="keyframe",time=0.112500,cframe=CFrame.new(2500.257324,2503.500000,2491.575684,0.925402,0.000000,-0.378988,-0.000000,1.000000,0.000000,0.378988,-0.000000,0.925402),velocity=Vector3.new(7.579642, 0.000000, -18.507767),slideActive=false,wallhopFlick=false,humanoidState=8},
    {type="keyframe",time=0.116667,cframe=CFrame.new(2500.288818,2503.500000,2491.498535,0.925402,0.000000,-0.378988,-0.000000,1.000000,0.000000,0.378988,-0.000000,0.925402),velocity=Vector3.new(7.579710, 0.000000, -18.507935),slideActive=false,wallhopFlick=false,humanoidState=8},
    {type="keyframe",time=0.120833,cframe=CFrame.new(2500.320312,2503.500000,2491.421387,0.925402,0.000000,-0.378988,-0.000000,1.000000,0.000000,0.378988,-0.000000,0.925402),velocity=Vector3.new(7.579736, 0.000000, -18.507998),slideActive=false,wallhopFlick=false,humanoidState=8},
    {type="keyframe",time=0.125000,cframe=CFrame.new(2500.351807,2503.500000,2491.344238,0.925402,0.000000,-0.378988,-0.000000,1.000000,0.000000,0.378988,-0.000000,0.925402),velocity=Vector3.new(7.579746, 0.000000, -18.508022),slideActive=false,wallhopFlick=false,humanoidState=8},
    {type="keyframe",time=0.133333,cframe=CFrame.new(2500.383301,2503.500000,2491.267090,0.925402,0.000000,-0.378988,-0.000000,1.000000,0.000000,0.378988,-0.000000,0.925402),velocity=Vector3.new(7.579749, 0.000000, -18.508030),slideActive=false,wallhopFlick=false,humanoidState=8},
    {type="keyframe",time=0.137500,cframe=CFrame.new(2500.446289,2503.500000,2491.112793,0.925402,0.000000,-0.378988,-0.000000,1.000000,0.000000,0.378988,-0.000000,0.925402),velocity=Vector3.new(7.579751, 0.000000, -18.508036),slideActive=false,wallhopFlick=false,humanoidState=8},
    {type="keyframe",time=0.141667,cframe=CFrame.new(2500.477783,2503.500000,2491.035645,0.925402,0.000000,-0.378988,-0.000000,1.000000,0.000000,0.378988,-0.000000,0.925402),velocity=Vector3.new(7.579751, 0.000000, -18.508036),slideActive=false,wallhopFlick=false,humanoidState=8},
    {type="keyframe",time=0.145833,cframe=CFrame.new(2500.509277,2503.500000,2490.958496,0.926773,0.000000,-0.375622,-0.000000,1.000000,0.000000,0.375622,-0.000000,0.926773),velocity=Vector3.new(7.579751, 0.000000, -18.508036),slideActive=false,wallhopFlick=false,humanoidState=8},
    {type="keyframe",time=0.154167,cframe=CFrame.new(2500.540771,2503.500000,2490.881348,0.926773,0.000000,-0.375622,-0.000000,1.000000,0.000000,0.375622,-0.000000,0.926773),velocity=Vector3.new(7.579751, 0.000000, -18.508036),slideActive=false,wallhopFlick=false,humanoidState=8},
    {type="keyframe",time=0.158333,cframe=CFrame.new(2500.603516,2503.500000,2490.727051,0.928132,0.000000,-0.372252,-0.000000,1.000000,0.000000,0.372252,-0.000000,0.928132),velocity=Vector3.new(7.521909, 0.000000, -18.531601),slideActive=false,wallhopFlick=false,humanoidState=8},
    {type="keyframe",time=0.162500,cframe=CFrame.new(2500.634766,2503.500000,2490.649658,0.928132,0.000000,-0.372252,-0.000000,1.000000,0.000000,0.372252,-0.000000,0.928132),velocity=Vector3.new(7.473863, 0.000000, -18.550997),slideActive=false,wallhopFlick=false,humanoidState=8},
    {type="keyframe",time=0.166667,cframe=CFrame.new(2500.665771,2503.500000,2490.572266,0.928132,0.000000,-0.372252,-0.000000,1.000000,0.000000,0.372252,-0.000000,0.928132),velocity=Vector3.new(7.455846, 0.000000, -18.558271),slideActive=false,wallhopFlick=false,humanoidState=8},
    {type="keyframe",time=0.175000,cframe=CFrame.new(2500.696777,2503.500000,2490.494873,0.929475,0.000000,-0.368884,-0.000000,1.000000,0.000000,0.368884,-0.000000,0.929475),velocity=Vector3.new(7.449090, 0.000000, -18.560999),slideActive=false,wallhopFlick=false,humanoidState=8},
    {type="keyframe",time=0.179167,cframe=CFrame.new(2500.758789,2503.500000,2490.340088,0.929475,0.000000,-0.368884,-0.000000,1.000000,0.000000,0.368884,-0.000000,0.929475),velocity=Vector3.new(7.445605, 0.000000, -18.562405),slideActive=false,wallhopFlick=false,humanoidState=8},
    {type="keyframe",time=0.187500,cframe=CFrame.new(2500.789551,2503.500000,2490.262695,0.929475,0.000000,-0.368884,-0.000000,1.000000,0.000000,0.368884,-0.000000,0.929475),velocity=Vector3.new(7.403156, 0.000000, -18.579344),slideActive=false,wallhopFlick=false,humanoidState=8},
    {type="keyframe",time=0.191667,cframe=CFrame.new(2500.851074,2503.500000,2490.107910,0.929475,0.000000,-0.368884,-0.000000,1.000000,0.000000,0.368884,-0.000000,0.929475),velocity=Vector3.new(7.381268, 0.000000, -18.588078),slideActive=false,wallhopFlick=false,humanoidState=8},
    {type="keyframe",time=0.195833,cframe=CFrame.new(2500.881836,2503.500000,2490.030518,0.929475,0.000000,-0.368884,-0.000000,1.000000,0.000000,0.368884,-0.000000,0.929475),velocity=Vector3.new(7.379030, 0.000000, -18.588970),slideActive=false,wallhopFlick=false,humanoidState=8},
    {type="keyframe",time=0.200000,cframe=CFrame.new(2500.912598,2503.500000,2489.953125,0.929475,0.000000,-0.368884,-0.000000,1.000000,0.000000,0.368884,-0.000000,0.929475),velocity=Vector3.new(7.378190, 0.000000, -18.589306),slideActive=false,wallhopFlick=false,humanoidState=8},
    {type="keyframe",time=0.204167,cframe=CFrame.new(2500.943359,2503.500000,2489.875732,0.929475,0.000000,-0.368884,-0.000000,1.000000,0.000000,0.368884,-0.000000,0.929475),velocity=Vector3.new(7.377875, 0.000000, -18.589432),slideActive=false,wallhopFlick=false,humanoidState=8},
    {type="keyframe",time=0.208333,cframe=CFrame.new(2500.974121,2503.500000,2489.798340,0.929475,0.000000,-0.368884,-0.000000,1.000000,0.000000,0.368884,-0.000000,0.929475),velocity=Vector3.new(7.377757, 0.000000, -18.589478),slideActive=false,wallhopFlick=false,humanoidState=8},
    {type="keyframe",time=0.212500,cframe=CFrame.new(2501.004883,2503.500000,2489.720947,0.929475,0.000000,-0.368884,-0.000000,1.000000,0.000000,0.368884,-0.000000,0.929475),velocity=Vector3.new(7.377713, 0.000000, -18.589495),slideActive=false,wallhopFlick=false,humanoidState=8},
    {type="keyframe",time=0.216667,cframe=CFrame.new(2501.035645,2503.500000,2489.643555,0.929475,0.000000,-0.368884,-0.000000,1.000000,0.000000,0.368884,-0.000000,0.929475),velocity=Vector3.new(7.377697, 0.000000, -18.589502),slideActive=false,wallhopFlick=false,humanoidState=8},
    {type="keyframe",time=0.225000,cframe=CFrame.new(2501.066406,2503.500000,2489.566162,0.930807,0.000000,-0.365510,-0.000000,1.000000,0.000000,0.365510,-0.000000,0.930807),velocity=Vector3.new(7.377690, 0.000000, -18.589504),slideActive=false,wallhopFlick=false,humanoidState=8},
    {type="keyframe",time=0.229167,cframe=CFrame.new(2501.127930,2503.500000,2489.411377,0.930807,0.000000,-0.365510,-0.000000,1.000000,0.000000,0.365510,-0.000000,0.930807),velocity=Vector3.new(7.377687, 0.000000, -18.589506),slideActive=false,wallhopFlick=false,humanoidState=8},
    {type="keyframe",time=0.233333,cframe=CFrame.new(2501.158447,2503.500000,2489.333740,0.930807,0.000000,-0.365510,-0.000000,1.000000,0.000000,0.365510,-0.000000,0.930807),velocity=Vector3.new(7.335511, 0.000000, -18.606155),slideActive=false,wallhopFlick=false,humanoidState=8},
    {type="keyframe",time=0.237500,cframe=CFrame.new(2501.188965,2503.500000,2489.256104,0.930807,0.000000,-0.365510,-0.000000,1.000000,0.000000,0.365510,-0.000000,0.930807),velocity=Vector3.new(7.319695, 0.000000, -18.612400),slideActive=false,wallhopFlick=false,humanoidState=8},
    {type="keyframe",time=0.241667,cframe=CFrame.new(2501.219482,2503.500000,2489.178467,0.930807,0.000000,-0.365510,-0.000000,1.000000,0.000000,0.365510,-0.000000,0.930807),velocity=Vector3.new(7.313764, 0.000000, -18.614742),slideActive=false,wallhopFlick=false,humanoidState=8},
    {type="keyframe",time=0.245833,cframe=CFrame.new(2501.250000,2503.500000,2489.100830,0.930807,0.000000,-0.365510,-0.000000,1.000000,0.000000,0.365510,-0.000000,0.930807),velocity=Vector3.new(7.311540, 0.000000, -18.615620),slideActive=false,wallhopFlick=false,humanoidState=8},
    {type="keyframe",time=0.250000,cframe=CFrame.new(2501.280518,2503.500000,2489.023193,0.930807,0.000000,-0.365510,-0.000000,1.000000,0.000000,0.365510,-0.000000,0.930807),velocity=Vector3.new(7.310706, 0.000000, -18.615950),slideActive=false,wallhopFlick=false,humanoidState=8},
    {type="keyframe",time=0.254167,cframe=CFrame.new(2501.311035,2503.500000,2488.945557,0.930807,0.000000,-0.365510,-0.000000,1.000000,0.000000,0.365510,-0.000000,0.930807),velocity=Vector3.new(7.310393, 0.000000, -18.616072),slideActive=false,wallhopFlick=false,humanoidState=8},
    {type="keyframe",time=0.258333,cframe=CFrame.new(2501.341553,2503.500000,2488.867920,0.930807,0.000000,-0.365510,-0.000000,1.000000,0.000000,0.365510,-0.000000,0.930807),velocity=Vector3.new(7.310276, 0.000000, -18.616117),slideActive=false,wallhopFlick=false,humanoidState=8},
    {type="keyframe",time=0.262500,cframe=CFrame.new(2501.372070,2503.500000,2488.790283,0.930807,0.000000,-0.365510,-0.000000,1.000000,0.000000,0.365510,-0.000000,0.930807),velocity=Vector3.new(7.310232, 0.000000, -18.616135),slideActive=false,wallhopFlick=false,humanoidState=8},
    {type="keyframe",time=0.270833,cframe=CFrame.new(2501.402588,2503.500000,2488.712646,0.930807,0.000000,-0.365510,-0.000000,1.000000,0.000000,0.365510,-0.000000,0.930807),velocity=Vector3.new(7.310215, 0.000000, -18.616142),slideActive=false,wallhopFlick=false,humanoidState=8},
    {type="keyframe",time=0.275000,cframe=CFrame.new(2501.463623,2503.500000,2488.557373,0.930807,0.000000,-0.365510,-0.000000,1.000000,0.000000,0.365510,-0.000000,0.930807),velocity=Vector3.new(7.310207, 0.000000, -18.616146),slideActive=false,wallhopFlick=false,humanoidState=8},
    {type="keyframe",time=0.279167,cframe=CFrame.new(2501.494141,2503.500000,2488.479736,0.930807,0.000000,-0.365510,-0.000000,1.000000,0.000000,0.365510,-0.000000,0.930807),velocity=Vector3.new(7.310206, 0.000000, -18.616146),slideActive=false,wallhopFlick=false,humanoidState=8},
    {type="keyframe",time=0.283333,cframe=CFrame.new(2501.524658,2503.500000,2488.402100,0.930807,0.000000,-0.365510,-0.000000,1.000000,0.000000,0.365510,-0.000000,0.930807),velocity=Vector3.new(7.310205, 0.000000, -18.616146),slideActive=false,wallhopFlick=false,humanoidState=8},
    {type="keyframe",time=0.287500,cframe=CFrame.new(2501.555176,2503.500000,2488.324463,0.930807,0.000000,-0.365510,-0.000000,1.000000,0.000000,0.365510,-0.000000,0.930807),velocity=Vector3.new(7.310205, 0.000000, -18.616146),slideActive=false,wallhopFlick=false,humanoidState=8},
    {type="keyframe",time=0.291667,cframe=CFrame.new(2501.585693,2503.500000,2488.246826,0.930807,0.000000,-0.365510,-0.000000,1.000000,0.000000,0.365510,-0.000000,0.930807),velocity=Vector3.new(7.310205, 0.000000, -18.616146),slideActive=false,wallhopFlick=false,humanoidState=8},
    {type="keyframe",time=0.295833,cframe=CFrame.new(2501.616211,2503.500000,2488.169189,0.930807,0.000000,-0.365510,-0.000000,1.000000,0.000000,0.365510,-0.000000,0.930807),velocity=Vector3.new(7.310205, 0.000000, -18.616146),slideActive=false,wallhopFlick=false,humanoidState=8},
    {type="keyframe",time=0.300000,cframe=CFrame.new(2501.646729,2503.500000,2488.091553,0.930807,0.000000,-0.365510,-0.000000,1.000000,0.000000,0.365510,-0.000000,0.930807),velocity=Vector3.new(7.310205, 0.000000, -18.616146),slideActive=false,wallhopFlick=false,humanoidState=8},
    {type="keyframe",time=0.304167,cframe=CFrame.new(2501.677246,2503.500000,2488.013916,0.930807,0.000000,-0.365510,-0.000000,1.000000,0.000000,0.365510,-0.000000,0.930807),velocity=Vector3.new(7.310205, 0.000000, -18.616146),slideActive=false,wallhopFlick=false,humanoidState=8},
    {type="keyframe",time=0.308333,cframe=CFrame.new(2501.707764,2503.500000,2487.936279,0.930807,0.000000,-0.365510,-0.000000,1.000000,0.000000,0.365510,-0.000000,0.930807),velocity=Vector3.new(7.310205, 0.000000, -18.616146),slideActive=false,wallhopFlick=false,humanoidState=8},
    {type="keyframe",time=0.312500,cframe=CFrame.new(2501.738281,2503.500000,2487.858643,0.930807,0.000000,-0.365510,-0.000000,1.000000,0.000000,0.365510,-0.000000,0.930807),velocity=Vector3.new(7.310205, 0.000000, -18.616146),slideActive=false,wallhopFlick=false,humanoidState=8},
    {type="keyframe",time=0.316667,cframe=CFrame.new(2501.768799,2503.500000,2487.781006,0.930807,0.000000,-0.365510,-0.000000,1.000000,0.000000,0.365510,-0.000000,0.930807),velocity=Vector3.new(7.310205, 0.000000, -18.616146),slideActive=false,wallhopFlick=false,humanoidState=8},
    {type="keyframe",time=0.320833,cframe=CFrame.new(2501.799316,2503.500000,2487.703369,0.930807,0.000000,-0.365510,-0.000000,1.000000,0.000000,0.365510,-0.000000,0.930807),velocity=Vector3.new(7.310205, 0.000000, -18.616146),slideActive=false,wallhopFlick=false,humanoidState=8},
    {type="keyframe",time=0.325000,cframe=CFrame.new(2501.829834,2503.500000,2487.625732,0.930807,0.000000,-0.365510,-0.000000,1.000000,0.000000,0.365510,-0.000000,0.930807),velocity=Vector3.new(7.310205, 0.000000, -18.616146),slideActive=false,wallhopFlick=false,humanoidState=8},
    {type="keyframe",time=0.329167,cframe=CFrame.new(2501.860352,2503.500000,2487.548096,0.930807,0.000000,-0.365510,-0.000000,1.000000,0.000000,0.365510,-0.000000,0.930807),velocity=Vector3.new(7.310205, 0.000000, -18.616146),slideActive=false,wallhopFlick=false,humanoidState=8},
    {type="keyframe",time=0.333333,cframe=CFrame.new(2501.890869,2503.500000,2487.470459,0.930807,0.000000,-0.365510,-0.000000,1.000000,0.000000,0.365510,-0.000000,0.930807),velocity=Vector3.new(7.310205, 0.000000, -18.616146),slideActive=false,wallhopFlick=false,humanoidState=8},
    {type="keyframe",time=0.337500,cframe=CFrame.new(2501.921387,2503.500000,2487.392822,0.930807,0.000000,-0.365510,-0.000000,1.000000,0.000000,0.365510,-0.000000,0.930807),velocity=Vector3.new(7.310205, 0.000000, -18.616146),slideActive=false,wallhopFlick=false,humanoidState=8},
    {type="keyframe",time=0.341667,cframe=CFrame.new(2501.951904,2503.500000,2487.315186,0.930807,0.000000,-0.365510,-0.000000,1.000000,0.000000,0.365510,-0.000000,0.930807),velocity=Vector3.new(7.310205, 0.000000, -18.616146),slideActive=false,wallhopFlick=false,humanoidState=8},
    {type="keyframe",time=0.345833,cframe=CFrame.new(2501.982422,2503.500000,2487.237549,0.930807,0.000000,-0.365510,-0.000000,1.000000,0.000000,0.365510,-0.000000,0.930807),velocity=Vector3.new(7.310205, 0.000000, -18.616146),slideActive=false,wallhopFlick=false,humanoidState=8},
    {type="keyframe",time=0.350000,cframe=CFrame.new(2502.012939,2503.500000,2487.159912,0.930807,0.000000,-0.365510,-0.000000,1.000000,0.000000,0.365510,-0.000000,0.930807),velocity=Vector3.new(7.310205, 0.000000, -18.616146),slideActive=false,wallhopFlick=false,humanoidState=8},
    {type="keyframe",time=0.354167,cframe=CFrame.new(2502.043457,2503.500000,2487.082275,0.930807,0.000000,-0.365510,-0.000000,1.000000,0.000000,0.365510,-0.000000,0.930807),velocity=Vector3.new(7.310205, 0.000000, -18.616146),slideActive=false,wallhopFlick=false,humanoidState=8},
    {type="keyframe",time=0.358333,cframe=CFrame.new(2502.073975,2503.500000,2487.004639,0.930807,0.000000,-0.365510,-0.000000,1.000000,0.000000,0.365510,-0.000000,0.930807),velocity=Vector3.new(7.310205, 0.000000, -18.616146),slideActive=false,wallhopFlick=false,humanoidState=8},
    {type="keyframe",time=0.362500,cframe=CFrame.new(2502.104492,2503.500000,2486.927002,0.930807,0.000000,-0.365510,-0.000000,1.000000,0.000000,0.365510,-0.000000,0.930807),velocity=Vector3.new(7.310205, 0.000000, -18.616146),slideActive=false,wallhopFlick=false,humanoidState=8},
    {type="keyframe",time=0.366667,cframe=CFrame.new(2502.135010,2503.500000,2486.849365,0.930807,0.000000,-0.365510,-0.000000,1.000000,0.000000,0.365510,-0.000000,0.930807),velocity=Vector3.new(7.310205, 0.000000, -18.616146),slideActive=false,wallhopFlick=false,humanoidState=8},
    {type="keyframe",time=0.370833,cframe=CFrame.new(2502.165527,2503.500000,2486.771729,0.930807,0.000000,-0.365510,-0.000000,1.000000,0.000000,0.365510,-0.000000,0.930807),velocity=Vector3.new(7.310205, 0.000000, -18.616146),slideActive=false,wallhopFlick=false,humanoidState=8},
    {type="keyframe",time=0.375000,cframe=CFrame.new(2502.196045,2503.500000,2486.694092,0.930807,0.000000,-0.365510,-0.000000,1.000000,0.000000,0.365510,-0.000000,0.930807),velocity=Vector3.new(7.310205, 0.000000, -18.616146),slideActive=false,wallhopFlick=false,humanoidState=8},
    {type="keyframe",time=0.379167,cframe=CFrame.new(2502.226562,2503.500000,2486.616455,0.930807,0.000000,-0.365510,-0.000000,1.000000,0.000000,0.365510,-0.000000,0.930807),velocity=Vector3.new(7.310205, 0.000000, -18.616146),slideActive=false,wallhopFlick=false,humanoidState=8},
    {type="keyframe",time=0.383333,cframe=CFrame.new(2502.257080,2503.500000,2486.538818,0.930807,0.000000,-0.365510,-0.000000,1.000000,0.000000,0.365510,-0.000000,0.930807),velocity=Vector3.new(7.310205, 0.000000, -18.616146),slideActive=false,wallhopFlick=false,humanoidState=8},
    {type="keyframe",time=0.387500,cframe=CFrame.new(2502.287598,2503.500000,2486.461182,0.930807,0.000000,-0.365510,-0.000000,1.000000,0.000000,0.365510,-0.000000,0.930807),velocity=Vector3.new(7.310205, 0.000000, -18.616146),slideActive=false,wallhopFlick=false,humanoidState=8},
    {type="keyframe",time=0.391667,cframe=CFrame.new(2502.318115,2503.500000,2486.383545,0.930807,0.000000,-0.365510,-0.000000,1.000000,0.000000,0.365510,-0.000000,0.930807),velocity=Vector3.new(7.310205, 0.000000, -18.616146),slideActive=false,wallhopFlick=false,humanoidState=8},
    {type="keyframe",time=0.395833,cframe=CFrame.new(2502.348633,2503.500000,2486.305908,0.930807,0.000000,-0.365510,-0.000000,1.000000,0.000000,0.365510,-0.000000,0.930807),velocity=Vector3.new(7.310205, 0.000000, -18.616146),slideActive=false,wallhopFlick=false,humanoidState=8},
    {type="keyframe",time=0.400000,cframe=CFrame.new(2502.379150,2503.500000,2486.228271,0.930807,0.000000,-0.365510,-0.000000,1.000000,0.000000,0.365510,-0.000000,0.930807),velocity=Vector3.new(7.310205, 0.000000, -18.616146),slideActive=false,wallhopFlick=false,humanoidState=8},
    {type="keyframe",time=0.404167,cframe=CFrame.new(2502.409668,2503.500000,2486.150635,0.930807,0.000000,-0.365510,-0.000000,1.000000,0.000000,0.365510,-0.000000,0.930807),velocity=Vector3.new(7.310205, 0.000000, -18.616146),slideActive=false,wallhopFlick=false,humanoidState=8},
    {type="keyframe",time=0.408333,cframe=CFrame.new(2502.440186,2503.500000,2486.072998,0.930807,0.000000,-0.365510,-0.000000,1.000000,0.000000,0.365510,-0.000000,0.930807),velocity=Vector3.new(7.310205, 0.000000, -18.616146),slideActive=false,wallhopFlick=false,humanoidState=8},
    {type="keyframe",time=0.412500,cframe=CFrame.new(2502.470703,2503.500000,2485.995361,0.930807,0.000000,-0.365510,-0.000000,1.000000,0.000000,0.365510,-0.000000,0.930807),velocity=Vector3.new(7.310205, 0.000000, -18.616146),slideActive=false,wallhopFlick=false,humanoidState=8},
    {type="keyframe",time=0.416667,cframe=CFrame.new(2502.501221,2503.500000,2485.917725,0.930807,0.000000,-0.365510,-0.000000,1.000000,0.000000,0.365510,-0.000000,0.930807),velocity=Vector3.new(7.310205, 0.000000, -18.616146),slideActive=false,wallhopFlick=false,humanoidState=8},
    {type="keyframe",time=0.420833,cframe=CFrame.new(2502.531738,2503.500000,2485.840088,0.930807,0.000000,-0.365510,-0.000000,1.000000,0.000000,0.365510,-0.000000,0.930807),velocity=Vector3.new(7.310205, 0.000000, -18.616146),slideActive=false,wallhopFlick=false,humanoidState=8},
    {type="keyframe",time=0.425000,cframe=CFrame.new(2502.562256,2503.500000,2485.762451,0.930807,0.000000,-0.365510,-0.000000,1.000000,0.000000,0.365510,-0.000000,0.930807),velocity=Vector3.new(7.310205, 0.000000, -18.616146),slideActive=false,wallhopFlick=false,humanoidState=8},
    {type="keyframe",time=0.429167,cframe=CFrame.new(2502.592773,2503.500000,2485.684814,0.930807,0.000000,-0.365510,-0.000000,1.000000,0.000000,0.365510,-0.000000,0.930807),velocity=Vector3.new(7.310205, 0.000000, -18.616146),slideActive=false,wallhopFlick=false,humanoidState=8},
    {type="keyframe",time=0.433333,cframe=CFrame.new(2502.623291,2503.500000,2485.607178,0.930807,0.000000,-0.365510,-0.000000,1.000000,0.000000,0.365510,-0.000000,0.930807),velocity=Vector3.new(7.310205, 0.000000, -18.616146),slideActive=false,wallhopFlick=false,humanoidState=8},
    {type="keyframe",time=0.437500,cframe=CFrame.new(2502.653809,2503.500000,2485.529541,0.930807,0.000000,-0.365510,-0.000000,1.000000,0.000000,0.365510,-0.000000,0.930807),velocity=Vector3.new(7.310205, 0.000000, -18.616146),slideActive=false,wallhopFlick=false,humanoidState=8},
    {type="keyframe",time=0.441667,cframe=CFrame.new(2502.684326,2503.500000,2485.451904,0.930807,0.000000,-0.365510,-0.000000,1.000000,0.000000,0.365510,-0.000000,0.930807),velocity=Vector3.new(7.310205, 0.000000, -18.616146),slideActive=false,wallhopFlick=false,humanoidState=8},
    {type="keyframe",time=0.445833,cframe=CFrame.new(2502.714844,2503.500000,2485.374268,0.930807,0.000000,-0.365510,-0.000000,1.000000,0.000000,0.365510,-0.000000,0.930807),velocity=Vector3.new(7.310205, 0.000000, -18.616146),slideActive=false,wallhopFlick=false,humanoidState=8},
    {type="keyframe",time=0.450000,cframe=CFrame.new(2502.745361,2503.500000,2485.296631,0.930807,0.000000,-0.365510,-0.000000,1.000000,0.000000,0.365510,-0.000000,0.930807),velocity=Vector3.new(7.310205, 0.000000, -18.616146),slideActive=false,wallhopFlick=false,humanoidState=8},
    {type="keyframe",time=0.458333,cframe=CFrame.new(2502.775879,2503.500000,2485.218994,0.930807,0.000000,-0.365510,-0.000000,1.000000,0.000000,0.365510,-0.000000,0.930807),velocity=Vector3.new(7.310205, 0.000000, -18.616146),slideActive=false,wallhopFlick=false,humanoidState=8},
    {type="keyframe",time=0.462500,cframe=CFrame.new(2502.836914,2503.500000,2485.063721,0.930807,0.000000,-0.365510,-0.000000,1.000000,0.000000,0.365510,-0.000000,0.930807),velocity=Vector3.new(7.310205, 0.000000, -18.616146),slideActive=false,wallhopFlick=false,humanoidState=8},
    {type="keyframe",time=0.466667,cframe=CFrame.new(2502.867432,2503.500000,2484.986084,0.930807,0.000000,-0.365510,-0.000000,1.000000,0.000000,0.365510,-0.000000,0.930807),velocity=Vector3.new(7.310205, 0.000000, -18.616146),slideActive=false,wallhopFlick=false,humanoidState=8},
    {type="keyframe",time=0.470833,cframe=CFrame.new(2502.897949,2503.500000,2484.908447,0.930807,0.000000,-0.365510,-0.000000,1.000000,0.000000,0.365510,-0.000000,0.930807),velocity=Vector3.new(7.310205, 0.000000, -18.616146),slideActive=false,wallhopFlick=false,humanoidState=8},
    {type="keyframe",time=0.479167,cframe=CFrame.new(2502.928467,2503.500000,2484.830811,0.930807,0.000000,-0.365510,-0.000000,1.000000,0.000000,0.365510,-0.000000,0.930807),velocity=Vector3.new(7.310205, 0.000000, -18.616146),slideActive=false,wallhopFlick=false,humanoidState=8},
    {type="keyframe",time=0.487500,cframe=CFrame.new(2502.989502,2503.500000,2484.675537,0.930807,0.000000,-0.365510,-0.000000,1.000000,0.000000,0.365510,-0.000000,0.930807),velocity=Vector3.new(7.310205, 0.000000, -18.616146),slideActive=false,wallhopFlick=false,humanoidState=8},
    {type="keyframe",time=0.491667,cframe=CFrame.new(2503.050537,2503.500000,2484.520264,0.930807,0.000000,-0.365510,-0.000000,1.000000,0.000000,0.365510,-0.000000,0.930807),velocity=Vector3.new(7.310205, 0.000000, -18.616146),slideActive=false,wallhopFlick=false,humanoidState=8},
    {type="keyframe",time=0.495833,cframe=CFrame.new(2503.081055,2503.500000,2484.442627,0.930807,0.000000,-0.365510,-0.000000,1.000000,0.000000,0.365510,-0.000000,0.930807),velocity=Vector3.new(7.310205, 0.000000, -18.616146),slideActive=false,wallhopFlick=false,humanoidState=8},
    {type="keyframe",time=0.500000,cframe=CFrame.new(2503.111572,2503.500000,2484.364990,0.930807,0.000000,-0.365510,-0.000000,1.000000,0.000000,0.365510,-0.000000,0.930807),velocity=Vector3.new(7.310205, 0.000000, -18.616146),slideActive=false,wallhopFlick=false,humanoidState=8},
    {type="keyframe",time=0.504167,cframe=CFrame.new(2503.142090,2503.500000,2484.287354,0.930807,0.000000,-0.365510,-0.000000,1.000000,0.000000,0.365510,-0.000000,0.930807),velocity=Vector3.new(7.310205, 0.000000, -18.616146),slideActive=false,wallhopFlick=false,humanoidState=8},
    {type="keyframe",time=0.512500,cframe=CFrame.new(2503.172607,2503.500000,2484.209717,0.930807,0.000000,-0.365510,-0.000000,1.000000,0.000000,0.365510,-0.000000,0.930807),velocity=Vector3.new(7.310205, 0.000000, -18.616146),slideActive=false,wallhopFlick=false,humanoidState=8},
    {type="keyframe",time=0.516667,cframe=CFrame.new(2503.233643,2503.500000,2484.054443,0.930807,0.000000,-0.365510,-0.000000,1.000000,0.000000,0.365510,-0.000000,0.930807),velocity=Vector3.new(7.310205, 0.000000, -18.616146),slideActive=false,wallhopFlick=false,humanoidState=8},
    {type="keyframe",time=0.520833,cframe=CFrame.new(2503.264160,2503.500000,2483.976807,0.930807,0.000000,-0.365510,-0.000000,1.000000,0.000000,0.365510,-0.000000,0.930807),velocity=Vector3.new(7.310205, 0.000000, -18.616146),slideActive=false,wallhopFlick=false,humanoidState=8},
    {type="keyframe",time=0.529167,cframe=CFrame.new(2503.294678,2503.500000,2483.899170,0.930807,0.000000,-0.365510,-0.000000,1.000000,0.000000,0.365510,-0.000000,0.930807),velocity=Vector3.new(7.310205, 0.000000, -18.616146),slideActive=false,wallhopFlick=false,humanoidState=8},
    {type="keyframe",time=0.537500,cframe=CFrame.new(2503.355713,2503.500000,2483.743896,0.930807,0.000000,-0.365510,-0.000000,1.000000,0.000000,0.365510,-0.000000,0.930807),velocity=Vector3.new(7.310205, 0.000000, -18.616146),slideActive=false,wallhopFlick=false,humanoidState=8},
    {type="keyframe",time=0.541667,cframe=CFrame.new(2503.416748,2503.500000,2483.588623,0.930807,0.000000,-0.365510,-0.000000,1.000000,0.000000,0.365510,-0.000000,0.930807),velocity=Vector3.new(7.310205, 0.000000, -18.616146),slideActive=false,wallhopFlick=false,humanoidState=8},
    {type="keyframe",time=0.545833,cframe=CFrame.new(2503.447266,2503.500000,2483.510986,0.930807,0.000000,-0.365510,-0.000000,1.000000,0.000000,0.365510,-0.000000,0.930807),velocity=Vector3.new(7.310205, 0.000000, -18.616146),slideActive=false,wallhopFlick=false,humanoidState=8},
    {type="keyframe",time=0.550000,cframe=CFrame.new(2503.477783,2503.500000,2483.433350,0.930807,0.000000,-0.365510,-0.000000,1.000000,0.000000,0.365510,-0.000000,0.930807),velocity=Vector3.new(7.310205, 0.000000, -18.616146),slideActive=false,wallhopFlick=false,humanoidState=8},
    {type="keyframe",time=0.554167,cframe=CFrame.new(2503.508301,2503.500000,2483.355713,0.930807,0.000000,-0.365510,-0.000000,1.000000,0.000000,0.365510,-0.000000,0.930807),velocity=Vector3.new(7.310205, 0.000000, -18.616146),slideActive=false,wallhopFlick=false,humanoidState=8},
    {type="keyframe",time=0.558333,cframe=CFrame.new(2503.538818,2503.500000,2483.278076,0.930807,0.000000,-0.365510,-0.000000,1.000000,0.000000,0.365510,-0.000000,0.930807),velocity=Vector3.new(7.310205, 0.000000, -18.616146),slideActive=false,wallhopFlick=false,humanoidState=8},
    {type="keyframe",time=0.562500,cframe=CFrame.new(2503.569336,2503.500000,2483.200439,0.932125,0.000000,-0.362138,-0.000000,1.000000,0.000000,0.362138,-0.000000,0.932125),velocity=Vector3.new(7.310205, 0.000000, -18.616146),slideActive=false,wallhopFlick=false,humanoidState=8},
    {type="keyframe",time=0.566667,cframe=CFrame.new(2503.599854,2503.500000,2483.122803,0.932125,0.000000,-0.362138,-0.000000,1.000000,0.000000,0.362138,-0.000000,0.932125),velocity=Vector3.new(7.310205, 0.000000, -18.616146),slideActive=false,wallhopFlick=false,humanoidState=8},
    {type="keyframe",time=0.570833,cframe=CFrame.new(2503.630127,2503.500000,2483.045166,0.933436,0.000000,-0.358744,-0.000000,1.000000,0.000000,0.358744,-0.000000,0.933436),velocity=Vector3.new(7.268049, 0.000000, -18.632612),slideActive=false,wallhopFlick=false,humanoidState=8},
    {type="keyframe",time=0.575000,cframe=CFrame.new(2503.660400,2503.500000,2482.967529,0.933436,0.000000,-0.358744,-0.000000,1.000000,0.000000,0.358744,-0.000000,0.933436),velocity=Vector3.new(7.252241, 0.000000, -18.638786),slideActive=false,wallhopFlick=false,humanoidState=8},
    {type="keyframe",time=0.579167,cframe=CFrame.new(2503.690430,2503.500000,2482.889893,0.934734,0.000000,-0.355348,-0.000000,1.000000,0.000000,0.355348,-0.000000,0.934734),velocity=Vector3.new(7.203892, 0.000000, -18.657494),slideActive=false,wallhopFlick=false,humanoidState=8},
    {type="keyframe",time=0.583333,cframe=CFrame.new(2503.720459,2503.500000,2482.812012,0.934734,0.000000,-0.355348,-0.000000,1.000000,0.000000,0.355348,-0.000000,0.934734),velocity=Vector3.new(7.185761, 0.000000, -18.664509),slideActive=false,wallhopFlick=false,humanoidState=8},
    {type="keyframe",time=0.587500,cframe=CFrame.new(2503.750244,2503.500000,2482.734131,0.934734,0.000000,-0.355348,-0.000000,1.000000,0.000000,0.355348,-0.000000,0.934734),velocity=Vector3.new(7.136516, 0.000000, -18.683365),slideActive=false,wallhopFlick=false,humanoidState=8},
    {type="keyframe",time=0.591667,cframe=CFrame.new(2503.779785,2503.500000,2482.656250,0.934734,0.000000,-0.355348,-0.000000,1.000000,0.000000,0.355348,-0.000000,0.934734),velocity=Vector3.new(7.118048, 0.000000, -18.690437),slideActive=false,wallhopFlick=false,humanoidState=8},
    {type="keyframe",time=0.595833,cframe=CFrame.new(2503.809326,2503.500000,2482.578369,0.936018,0.000000,-0.351951,-0.000000,1.000000,0.000000,0.351951,-0.000000,0.936018),velocity=Vector3.new(7.111123, 0.000000, -18.693089),slideActive=false,wallhopFlick=false,humanoidState=8},
    {type="keyframe",time=0.600000,cframe=CFrame.new(2503.838867,2503.500000,2482.500488,0.936018,0.000000,-0.351951,-0.000000,1.000000,0.000000,0.351951,-0.000000,0.936018),velocity=Vector3.new(7.108526, 0.000000, -18.694082),slideActive=false,wallhopFlick=false,humanoidState=8},
    {type="keyframe",time=0.604167,cframe=CFrame.new(2503.868408,2503.500000,2482.422607,0.936018,0.000000,-0.351951,-0.000000,1.000000,0.000000,0.351951,-0.000000,0.936018),velocity=Vector3.new(7.065084, 0.000000, -18.710512),slideActive=false,wallhopFlick=false,humanoidState=8},
    {type="keyframe",time=0.608333,cframe=CFrame.new(2503.897705,2503.500000,2482.344727,0.936018,0.000000,-0.351951,-0.000000,1.000000,0.000000,0.351951,-0.000000,0.936018),velocity=Vector3.new(7.048792, 0.000000, -18.716673),slideActive=false,wallhopFlick=false,humanoidState=8},
    {type="keyframe",time=0.612500,cframe=CFrame.new(2503.927002,2503.500000,2482.266846,0.937291,0.000000,-0.348549,-0.000000,1.000000,0.000000,0.348549,-0.000000,0.937291),velocity=Vector3.new(7.042683, 0.000000, -18.718983),slideActive=false,wallhopFlick=false,humanoidState=8},
    {type="keyframe",time=0.616667,cframe=CFrame.new(2503.956299,2503.500000,2482.188965,0.937291,0.000000,-0.348549,-0.000000,1.000000,0.000000,0.348549,-0.000000,0.937291),velocity=Vector3.new(7.040392, 0.000000, -18.719849),slideActive=false,wallhopFlick=false,humanoidState=8},
    {type="keyframe",time=0.620833,cframe=CFrame.new(2503.985352,2503.500000,2482.110840,0.937291,0.000000,-0.348549,-0.000000,1.000000,0.000000,0.348549,-0.000000,0.937291),velocity=Vector3.new(6.997007, 0.000000, -18.736076),slideActive=false,wallhopFlick=false,humanoidState=8},
    {type="keyframe",time=0.625000,cframe=CFrame.new(2504.014404,2503.500000,2482.032715,0.937291,0.000000,-0.348549,-0.000000,1.000000,0.000000,0.348549,-0.000000,0.937291),velocity=Vector3.new(6.980737, 0.000000, -18.742163),slideActive=false,wallhopFlick=false,humanoidState=8},
    {type="keyframe",time=0.629167,cframe=CFrame.new(2504.043457,2503.500000,2481.954590,0.937291,0.000000,-0.348549,-0.000000,1.000000,0.000000,0.348549,-0.000000,0.937291),velocity=Vector3.new(6.974636, 0.000000, -18.744444),slideActive=false,wallhopFlick=false,humanoidState=8},
    {type="keyframe",time=0.637500,cframe=CFrame.new(2504.072510,2503.500000,2481.876465,0.937291,0.000000,-0.348549,-0.000000,1.000000,0.000000,0.348549,-0.000000,0.937291),velocity=Vector3.new(6.972348, 0.000000, -18.745300),slideActive=false,wallhopFlick=false,humanoidState=8},
    {type="keyframe",time=0.641667,cframe=CFrame.new(2504.130615,2503.500000,2481.720215,0.937291,0.000000,-0.348549,-0.000000,1.000000,0.000000,0.348549,-0.000000,0.937291),velocity=Vector3.new(6.971169, 0.000000, -18.745741),slideActive=false,wallhopFlick=false,humanoidState=8},
    {type="keyframe",time=0.645833,cframe=CFrame.new(2504.159668,2503.500000,2481.642090,0.937291,0.000000,-0.348549,-0.000000,1.000000,0.000000,0.348549,-0.000000,0.937291),velocity=Vector3.new(6.971048, 0.000000, -18.745787),slideActive=false,wallhopFlick=false,humanoidState=8},
    {type="keyframe",time=0.650000,cframe=CFrame.new(2504.188721,2503.500000,2481.563965,0.937293,0.000000,-0.348543,-0.000000,1.000000,0.000000,0.348543,-0.000000,0.937293),velocity=Vector3.new(6.971003, 0.000000, -18.745804),slideActive=false,wallhopFlick=false,humanoidState=8},
    {type="keyframe",time=0.654167,cframe=CFrame.new(2504.217773,2503.500000,2481.485840,0.937293,0.000000,-0.348543,-0.000000,1.000000,0.000000,0.348543,-0.000000,0.937293),velocity=Vector3.new(6.970985, 0.000000, -18.745810),slideActive=false,wallhopFlick=false,humanoidState=8},
