return {
    {type="keyframe",time=0.004167,cframe=CFrame.new(2495.070068,2503.499268,2493.642090,0.998659,0.000000,0.051768,-0.000000,1.000000,0.000000,-0.051768,-0.000000,0.998659),velocity=Vector3.new(0.000000, 0.019975, -0.000000),slideActive=false,wallhopFlick=false,humanoidState=8},
    {type="keyframe",time=0.008333,cframe=CFrame.new(2495.070068,2503.499268,2493.642090,0.998659,0.000000,0.051768,-0.000000,1.000000,0.000000,-0.051768,-0.000000,0.998659),velocity=Vector3.new(0.000000, 0.019975, -0.000000),slideActive=false,wallhopFlick=false,humanoidState=8},
    {type="keyframe",time=0.012500,cframe=CFrame.new(2495.070068,2503.499268,2493.642090,0.998659,0.000000,0.051768,-0.000000,1.000000,-0.000000,-0.051768,0.000000,0.998659),velocity=Vector3.new(0.000000, 0.019975, -0.000000),slideActive=false,wallhopFlick=false,humanoidState=8},
    {type="keyframe",time=0.016667,cframe=CFrame.new(2495.070068,2503.499268,2493.642090,0.998659,-0.000000,0.051768,0.000000,1.000000,-0.000000,-0.051768,0.000000,0.998659),velocity=Vector3.new(0.000000, 0.019975, -0.000000),slideActive=false,wallhopFlick=false,humanoidState=8},
    {type="keyframe",time=0.020833,cframe=CFrame.new(2495.070068,2503.499268,2493.642090,0.998659,-0.000000,0.051768,0.000000,1.000000,-0.000000,-0.051768,0.000000,0.998659),velocity=Vector3.new(0.000000, 0.019975, -0.000000),slideActive=false,wallhopFlick=false,humanoidState=8},
    {type="keyframe",time=0.029167,cframe=CFrame.new(2495.070068,2503.499268,2493.642090,0.998659,-0.000000,0.051768,0.000000,1.000000,-0.000000,-0.051768,0.000000,0.998659),velocity=Vector3.new(0.000000, 0.019975, -0.000000),slideActive=false,wallhopFlick=false,humanoidState=8},
    {type="keyframe",time=0.033333,cframe=CFrame.new(2495.070068,2503.499268,2493.642090,0.998659,-0.000000,0.051768,0.000000,1.000000,-0.000000,-0.051768,0.000000,0.998659),velocity=Vector3.new(0.000000, 0.019975, -0.000000),slideActive=false,wallhopFlick=false,humanoidState=8},
    {type="keyframe",time=0.037500,cframe=CFrame.new(2495.070068,2503.499268,2493.642090,0.998659,-0.000000,0.051768,0.000000,1.000000,-0.000000,-0.051768,0.000000,0.998659),velocity=Vector3.new(0.000000, 0.019975, -0.000000),slideActive=false,wallhopFlick=false,humanoidState=8},
    {type="keyframe",time=0.045833,cframe=CFrame.new(2495.070068,2503.499268,2493.642090,0.996436,0.000000,0.084348,0.000000,1.000000,0.000000,-0.084348,0.000000,0.996436),velocity=Vector3.new(0.000000, 0.019975, -0.000000),slideActive=false,wallhopFlick=false,humanoidState=8},
    {type="keyframe",time=0.050000,cframe=CFrame.new(2495.067383,2503.499268,2493.609863,0.996436,-0.000000,0.084348,0.000000,1.000000,-0.000000,-0.084348,0.000000,0.996436),velocity=Vector3.new(-0.434535, 0.019975, -5.131886),slideActive=false,wallhopFlick=false,humanoidState=8},
    {type="keyframe",time=0.054167,cframe=CFrame.new(2495.064697,2503.499268,2493.577881,0.996436,-0.000000,0.084348,0.000000,1.000000,-0.000000,-0.084348,0.000000,0.996436),velocity=Vector3.new(-0.651760, 0.019975, -7.697833),slideActive=false,wallhopFlick=false,humanoidState=8},
    {type="keyframe",time=0.058333,cframe=CFrame.new(2495.061035,2503.499268,2493.535156,0.996436,-0.000000,0.084348,0.000000,1.000000,-0.000000,-0.084348,0.000000,0.996436),velocity=Vector3.new(-0.868985, 0.019975, -10.263780),slideActive=false,wallhopFlick=false,humanoidState=8},
    {type="keyframe",time=0.062500,cframe=CFrame.new(2495.056396,2503.499268,2493.481689,0.996436,-0.000000,0.084348,0.000000,1.000000,-0.000000,-0.084348,0.000000,0.996436),velocity=Vector3.new(-1.086210, 0.019975, -12.829726),slideActive=false,wallhopFlick=false,humanoidState=8},
    {type="keyframe",time=0.070833,cframe=CFrame.new(2495.051025,2503.499268,2493.417480,0.996436,-0.000000,0.084352,0.000000,1.000000,-0.000000,-0.084352,0.000000,0.996436),velocity=Vector3.new(-1.303346, 0.019975, -15.395680),slideActive=false,wallhopFlick=false,humanoidState=8},
    {type="keyframe",time=0.075000,cframe=CFrame.new(2495.037842,2503.499268,2493.262451,0.996436,-0.000000,0.084352,0.000000,1.000000,-0.000000,-0.084352,0.000000,0.996436),velocity=Vector3.new(-1.624354, 0.019975, -19.191082),slideActive=false,wallhopFlick=false,humanoidState=8},
    {type="keyframe",time=0.079167,cframe=CFrame.new(2495.031006,2503.499268,2493.180664,0.996436,-0.000000,0.084352,0.000000,1.000000,-0.000000,-0.084352,0.000000,0.996436),velocity=Vector3.new(-1.663348, 0.019975, -19.652122),slideActive=false,wallhopFlick=false,humanoidState=8},
    {type="keyframe",time=0.083333,cframe=CFrame.new(2495.023926,2503.499268,2493.098145,0.996436,-0.000000,0.084352,0.000000,1.000000,-0.000000,-0.084352,0.000000,0.996436),velocity=Vector3.new(-1.677971, 0.019975, -19.825012),slideActive=false,wallhopFlick=false,humanoidState=8},
    {type="keyframe",time=0.087500,cframe=CFrame.new(2495.016846,2503.499268,2493.015381,0.996436,-0.000000,0.084352,0.000000,1.000000,-0.000000,-0.084352,0.000000,0.996436),velocity=Vector3.new(-1.683454, 0.019975, -19.889845),slideActive=false,wallhopFlick=false,humanoidState=8},
    {type="keyframe",time=0.091667,cframe=CFrame.new(2495.009766,2503.499268,2492.932373,0.996436,-0.000000,0.084352,0.000000,1.000000,-0.000000,-0.084352,0.000000,0.996436),velocity=Vector3.new(-1.685510, 0.019975, -19.914158),slideActive=false,wallhopFlick=false,humanoidState=8},
    {type="keyframe",time=0.095833,cframe=CFrame.new(2495.002686,2503.499268,2492.849365,0.996436,-0.000000,0.084352,0.000000,1.000000,-0.000000,-0.084352,0.000000,0.996436),velocity=Vector3.new(-1.686282, 0.019975, -19.923275),slideActive=false,wallhopFlick=false,humanoidState=8},
    {type="keyframe",time=0.100000,cframe=CFrame.new(2494.995605,2503.499268,2492.766357,0.996436,-0.000000,0.084352,0.000000,1.000000,-0.000000,-0.084352,0.000000,0.996436),velocity=Vector3.new(-1.686571, 0.019975, -19.926693),slideActive=false,wallhopFlick=false,humanoidState=8},
    {type="keyframe",time=0.104167,cframe=CFrame.new(2494.988525,2503.500732,2492.683350,0.996436,-0.000000,0.084352,0.000000,1.000000,-0.000000,-0.084352,0.000000,0.996436),velocity=Vector3.new(-1.686679, 0.334306, -19.927975),slideActive=false,wallhopFlick=false,humanoidState=8},
    {type="keyframe",time=0.108333,cframe=CFrame.new(2494.981445,2503.502686,2492.600342,0.996436,-0.000000,0.084352,0.000000,1.000000,-0.000000,-0.084352,0.000000,0.996436),velocity=Vector3.new(-1.686720, 0.486258, -19.928455),slideActive=false,wallhopFlick=false,humanoidState=8},
    {type="keyframe",time=0.112500,cframe=CFrame.new(2494.974365,2503.504883,2492.517334,0.996439,-0.000000,0.084319,0.000000,1.000000,-0.000000,-0.084319,0.000000,0.996439),velocity=Vector3.new(-1.686735, 0.544152, -19.928637),slideActive=false,wallhopFlick=false,humanoidState=8},
    {type="keyframe",time=0.116667,cframe=CFrame.new(2494.967285,2503.507080,2492.434326,0.996439,-0.000000,0.084319,0.000000,1.000000,-0.000000,-0.084319,0.000000,0.996439),velocity=Vector3.new(-1.686741, 0.548045, -19.928705),slideActive=false,wallhopFlick=false,humanoidState=8},
    {type="keyframe",time=0.120833,cframe=CFrame.new(2494.960205,2503.509277,2492.351318,0.996439,-0.000000,0.084319,0.000000,1.000000,-0.000000,-0.084319,0.000000,0.996439),velocity=Vector3.new(-1.686619, 0.522687, -19.928741),slideActive=false,wallhopFlick=false,humanoidState=8},
    {type="keyframe",time=0.125000,cframe=CFrame.new(2494.953125,2503.512695,2492.268311,0.996439,-0.000000,0.084319,0.000000,1.000000,-0.000000,-0.084319,0.000000,0.996439),velocity=Vector3.new(-1.686573, 0.792766, -19.928755),slideActive=false,wallhopFlick=false,humanoidState=8},
    {type="keyframe",time=0.129167,cframe=CFrame.new(2494.946045,2503.501465,2492.185303,0.996439,-0.000000,0.084319,0.000000,1.000000,-0.000000,-0.084319,0.000000,0.996439),velocity=Vector3.new(-1.685613, -2.707792, -19.917622),slideActive=false,wallhopFlick=false,humanoidState=8},
    {type="keyframe",time=0.133333,cframe=CFrame.new(2494.938965,2503.483154,2492.102295,0.996439,-0.000000,0.084319,0.000000,1.000000,-0.000000,-0.084319,0.000000,0.996439),velocity=Vector3.new(-1.685254, -4.417770, -19.913446),slideActive=false,wallhopFlick=false,humanoidState=8},
    {type="keyframe",time=0.137500,cframe=CFrame.new(2494.931885,2503.461426,2492.019287,0.996439,-0.000000,0.084319,0.000000,1.000000,-0.000000,-0.084319,0.000000,0.996439),velocity=Vector3.new(-1.685119, -5.235271, -19.911880),slideActive=false,wallhopFlick=false,humanoidState=8},
    {type="keyframe",time=0.141667,cframe=CFrame.new(2494.924805,2503.436279,2491.936279,0.996739,-0.000000,0.080695,0.000000,1.000000,-0.000000,-0.080695,0.000000,0.996739),velocity=Vector3.new(-1.685068, -6.052771, -19.911293),slideActive=false,wallhopFlick=false,humanoidState=8},
    {type="keyframe",time=0.145833,cframe=CFrame.new(2494.917725,2503.407715,2491.853271,0.996739,-0.000000,0.080695,0.000000,1.000000,-0.000000,-0.080695,0.000000,0.996739),velocity=Vector3.new(-1.685049, -6.870271, -19.911074),slideActive=false,wallhopFlick=false,humanoidState=8},
    {type="keyframe",time=0.150000,cframe=CFrame.new(2494.910889,2503.375732,2491.770508,0.996739,-0.000000,0.080695,0.000000,1.000000,0.000000,-0.080695,-0.000000,0.996739),velocity=Vector3.new(-1.636975, -7.687771, -19.881086),slideActive=false,wallhopFlick=false,humanoidState=8},
    {type="keyframe",time=0.154167,cframe=CFrame.new(2494.904053,2503.340332,2491.687744,0.996739,0.000000,0.080695,-0.000000,1.000000,0.000000,-0.080695,-0.000000,0.996739),velocity=Vector3.new(-1.618947, -8.505271, -19.869841),slideActive=false,wallhopFlick=false,humanoidState=8},
    {type="keyframe",time=0.158333,cframe=CFrame.new(2494.897217,2503.301514,2491.604980,0.996739,0.000000,0.080695,-0.000000,1.000000,0.000000,-0.080695,-0.000000,0.996739),velocity=Vector3.new(-1.612186, -9.322771, -19.865623),slideActive=false,wallhopFlick=false,humanoidState=8},
    {type="keyframe",time=0.162500,cframe=CFrame.new(2494.890625,2503.259277,2491.522217,0.996739,0.000000,0.080695,-0.000000,1.000000,0.000000,-0.080695,-0.000000,0.996739),velocity=Vector3.new(-1.609651, -10.140271, -19.864042),slideActive=false,wallhopFlick=false,humanoidState=8},
    {type="keyframe",time=0.166667,cframe=CFrame.new(2494.884033,2503.213623,2491.439453,0.996739,0.000000,0.080695,-0.000000,1.000000,0.000000,-0.080695,-0.000000,0.996739),velocity=Vector3.new(-1.608700, -10.957771, -19.863449),slideActive=false,wallhopFlick=false,humanoidState=8},
    {type="keyframe",time=0.170833,cframe=CFrame.new(2494.877441,2503.164551,2491.356934,0.996739,0.000000,0.080695,-0.000000,1.000000,0.000000,-0.080695,-0.000000,0.996739),velocity=Vector3.new(-1.603738, -11.775271, -19.806337),slideActive=false,wallhopFlick=false,humanoidState=8},
    {type="keyframe",time=0.179167,cframe=CFrame.new(2494.870850,2503.112061,2491.274414,0.997024,0.000000,0.077097,-0.000000,1.000000,0.000000,-0.077097,-0.000000,0.997024),velocity=Vector3.new(-1.601877, -12.592772, -19.784920),slideActive=false,wallhopFlick=false,humanoidState=8},
    {type="keyframe",time=0.183333,cframe=CFrame.new(2494.857910,2502.996826,2491.109375,0.997024,0.000000,0.077097,-0.000000,1.000000,0.000000,-0.077097,-0.000000,0.997024),velocity=Vector3.new(-1.539341, -14.227772, -19.779610),slideActive=false,wallhopFlick=false,humanoidState=8},
    {type="keyframe",time=0.187500,cframe=CFrame.new(2494.851562,2502.934082,2491.026855,0.997024,0.000000,0.077097,-0.000000,1.000000,0.000000,-0.077097,-0.000000,0.997024),velocity=Vector3.new(-1.532946, -15.045272, -19.779066),slideActive=false,wallhopFlick=false,humanoidState=8},
    {type="keyframe",time=0.191667,cframe=CFrame.new(2494.845215,2502.867920,2490.944824,0.997299,0.000000,0.073444,-0.000000,1.000000,0.000000,-0.073444,-0.000000,0.997299),velocity=Vector3.new(-1.524383, -15.862772, -19.699133),slideActive=false,wallhopFlick=false,humanoidState=8},
    {type="keyframe",time=0.195833,cframe=CFrame.new(2494.838867,2502.798340,2490.862793,0.997299,0.000000,0.073444,-0.000000,1.000000,0.000000,-0.073444,-0.000000,0.997299),velocity=Vector3.new(-1.521172, -16.680271, -19.669157),slideActive=false,wallhopFlick=false,humanoidState=8},
    {type="keyframe",time=0.200000,cframe=CFrame.new(2494.832764,2502.725342,2490.780762,0.997560,0.000000,0.069807,-0.000000,1.000000,0.000000,-0.069807,-0.000000,0.997560),velocity=Vector3.new(-1.475264, -17.497770, -19.662401),slideActive=false,wallhopFlick=false,humanoidState=8},
    {type="keyframe",time=0.208333,cframe=CFrame.new(2494.826904,2502.648926,2490.698730,0.997561,0.000000,0.069807,-0.000000,1.000000,0.000000,-0.069807,-0.000000,0.997561),velocity=Vector3.new(-1.413484, -18.315269, -19.664179),slideActive=false,wallhopFlick=false,humanoidState=8},
    {type="keyframe",time=0.216667,cframe=CFrame.new(2494.815430,2502.486084,2490.535889,0.997561,0.000000,0.069807,-0.000000,1.000000,0.000000,-0.069807,-0.000000,0.997561),velocity=Vector3.new(-1.371860, -19.950268, -19.525537),slideActive=false,wallhopFlick=false,humanoidState=8},
    {type="keyframe",time=0.220833,cframe=CFrame.new(2494.804199,2502.353027,2490.373291,0.997561,0.000000,0.069807,-0.000000,1.000000,0.000000,-0.069807,-0.000000,0.997561),velocity=Vector3.new(-1.366007, -11.212586, -19.506042),slideActive=false,wallhopFlick=false,humanoidState=8},
    {type="keyframe",time=0.225000,cframe=CFrame.new(2494.798584,2502.335449,2490.291992,0.997561,0.000000,0.069807,-0.000000,1.000000,0.000000,-0.069807,-0.000000,0.997561),velocity=Vector3.new(-1.365409, -4.204720, -19.504047),slideActive=false,wallhopFlick=false,humanoidState=8},
    {type="keyframe",time=0.229167,cframe=CFrame.new(2494.792969,2502.331299,2490.210693,0.997807,0.000000,0.066194,-0.000000,1.000000,0.000000,-0.066194,-0.000000,0.997807),velocity=Vector3.new(-1.365184, -0.980559, -19.503300),slideActive=false,wallhopFlick=false,humanoidState=8},
    {type="keyframe",time=0.233333,cframe=CFrame.new(2494.787354,2502.335693,2490.129395,0.997807,0.000000,0.066194,-0.000000,1.000000,0.000000,-0.066194,-0.000000,0.997807),velocity=Vector3.new(-1.365100, 1.037467, -19.503019),slideActive=false,wallhopFlick=false,humanoidState=8},
    {type="keyframe",time=0.241667,cframe=CFrame.new(2494.781738,2502.345215,2490.048096,0.997807,0.000000,0.066194,-0.000000,1.000000,0.000000,-0.066194,-0.000000,0.997807),velocity=Vector3.new(-1.321086, 2.295360, -19.507624),slideActive=false,wallhopFlick=false,humanoidState=8},
    {type="keyframe",time=0.245833,cframe=CFrame.new(2494.770996,2502.372803,2489.885498,0.997807,0.000000,0.066194,-0.000000,1.000000,0.000000,-0.066194,-0.000000,0.997807),velocity=Vector3.new(-1.298392, 3.540719, -19.509998),slideActive=false,wallhopFlick=false,humanoidState=8},
    {type="keyframe",time=0.254167,cframe=CFrame.new(2494.765625,2502.388916,2489.804199,0.998040,0.000000,0.062575,-0.000000,1.000000,0.000000,-0.062575,-0.000000,0.998040),velocity=Vector3.new(-1.296071, 3.840497, -19.510242),slideActive=false,wallhopFlick=false,humanoidState=8},
    {type="keyframe",time=0.262500,cframe=CFrame.new(2494.755371,2502.422852,2489.641602,0.998040,0.000000,0.062575,-0.000000,1.000000,0.000000,-0.062575,-0.000000,0.998040),velocity=Vector3.new(-1.234089, 4.114610, -19.516659),slideActive=false,wallhopFlick=false,humanoidState=8},
    {type="keyframe",time=0.266667,cframe=CFrame.new(2494.745117,2502.457764,2489.479004,0.998040,-0.000000,0.062575,0.000000,1.000000,-0.000000,-0.062575,0.000000,0.998040),velocity=Vector3.new(-1.225373, 4.198342, -19.517561),slideActive=false,wallhopFlick=false,humanoidState=8},
    {type="keyframe",time=0.270833,cframe=CFrame.new(2494.739990,2502.475342,2489.397705,0.998040,-0.000000,0.062575,0.000000,1.000000,-0.000000,-0.062575,0.000000,0.998040),velocity=Vector3.new(-1.224481, 4.227227, -19.517653),slideActive=false,wallhopFlick=false,humanoidState=8},
    {type="keyframe",time=0.275000,cframe=CFrame.new(2494.734863,2502.492920,2489.316406,0.998040,-0.000000,0.062575,0.000000,1.000000,-0.000000,-0.062575,0.000000,0.998040),velocity=Vector3.new(-1.224147, 4.242873, -19.517687),slideActive=false,wallhopFlick=false,humanoidState=8},
    {type="keyframe",time=0.279167,cframe=CFrame.new(2494.729736,2502.510742,2489.235107,0.998040,-0.000000,0.062575,0.000000,1.000000,-0.000000,-0.062575,0.000000,0.998040),velocity=Vector3.new(-1.224022, 4.248296, -19.517700),slideActive=false,wallhopFlick=false,humanoidState=8},
    {type="keyframe",time=0.287500,cframe=CFrame.new(2494.724609,2502.528564,2489.153809,0.998261,-0.000000,0.058952,0.000000,1.000000,-0.000000,-0.058952,0.000000,0.998261),velocity=Vector3.new(-1.223975, 4.248182, -19.517704),slideActive=false,wallhopFlick=false,humanoidState=8},
    {type="keyframe",time=0.291667,cframe=CFrame.new(2494.714844,2502.563721,2488.991211,0.998261,-0.000000,0.058952,0.000000,1.000000,-0.000000,-0.058952,0.000000,0.998261),velocity=Vector3.new(-1.163199, 4.220366, -19.523773),slideActive=false,wallhopFlick=false,humanoidState=8},
    {type="keyframe",time=0.295833,cframe=CFrame.new(2494.709961,2502.581299,2488.909912,0.998261,-0.000000,0.058952,0.000000,1.000000,-0.000000,-0.058952,0.000000,0.998261),velocity=Vector3.new(-1.156983, 4.223898, -19.524395),slideActive=false,wallhopFlick=false,humanoidState=8},
    {type="keyframe",time=0.300000,cframe=CFrame.new(2494.705078,2502.598877,2488.828613,0.998261,-0.000000,0.058952,0.000000,1.000000,-0.000000,-0.058952,0.000000,0.998261),velocity=Vector3.new(-1.154652, 4.222759, -19.524628),slideActive=false,wallhopFlick=false,humanoidState=8},
    {type="keyframe",time=0.304167,cframe=CFrame.new(2494.700195,2502.616455,2488.747314,0.998261,-0.000000,0.058952,0.000000,1.000000,-0.000000,-0.058952,0.000000,0.998261),velocity=Vector3.new(-1.153778, 4.222142, -19.524715),slideActive=false,wallhopFlick=false,humanoidState=8},
    {type="keyframe",time=0.308333,cframe=CFrame.new(2494.695312,2502.634033,2488.666016,0.998261,-0.000000,0.058952,0.000000,1.000000,-0.000000,-0.058952,0.000000,0.998261),velocity=Vector3.new(-1.153450, 4.221808, -19.524748),slideActive=false,wallhopFlick=false,humanoidState=8},
    {type="keyframe",time=0.312500,cframe=CFrame.new(2494.690430,2502.651611,2488.584717,0.998261,-0.000000,0.058952,0.000000,1.000000,-0.000000,-0.058952,0.000000,0.998261),velocity=Vector3.new(-1.153327, 4.215524, -19.524759),slideActive=false,wallhopFlick=false,humanoidState=8},
    {type="keyframe",time=0.316667,cframe=CFrame.new(2494.685547,2502.669189,2488.503418,0.998261,-0.000000,0.058952,0.000000,1.000000,-0.000000,-0.058952,0.000000,0.998261),velocity=Vector3.new(-1.153281, 4.209068, -19.524765),slideActive=false,wallhopFlick=false,humanoidState=8},
    {type="keyframe",time=0.320833,cframe=CFrame.new(2494.680664,2502.686768,2488.422119,0.998261,-0.000000,0.058952,0.000000,1.000000,-0.000000,-0.058952,0.000000,0.998261),velocity=Vector3.new(-1.153264, 4.205571, -19.524767),slideActive=false,wallhopFlick=false,humanoidState=8},
    {type="keyframe",time=0.329167,cframe=CFrame.new(2494.675781,2502.704346,2488.340820,0.998261,-0.000000,0.058952,0.000000,1.000000,-0.000000,-0.058952,0.000000,0.998261),velocity=Vector3.new(-1.153257, 4.200625, -19.524767),slideActive=false,wallhopFlick=false,humanoidState=8},
    {type="keyframe",time=0.337500,cframe=CFrame.new(2494.666016,2502.739258,2488.178223,0.998261,-0.000000,0.058952,0.000000,1.000000,-0.000000,-0.058952,0.000000,0.998261),velocity=Vector3.new(-1.153254, 4.178184, -19.524767),slideActive=false,wallhopFlick=false,humanoidState=8},
    {type="keyframe",time=0.341667,cframe=CFrame.new(2494.656250,2502.773926,2488.015625,0.998261,-0.000000,0.058952,0.000000,1.000000,-0.000000,-0.058952,0.000000,0.998261),velocity=Vector3.new(-1.153254, 4.169947, -19.524767),slideActive=false,wallhopFlick=false,humanoidState=8},
    {type="keyframe",time=0.345833,cframe=CFrame.new(2494.651367,2502.791260,2487.934326,0.998261,-0.000000,0.058952,0.000000,1.000000,-0.000000,-0.058952,0.000000,0.998261),velocity=Vector3.new(-1.153253, 4.181329, -19.524767),slideActive=false,wallhopFlick=false,humanoidState=8},
    {type="keyframe",time=0.350000,cframe=CFrame.new(2494.646484,2502.808594,2487.853027,0.998261,-0.000000,0.058952,0.000000,1.000000,-0.000000,-0.058952,0.000000,0.998261),velocity=Vector3.new(-1.153253, 4.187494, -19.524767),slideActive=false,wallhopFlick=false,humanoidState=8},
    {type="keyframe",time=0.354167,cframe=CFrame.new(2494.641602,2502.826172,2487.771729,0.998261,-0.000000,0.058952,0.000000,1.000000,-0.000000,-0.058952,0.000000,0.998261),velocity=Vector3.new(-1.153253, 4.193885, -19.524767),slideActive=false,wallhopFlick=false,humanoidState=8},
    {type="keyframe",time=0.362500,cframe=CFrame.new(2494.636719,2502.843750,2487.690430,0.998261,-0.000000,0.058952,0.000000,1.000000,-0.000000,-0.058952,0.000000,0.998261),velocity=Vector3.new(-1.153253, 4.197347, -19.524767),slideActive=false,wallhopFlick=false,humanoidState=8},
    {type="keyframe",time=0.366667,cframe=CFrame.new(2494.626953,2502.878906,2487.528076,0.998261,-0.000000,0.058952,0.000000,1.000000,-0.000000,-0.058952,0.000000,0.998261),velocity=Vector3.new(-1.150270, 4.201891, -19.474255),slideActive=false,wallhopFlick=false,humanoidState=8},
    {type="keyframe",time=0.370833,cframe=CFrame.new(2494.622070,2502.896484,2487.447021,0.998261,0.000000,0.058952,-0.000000,1.000000,0.000000,-0.058952,-0.000000,0.998261),velocity=Vector3.new(-1.149965, 4.226098, -19.469088),slideActive=false,wallhopFlick=false,humanoidState=8},
    {type="keyframe",time=0.375000,cframe=CFrame.new(2494.617188,2502.914307,2487.365967,0.998261,0.000000,0.058954,-0.000000,1.000000,0.000000,-0.058954,-0.000000,0.998261),velocity=Vector3.new(-1.149850, 4.254468, -19.467150),slideActive=false,wallhopFlick=false,humanoidState=8},
    {type="keyframe",time=0.379167,cframe=CFrame.new(2494.612305,2502.932129,2487.284912,0.998261,0.000000,0.058954,-0.000000,1.000000,0.000000,-0.058954,-0.000000,0.998261),velocity=Vector3.new(-1.149807, 4.278991, -19.466423),slideActive=false,wallhopFlick=false,humanoidState=8},
    {type="keyframe",time=0.383333,cframe=CFrame.new(2494.607422,2502.950195,2487.203857,0.998261,0.000000,0.058954,-0.000000,1.000000,0.000000,-0.058954,-0.000000,0.998261),velocity=Vector3.new(-1.147576, 4.310585, -19.427387),slideActive=false,wallhopFlick=false,humanoidState=8},
    {type="keyframe",time=0.387500,cframe=CFrame.new(2494.602539,2502.968262,2487.123047,0.998261,0.000000,0.058954,-0.000000,1.000000,0.000000,-0.058954,-0.000000,0.998261),velocity=Vector3.new(-1.146740, 4.346008, -19.412748),slideActive=false,wallhopFlick=false,humanoidState=8},
    {type="keyframe",time=0.391667,cframe=CFrame.new(2494.597656,2502.986572,2487.042236,0.998261,0.000000,0.058954,-0.000000,1.000000,0.000000,-0.058954,-0.000000,0.998261),velocity=Vector3.new(-1.146426, 4.386559, -19.407259),slideActive=false,wallhopFlick=false,humanoidState=8},
    {type="keyframe",time=0.400000,cframe=CFrame.new(2494.592773,2503.004883,2486.961426,0.998261,0.000000,0.058954,-0.000000,1.000000,0.000000,-0.058954,-0.000000,0.998261),velocity=Vector3.new(-1.146308, 4.423782, -19.405201),slideActive=false,wallhopFlick=false,humanoidState=8},
    {type="keyframe",time=0.408333,cframe=CFrame.new(2494.583008,2503.041992,2486.799805,0.998261,0.000000,0.058954,-0.000000,1.000000,0.000000,-0.058954,-0.000000,0.998261),velocity=Vector3.new(-1.146248, 4.475338, -19.404139),slideActive=false,wallhopFlick=false,humanoidState=8},
    {type="keyframe",time=0.412500,cframe=CFrame.new(2494.573242,2503.079834,2486.638672,0.998261,0.000000,0.058954,-0.000000,1.000000,0.000000,-0.058954,-0.000000,0.998261),velocity=Vector3.new(-1.142932, 4.579602, -19.348005),slideActive=false,wallhopFlick=false,humanoidState=8},
    {type="keyframe",time=0.416667,cframe=CFrame.new(2494.568359,2503.099121,2486.558105,0.998261,0.000000,0.058954,-0.000000,1.000000,0.000000,-0.058954,-0.000000,0.998261),velocity=Vector3.new(-1.142593, 4.641263, -19.342264),slideActive=false,wallhopFlick=false,humanoidState=8},
    {type="keyframe",time=0.420833,cframe=CFrame.new(2494.563721,2503.118652,2486.477539,0.998261,0.000000,0.058954,-0.000000,1.000000,0.000000,-0.058954,-0.000000,0.998261),velocity=Vector3.new(-1.142466, 4.692972, -19.340111),slideActive=false,wallhopFlick=false,humanoidState=8},
    {type="keyframe",time=0.425000,cframe=CFrame.new(2494.559082,2503.138428,2486.397217,0.998261,0.000000,0.058954,-0.000000,1.000000,0.000000,-0.058954,-0.000000,0.998261),velocity=Vector3.new(-1.139901, 4.745396, -19.296692),slideActive=false,wallhopFlick=false,humanoidState=8},
    {type="keyframe",time=0.429167,cframe=CFrame.new(2494.554443,2503.158447,2486.316895,0.998261,0.000000,0.058954,-0.000000,1.000000,0.000000,-0.058954,-0.000000,0.998261),velocity=Vector3.new(-1.138939, 4.798206, -19.280411),slideActive=false,wallhopFlick=false,humanoidState=8},
    {type="keyframe",time=0.433333,cframe=CFrame.new(2494.549805,2503.178711,2486.236572,0.998261,0.000000,0.058954,-0.000000,1.000000,0.000000,-0.058954,-0.000000,0.998261),velocity=Vector3.new(-1.138578, 4.851225, -19.274305),slideActive=false,wallhopFlick=false,humanoidState=8},
    {type="keyframe",time=0.437500,cframe=CFrame.new(2494.545166,2503.199219,2486.156250,0.998261,0.000000,0.058954,-0.000000,1.000000,0.000000,-0.058954,-0.000000,0.998261),velocity=Vector3.new(-1.138443, 4.895203, -19.272015),slideActive=false,wallhopFlick=false,humanoidState=8},
    {type="keyframe",time=0.441667,cframe=CFrame.new(2494.540527,2503.219727,2486.075928,0.998261,0.000000,0.058954,-0.000000,1.000000,0.000000,-0.058954,-0.000000,0.998261),velocity=Vector3.new(-1.138392, 4.940387, -19.271156),slideActive=false,wallhopFlick=false,humanoidState=8},
    {type="keyframe",time=0.445833,cframe=CFrame.new(2494.535889,2503.240479,2485.995850,0.998261,0.000000,0.058954,-0.000000,1.000000,0.000000,-0.058954,-0.000000,0.998261),velocity=Vector3.new(-1.135748, 4.989275, -19.226393),slideActive=false,wallhopFlick=false,humanoidState=8},
    {type="keyframe",time=0.450000,cframe=CFrame.new(2494.531250,2503.261475,2485.915771,0.998261,0.000000,0.058954,-0.000000,1.000000,0.000000,-0.058954,-0.000000,0.998261),velocity=Vector3.new(-1.134756, 5.043222, -19.209606),slideActive=false,wallhopFlick=false,humanoidState=8},
    {type="keyframe",time=0.458333,cframe=CFrame.new(2494.526611,2503.282715,2485.835693,0.998261,0.000000,0.058954,-0.000000,1.000000,0.000000,-0.058954,-0.000000,0.998261),velocity=Vector3.new(-1.134385, 5.096858, -19.203312),slideActive=false,wallhopFlick=false,humanoidState=8},
    {type="keyframe",time=0.462500,cframe=CFrame.new(2494.517334,2503.325684,2485.675537,0.998261,0.000000,0.058954,-0.000000,1.000000,0.000000,-0.058954,-0.000000,0.998261),velocity=Vector3.new(-1.134193, 5.166824, -19.200066),slideActive=false,wallhopFlick=false,humanoidState=8},
    {type="keyframe",time=0.466667,cframe=CFrame.new(2494.512695,2503.347412,2485.595459,0.998261,0.000000,0.058954,-0.000000,1.000000,0.000000,-0.058954,-0.000000,0.998261),velocity=Vector3.new(-1.134173, 5.218740, -19.199734),slideActive=false,wallhopFlick=false,humanoidState=8},
    {type="keyframe",time=0.470833,cframe=CFrame.new(2494.508057,2503.369385,2485.515381,0.998261,0.000000,0.058954,-0.000000,1.000000,0.000000,-0.058954,-0.000000,0.998261),velocity=Vector3.new(-1.134166, 5.259068, -19.199610),slideActive=false,wallhopFlick=false,humanoidState=8},
    {type="keyframe",time=0.475000,cframe=CFrame.new(2494.503418,2503.391357,2485.435303,0.998258,0.000000,0.058995,-0.000000,1.000000,0.000000,-0.058995,-0.000000,0.998258),velocity=Vector3.new(-1.134163, 5.293120, -19.199564),slideActive=false,wallhopFlick=false,humanoidState=8},
    {type="keyframe",time=0.479167,cframe=CFrame.new(2494.498779,2503.413574,2485.355225,0.998258,-0.000000,0.058995,0.000000,1.000000,-0.000000,-0.058995,0.000000,0.998258),velocity=Vector3.new(-1.134162, 5.323772, -19.199547),slideActive=false,wallhopFlick=false,humanoidState=8},
    {type="keyframe",time=0.483333,cframe=CFrame.new(2494.494141,2503.435791,2485.275146,0.998258,-0.000000,0.058995,0.000000,1.000000,-0.000000,-0.058995,0.000000,0.998258),velocity=Vector3.new(-1.134236, 5.349530, -19.199533),slideActive=false,wallhopFlick=false,humanoidState=8},
    {type="keyframe",time=0.487500,cframe=CFrame.new(2494.489502,2503.458252,2485.195068,0.998258,-0.000000,0.058995,0.000000,1.000000,-0.000000,-0.058995,0.000000,0.998258),velocity=Vector3.new(-1.134264, 5.369586, -19.199528),slideActive=false,wallhopFlick=false,humanoidState=8},
    {type="keyframe",time=0.491667,cframe=CFrame.new(2494.484863,2503.480713,2485.114990,0.998258,-0.000000,0.058995,0.000000,1.000000,-0.000000,-0.058995,0.000000,0.998258),velocity=Vector3.new(-1.134351, 5.386553, -19.199524),slideActive=false,wallhopFlick=false,humanoidState=8},
    {type="keyframe",time=0.495833,cframe=CFrame.new(2494.480225,2503.503174,2485.034912,0.998038,-0.000000,0.062616,0.000000,1.000000,-0.000000,-0.062616,0.000000,0.998038),velocity=Vector3.new(-1.134383, 5.401847, -19.199522),slideActive=false,wallhopFlick=false,humanoidState=8},
    {type="keyframe",time=0.504167,cframe=CFrame.new(2494.475586,2503.525635,2484.954834,0.998038,-0.000000,0.062616,0.000000,1.000000,-0.000000,-0.062616,0.000000,0.998038),velocity=Vector3.new(-1.134395, 5.413183, -19.199520),slideActive=false,wallhopFlick=false,humanoidState=8},
    {type="keyframe",time=0.508333,cframe=CFrame.new(2494.465820,2503.570801,2484.794678,0.998038,-0.000000,0.062616,0.000000,1.000000,-0.000000,-0.062616,0.000000,0.998038),velocity=Vector3.new(-1.194519, 5.413749, -19.196135),slideActive=false,wallhopFlick=false,humanoidState=8},
    {type="keyframe",time=0.512500,cframe=CFrame.new(2494.460693,2503.593506,2484.713867,0.997802,-0.000000,0.066258,0.000000,1.000000,-0.000000,-0.066258,0.000000,0.997802),velocity=Vector3.new(-1.211367, 5.437940, -19.366314),slideActive=false,wallhopFlick=false,humanoidState=8},
    {type="keyframe",time=0.516667,cframe=CFrame.new(2494.455566,2503.615967,2484.632812,0.997802,-0.000000,0.066258,0.000000,1.000000,-0.000000,-0.066258,0.000000,0.997802),velocity=Vector3.new(-1.217685, 5.396112, -19.430130),slideActive=false,wallhopFlick=false,humanoidState=8},
    {type="keyframe",time=0.520833,cframe=CFrame.new(2494.450195,2503.638184,2484.551758,0.997556,-0.000000,0.069870,0.000000,1.000000,-0.000000,-0.069870,0.000000,0.997556),velocity=Vector3.new(-1.264327, 5.327679, -19.451342),slideActive=false,wallhopFlick=false,humanoidState=8},
    {type="keyframe",time=0.529167,cframe=CFrame.new(2494.444824,2503.659912,2484.470703,0.997556,-0.000000,0.069870,0.000000,1.000000,-0.000000,-0.069870,0.000000,0.997556),velocity=Vector3.new(-1.281818, 5.241783, -19.459297),slideActive=false,wallhopFlick=false,humanoidState=8},
    {type="keyframe",time=0.533333,cframe=CFrame.new(2494.433594,2503.702393,2484.308594,0.997294,-0.000000,0.073519,0.000000,1.000000,-0.000000,-0.073519,0.000000,0.997294),velocity=Vector3.new(-1.351707, 5.064768, -19.459452),slideActive=false,wallhopFlick=false,humanoidState=8},
    {type="keyframe",time=0.537500,cframe=CFrame.new(2494.427979,2503.722900,2484.227051,0.997294,-0.000000,0.073519,0.000000,1.000000,-0.000000,-0.073519,0.000000,0.997294),velocity=Vector3.new(-1.368263, 4.931527, -19.593775),slideActive=false,wallhopFlick=false,humanoidState=8},
    {type="keyframe",time=0.541667,cframe=CFrame.new(2494.422119,2503.742920,2484.145264,0.997294,-0.000000,0.073519,0.000000,1.000000,-0.000000,-0.073519,0.000000,0.997294),velocity=Vector3.new(-1.419215, 4.776957, -19.641018),slideActive=false,wallhopFlick=false,humanoidState=8},
    {type="keyframe",time=0.545833,cframe=CFrame.new(2494.416016,2503.762207,2484.063232,0.997021,-0.000000,0.077129,0.000000,1.000000,-0.000000,-0.077129,0.000000,0.997021),velocity=Vector3.new(-1.438322, 4.619989, -19.658735),slideActive=false,wallhopFlick=false,humanoidState=8},
    {type="keyframe",time=0.550000,cframe=CFrame.new(2494.409912,2503.780762,2483.981201,0.997021,-0.000000,0.077129,0.000000,1.000000,-0.000000,-0.077129,0.000000,0.997021),velocity=Vector3.new(-1.445487, 4.470878, -19.665379),slideActive=false,wallhopFlick=false,humanoidState=8},
    {type="keyframe",time=0.554167,cframe=CFrame.new(2494.403564,2503.798828,2483.898926,0.997021,-0.000000,0.077129,0.000000,1.000000,-0.000000,-0.077129,0.000000,0.997021),velocity=Vector3.new(-1.500386, 4.326022, -19.760824),slideActive=false,wallhopFlick=false,humanoidState=8},
    {type="keyframe",time=0.558333,cframe=CFrame.new(2494.397217,2503.816162,2483.816406,0.997021,-0.000000,0.077129,0.000000,1.000000,-0.000000,-0.077129,0.000000,0.997021),velocity=Vector3.new(-1.520974, 4.137696, -19.796618),slideActive=false,wallhopFlick=false,humanoidState=8},
    {type="keyframe",time=0.562500,cframe=CFrame.new(2494.390869,2503.832520,2483.733887,0.996732,-0.000000,0.080781,0.000000,1.000000,-0.000000,-0.080781,0.000000,0.996732),velocity=Vector3.new(-1.528694, 3.938029, -19.810040),slideActive=false,wallhopFlick=false,humanoidState=8},
    {type="keyframe",time=0.566667,cframe=CFrame.new(2494.384521,2503.848145,2483.651367,0.996732,-0.000000,0.080781,0.000000,1.000000,-0.000000,-0.080781,0.000000,0.996732),velocity=Vector3.new(-1.531589, 3.744427, -19.815073),slideActive=false,wallhopFlick=false,humanoidState=8},
    {type="keyframe",time=0.575000,cframe=CFrame.new(2494.377930,2503.863037,2483.568848,0.996732,-0.000000,0.080781,0.000000,1.000000,-0.000000,-0.080781,0.000000,0.996732),velocity=Vector3.new(-1.577776, 3.560214, -19.813431),slideActive=false,wallhopFlick=false,humanoidState=8},
    {type="keyframe",time=0.579167,cframe=CFrame.new(2494.364746,2503.890381,2483.403320,0.996732,-0.000000,0.080781,0.000000,1.000000,-0.000000,-0.080781,0.000000,0.996732),velocity=Vector3.new(-1.607993, 3.155630, -19.891577),slideActive=false,wallhopFlick=false,humanoidState=8},
    {type="keyframe",time=0.583333,cframe=CFrame.new(2494.358154,2503.902588,2483.320312,0.996732,-0.000000,0.080781,0.000000,1.000000,-0.000000,-0.080781,0.000000,0.996732),velocity=Vector3.new(-1.611083, 2.930003, -19.899569),slideActive=false,wallhopFlick=false,humanoidState=8},
    {type="keyframe",time=0.587500,cframe=CFrame.new(2494.351318,2503.913818,2483.237305,0.996732,0.000000,0.080781,-0.000000,1.000000,0.000000,-0.080781,-0.000000,0.996732),velocity=Vector3.new(-1.612242, 2.716235, -19.902565),slideActive=false,wallhopFlick=false,humanoidState=8},
    {type="keyframe",time=0.595833,cframe=CFrame.new(2494.344482,2503.924316,2483.154297,0.996433,0.000000,0.084390,-0.000000,1.000000,0.000000,-0.084390,-0.000000,0.996433),velocity=Vector3.new(-1.612677, 2.521099, -19.903688),slideActive=false,wallhopFlick=false,humanoidState=8},
    {type="keyframe",time=0.604167,cframe=CFrame.new(2494.330566,2503.942383,2482.988281,0.996120,0.000000,0.088001,-0.000000,1.000000,0.000000,-0.088001,-0.000000,0.996120),velocity=Vector3.new(-1.677385, 2.079165, -19.925133),slideActive=false,wallhopFlick=false,humanoidState=8},
    {type="keyframe",time=0.608333,cframe=CFrame.new(2494.316406,2503.957031,2482.822266,0.996120,0.000000,0.088001,-0.000000,1.000000,0.000000,-0.088001,-0.000000,0.996120),velocity=Vector3.new(-1.686484, 1.622708, -19.928148),slideActive=false,wallhopFlick=false,humanoidState=8},
    {type="keyframe",time=0.612500,cframe=CFrame.new(2494.309082,2503.962891,2482.739258,0.996120,0.000000,0.088001,-0.000000,1.000000,0.000000,-0.088001,-0.000000,0.996120),velocity=Vector3.new(-1.732669, 1.416076, -19.924540),slideActive=false,wallhopFlick=false,humanoidState=8},
    {type="keyframe",time=0.620833,cframe=CFrame.new(2494.301758,2503.968018,2482.656250,0.996120,0.000000,0.088001,-0.000000,1.000000,0.000000,-0.088001,-0.000000,0.996120),velocity=Vector3.new(-1.749988, 1.230908, -19.923187),slideActive=false,wallhopFlick=false,humanoidState=8},
    {type="keyframe",time=0.625000,cframe=CFrame.new(2494.287109,2503.976318,2482.490234,0.996120,0.000000,0.088001,-0.000000,1.000000,0.000000,-0.088001,-0.000000,0.996120),velocity=Vector3.new(-1.758918, 0.922548, -19.922489),slideActive=false,wallhopFlick=false,humanoidState=8},
    {type="keyframe",time=0.629167,cframe=CFrame.new(2494.279785,2503.979736,2482.407227,0.996120,0.000000,0.088001,-0.000000,1.000000,0.000000,-0.088001,-0.000000,0.996120),velocity=Vector3.new(-1.759831, 0.795734, -19.922417),slideActive=false,wallhopFlick=false,humanoidState=8},
    {type="keyframe",time=0.633333,cframe=CFrame.new(2494.272461,2503.982666,2482.324219,0.996120,0.000000,0.088001,-0.000000,1.000000,0.000000,-0.088001,-0.000000,0.996120),velocity=Vector3.new(-1.760174, 0.684318, -19.922390),slideActive=false,wallhopFlick=false,humanoidState=8},
    {type="keyframe",time=0.637500,cframe=CFrame.new(2494.265137,2503.985107,2482.241211,0.996120,0.000000,0.088001,-0.000000,1.000000,0.000000,-0.088001,-0.000000,0.996120),velocity=Vector3.new(-1.760302, 0.587347, -19.922380),slideActive=false,wallhopFlick=false,humanoidState=8},
    {type="keyframe",time=0.641667,cframe=CFrame.new(2494.257812,2503.987305,2482.158203,0.996120,0.000000,0.088001,-0.000000,1.000000,0.000000,-0.088001,-0.000000,0.996120),velocity=Vector3.new(-1.760350, 0.504304, -19.922377),slideActive=false,wallhopFlick=false,humanoidState=8},
    {type="keyframe",time=0.645833,cframe=CFrame.new(2494.250488,2503.989014,2482.075195,0.996120,0.000000,0.088001,-0.000000,1.000000,0.000000,-0.088001,-0.000000,0.996120),velocity=Vector3.new(-1.760368, 0.431856, -19.922375),slideActive=false,wallhopFlick=false,humanoidState=8},
    {type="keyframe",time=0.654167,cframe=CFrame.new(2494.243164,2503.990479,2481.992188,0.996120,0.000000,0.088001,-0.000000,1.000000,0.000000,-0.088001,-0.000000,0.996120),velocity=Vector3.new(-1.760375, 0.371251, -19.922375),slideActive=false,wallhopFlick=false,humanoidState=8},
    {type="keyframe",time=0.658333,cframe=CFrame.new(2494.228516,2503.992920,2481.826172,0.996120,0.000000,0.088001,-0.000000,1.000000,0.000000,-0.088001,-0.000000,0.996120),velocity=Vector3.new(-1.760379, 0.277154, -19.922375),slideActive=false,wallhopFlick=false,humanoidState=8},
    {type="keyframe",time=0.666667,cframe=CFrame.new(2494.221191,2503.993896,2481.743164,0.996118,0.000000,0.088025,-0.000000,1.000000,0.000000,-0.088025,-0.000000,0.996118),velocity=Vector3.new(-1.760379, 0.238626, -19.922375),slideActive=false,wallhopFlick=false,humanoidState=8},
    {type="keyframe",time=0.670833,cframe=CFrame.new(2494.206543,2503.995605,2481.577148,0.996117,0.000000,0.088035,-0.000000,1.000000,0.000000,-0.088035,-0.000000,0.996117),velocity=Vector3.new(-1.760379, 0.175426, -19.922375),slideActive=false,wallhopFlick=false,humanoidState=8},
    {type="keyframe",time=0.675000,cframe=CFrame.new(2494.199219,2503.996338,2481.494141,0.996117,0.000000,0.088040,-0.000000,1.000000,0.000000,-0.088040,-0.000000,0.996117),velocity=Vector3.new(-1.760379, 0.149954, -19.922375),slideActive=false,wallhopFlick=false,humanoidState=8},
    {type="keyframe",time=0.679167,cframe=CFrame.new(2494.191895,2503.996826,2481.411133,0.996117,0.000000,0.088045,-0.000000,1.000000,0.000000,-0.088045,-0.000000,0.996117),velocity=Vector3.new(-1.760379, 0.127002, -19.922375),slideActive=false,wallhopFlick=false,humanoidState=8},
    {type="keyframe",time=0.683333,cframe=CFrame.new(2494.184570,2503.997314,2481.328125,0.995790,0.000000,0.091665,-0.000000,1.000000,0.000000,-0.091665,-0.000000,0.995790),velocity=Vector3.new(-1.760379, 0.108465, -19.922375),slideActive=false,wallhopFlick=false,humanoidState=8},
    {type="keyframe",time=0.687500,cframe=CFrame.new(2494.177246,2503.997803,2481.245117,0.995789,0.000000,0.091670,-0.000000,1.000000,0.000000,-0.091670,-0.000000,0.995789),velocity=Vector3.new(-1.760379, 0.092321, -19.922375),slideActive=false,wallhopFlick=false,humanoidState=8},
