return {
    {type="keyframe",time=0.004167,cframe=CFrame.new(2500.891602,2503.510254,2495.835693,0.998544,0.000000,0.053934,-0.000000,1.000000,-0.000000,-0.053934,0.000000,0.998544),velocity=Vector3.new(0.000000, 0.006658, 0.000000),slideActive=false,wallhopFlick=false,humanoidState=8},
    {type="keyframe",time=0.012500,cframe=CFrame.new(2500.891602,2503.510254,2495.835693,0.998544,0.000000,0.053934,-0.000000,1.000000,-0.000000,-0.053934,0.000000,0.998544),velocity=Vector3.new(0.000000, 0.006658, 0.000000),slideActive=false,wallhopFlick=false,humanoidState=8},
    {type="keyframe",time=0.016667,cframe=CFrame.new(2500.891602,2503.510254,2495.835693,0.998544,0.000000,0.053934,-0.000000,1.000000,-0.000000,-0.053934,0.000000,0.998544),velocity=Vector3.new(0.000000, 0.006658, 0.000000),slideActive=false,wallhopFlick=false,humanoidState=8},
    {type="keyframe",time=0.020833,cframe=CFrame.new(2500.891602,2503.510254,2495.835693,0.998544,0.000000,0.053934,-0.000000,1.000000,-0.000000,-0.053934,0.000000,0.998544),velocity=Vector3.new(0.000000, 0.006658, 0.000000),slideActive=false,wallhopFlick=false,humanoidState=8},
    {type="keyframe",time=0.025000,cframe=CFrame.new(2500.891602,2503.510254,2495.835693,0.998544,0.000000,0.053934,-0.000000,1.000000,-0.000000,-0.053934,0.000000,0.998544),velocity=Vector3.new(0.000000, 0.006658, 0.000000),slideActive=false,wallhopFlick=false,humanoidState=8},
    {type="keyframe",time=0.033333,cframe=CFrame.new(2500.891602,2503.510254,2495.835693,0.998544,0.000000,0.053934,-0.000000,1.000000,-0.000000,-0.053934,0.000000,0.998544),velocity=Vector3.new(0.000000, 0.006658, 0.000000),slideActive=false,wallhopFlick=false,humanoidState=8},
    {type="keyframe",time=0.037500,cframe=CFrame.new(2500.891602,2503.510254,2495.835693,-0.185779,0.000000,-0.982592,0.000000,1.000000,-0.000000,0.982592,0.000000,-0.185779),velocity=Vector3.new(0.000000, 0.006658, 0.000000),slideActive=false,wallhopFlick=false,humanoidState=8},
    {type="keyframe",time=0.041667,cframe=CFrame.new(2500.893555,2503.510254,2495.825195,-0.185779,0.000000,-0.982591,0.000000,1.000000,0.000000,0.982591,0.000000,-0.185779),velocity=Vector3.new(0.478405, 0.006658, -2.530296),slideActive=false,wallhopFlick=false,humanoidState=8},
    {type="keyframe",time=0.045833,cframe=CFrame.new(2500.897461,2503.510254,2495.804199,-0.185779,0.000000,-0.982591,0.000000,1.000000,0.000000,0.982591,0.000000,-0.185779),velocity=Vector3.new(0.956811, 0.006658, -5.060592),slideActive=false,wallhopFlick=false,humanoidState=8},
    {type="keyframe",time=0.050000,cframe=CFrame.new(2500.903320,2503.510254,2495.772461,-0.185779,0.000000,-0.982591,0.000000,1.000000,0.000000,0.982591,0.000000,-0.185779),velocity=Vector3.new(1.435216, 0.006658, -7.590888),slideActive=false,wallhopFlick=false,humanoidState=8},
    {type="keyframe",time=0.058333,cframe=CFrame.new(2500.911377,2503.510254,2495.730225,-0.185779,0.000000,-0.982591,0.000000,1.000000,0.000000,0.982591,0.000000,-0.185779),velocity=Vector3.new(1.913622, 0.006658, -10.121184),slideActive=false,wallhopFlick=false,humanoidState=8},
    {type="keyframe",time=0.062500,cframe=CFrame.new(2500.933350,2503.510254,2495.614258,-0.185779,0.000000,-0.982591,0.000000,1.000000,0.000000,0.982591,0.000000,-0.185779),velocity=Vector3.new(2.870433, 0.006658, -15.181776),slideActive=false,wallhopFlick=false,humanoidState=8},
    {type="keyframe",time=0.066667,cframe=CFrame.new(2500.947266,2503.510254,2495.540527,-0.185779,0.000000,-0.982591,0.000000,1.000000,0.000000,0.982591,0.000000,-0.185779),velocity=Vector3.new(3.348838, 0.006658, -17.712072),slideActive=false,wallhopFlick=false,humanoidState=8},
    {type="keyframe",time=0.075000,cframe=CFrame.new(2500.962158,2503.510254,2495.461670,-0.189338,0.000000,-0.981912,0.000000,1.000000,0.000000,0.981912,0.000000,-0.189338),velocity=Vector3.new(3.578058, 0.006658, -18.924419),slideActive=false,wallhopFlick=false,humanoidState=8},
    {type="keyframe",time=0.079167,cframe=CFrame.new(2500.992920,2503.510254,2495.299316,-0.189338,0.000000,-0.981912,0.000000,1.000000,0.000000,0.981912,0.000000,-0.189338),velocity=Vector3.new(3.696249, 0.006658, -19.549538),slideActive=false,wallhopFlick=false,humanoidState=8},
    {type="keyframe",time=0.083333,cframe=CFrame.new(2501.008545,2503.510254,2495.217529,-0.189338,0.000000,-0.981912,0.000000,1.000000,0.000000,0.981912,0.000000,-0.189338),velocity=Vector3.new(3.752816, 0.006658, -19.604977),slideActive=false,wallhopFlick=false,humanoidState=8},
    {type="keyframe",time=0.087500,cframe=CFrame.new(2501.024170,2503.510254,2495.135742,-0.192894,0.000000,-0.981220,0.000000,1.000000,0.000000,0.981220,0.000000,-0.192894),velocity=Vector3.new(3.774029, 0.006658, -19.625767),slideActive=false,wallhopFlick=false,humanoidState=8},
    {type="keyframe",time=0.091667,cframe=CFrame.new(2501.040039,2503.510254,2495.053955,-0.192894,0.000000,-0.981220,0.000000,1.000000,0.000000,0.981220,0.000000,-0.192894),velocity=Vector3.new(3.781984, 0.006658, -19.633564),slideActive=false,wallhopFlick=false,humanoidState=8},
    {type="keyframe",time=0.095833,cframe=CFrame.new(2501.055908,2503.510254,2494.972168,-0.200009,0.000000,-0.979794,0.000000,1.000000,0.000000,0.979794,0.000000,-0.200009),velocity=Vector3.new(3.829415, 0.006658, -19.627832),slideActive=false,wallhopFlick=false,humanoidState=8},
    {type="keyframe",time=0.100000,cframe=CFrame.new(2501.072021,2503.510254,2494.890381,-0.200009,0.000000,-0.979794,0.000000,1.000000,0.000000,0.979794,0.000000,-0.200009),velocity=Vector3.new(3.847201, 0.006658, -19.625683),slideActive=false,wallhopFlick=false,humanoidState=8},
    {type="keyframe",time=0.108333,cframe=CFrame.new(2501.088379,2503.510254,2494.808594,-0.203568,0.000000,-0.979061,0.000000,1.000000,0.000000,0.979061,0.000000,-0.203568),velocity=Vector3.new(3.942810, 0.006658, -19.607058),slideActive=false,wallhopFlick=false,humanoidState=8},
    {type="keyframe",time=0.116667,cframe=CFrame.new(2501.121582,2503.510254,2494.645264,-0.207125,0.000000,-0.978314,0.000000,1.000000,0.000000,0.978314,0.000000,-0.207125),velocity=Vector3.new(3.992109, 0.006658, -19.597454),slideActive=false,wallhopFlick=false,humanoidState=8},
    {type="keyframe",time=0.120833,cframe=CFrame.new(2501.155273,2503.510254,2494.482178,-0.210685,0.000000,-0.977554,0.000000,1.000000,0.000000,0.977554,0.000000,-0.210685),velocity=Vector3.new(4.060220, 0.006658, -19.583498),slideActive=false,wallhopFlick=false,humanoidState=8},
    {type="keyframe",time=0.125000,cframe=CFrame.new(2501.172607,2503.510254,2494.400635,-0.210685,0.000000,-0.977554,0.000000,1.000000,0.000000,0.977554,0.000000,-0.210685),velocity=Vector3.new(4.156147, 0.006658, -19.563236),slideActive=false,wallhopFlick=false,humanoidState=8},
    {type="keyframe",time=0.129167,cframe=CFrame.new(2501.190186,2503.510254,2494.319092,-0.210685,0.000000,-0.977554,0.000000,1.000000,0.000000,0.977554,0.000000,-0.210685),velocity=Vector3.new(4.192119, 0.006658, -19.555637),slideActive=false,wallhopFlick=false,humanoidState=8},
    {type="keyframe",time=0.137500,cframe=CFrame.new(2501.207764,2503.510254,2494.237549,-0.210685,0.000000,-0.977554,0.000000,1.000000,0.000000,0.977554,0.000000,-0.210685),velocity=Vector3.new(4.205608, 0.006658, -19.552788),slideActive=false,wallhopFlick=false,humanoidState=8},
    {type="keyframe",time=0.141667,cframe=CFrame.new(2501.242920,2503.510254,2494.074463,-0.210685,0.000000,-0.977554,0.000000,1.000000,0.000000,0.977554,0.000000,-0.210685),velocity=Vector3.new(4.212564, 0.006658, -19.551319),slideActive=false,wallhopFlick=false,humanoidState=8},
    {type="keyframe",time=0.145833,cframe=CFrame.new(2501.260498,2503.510254,2493.992920,-0.210685,0.000000,-0.977554,0.000000,1.000000,0.000000,0.977554,0.000000,-0.210685),velocity=Vector3.new(4.213275, 0.006658, -19.551168),slideActive=false,wallhopFlick=false,humanoidState=8},
    {type="keyframe",time=0.150000,cframe=CFrame.new(2501.278076,2503.510254,2493.911377,-0.210685,0.000000,-0.977554,0.000000,1.000000,0.000000,0.977554,0.000000,-0.210685),velocity=Vector3.new(4.213542, 0.006658, -19.551113),slideActive=false,wallhopFlick=false,humanoidState=8},
    {type="keyframe",time=0.154167,cframe=CFrame.new(2501.295654,2503.510254,2493.829834,-0.210685,0.000000,-0.977554,0.000000,1.000000,0.000000,0.977554,0.000000,-0.210685),velocity=Vector3.new(4.213642, 0.006658, -19.551092),slideActive=false,wallhopFlick=false,humanoidState=8},
    {type="keyframe",time=0.158333,cframe=CFrame.new(2501.313232,2503.510254,2493.748291,-0.210685,0.000000,-0.977554,0.000000,1.000000,0.000000,0.977554,0.000000,-0.210685),velocity=Vector3.new(4.213680, 0.006658, -19.551085),slideActive=false,wallhopFlick=false,humanoidState=8},
    {type="keyframe",time=0.162500,cframe=CFrame.new(2501.330811,2503.510254,2493.666748,-0.210685,0.000000,-0.977554,0.000000,1.000000,0.000000,0.977554,0.000000,-0.210685),velocity=Vector3.new(4.213694, 0.006658, -19.551081),slideActive=false,wallhopFlick=false,humanoidState=8},
    {type="keyframe",time=0.166667,cframe=CFrame.new(2501.348389,2503.510254,2493.585205,-0.210685,0.000000,-0.977554,0.000000,1.000000,0.000000,0.977554,0.000000,-0.210685),velocity=Vector3.new(4.213699, 0.006658, -19.551079),slideActive=false,wallhopFlick=false,humanoidState=8},
    {type="keyframe",time=0.170833,cframe=CFrame.new(2501.365967,2503.510254,2493.503662,-0.210685,0.000000,-0.977554,0.000000,1.000000,0.000000,0.977554,0.000000,-0.210685),velocity=Vector3.new(4.213701, 0.006658, -19.551079),slideActive=false,wallhopFlick=false,humanoidState=8},
    {type="keyframe",time=0.175000,cframe=CFrame.new(2501.383545,2503.510254,2493.422119,-0.214242,0.000000,-0.976780,0.000000,1.000000,0.000000,0.976780,0.000000,-0.214242),velocity=Vector3.new(4.213702, 0.006658, -19.551079),slideActive=false,wallhopFlick=false,humanoidState=8},
    {type="keyframe",time=0.179167,cframe=CFrame.new(2501.401123,2503.510254,2493.340576,-0.214242,0.000000,-0.976781,0.000000,1.000000,0.000000,0.976781,0.000000,-0.214242),velocity=Vector3.new(4.213702, 0.006658, -19.551079),slideActive=false,wallhopFlick=false,humanoidState=8},
    {type="keyframe",time=0.183333,cframe=CFrame.new(2501.418945,2503.510254,2493.259033,-0.214242,0.000000,-0.976781,0.000000,1.000000,0.000000,0.976781,0.000000,-0.214242),velocity=Vector3.new(4.258169, 0.006658, -19.541410),slideActive=false,wallhopFlick=false,humanoidState=8},
    {type="keyframe",time=0.187500,cframe=CFrame.new(2501.436768,2503.510254,2493.177734,-0.214242,0.000000,-0.976781,0.000000,1.000000,0.000000,0.976781,0.000000,-0.214242),velocity=Vector3.new(4.274843, 0.006658, -19.537785),slideActive=false,wallhopFlick=false,humanoidState=8},
    {type="keyframe",time=0.191667,cframe=CFrame.new(2501.454590,2503.510254,2493.096436,-0.217797,0.000000,-0.975994,0.000000,1.000000,0.000000,0.975994,0.000000,-0.217797),velocity=Vector3.new(4.281096, 0.006658, -19.536427),slideActive=false,wallhopFlick=false,humanoidState=8},
    {type="keyframe",time=0.195833,cframe=CFrame.new(2501.472412,2503.510254,2493.015137,-0.217797,0.000000,-0.975994,0.000000,1.000000,0.000000,0.975994,0.000000,-0.217797),velocity=Vector3.new(4.283442, 0.006658, -19.535915),slideActive=false,wallhopFlick=false,humanoidState=8},
    {type="keyframe",time=0.200000,cframe=CFrame.new(2501.490479,2503.510254,2492.933838,-0.217797,0.000000,-0.975994,0.000000,1.000000,0.000000,0.975994,0.000000,-0.217797),velocity=Vector3.new(4.328751, 0.006658, -19.525896),slideActive=false,wallhopFlick=false,humanoidState=8},
    {type="keyframe",time=0.204167,cframe=CFrame.new(2501.508545,2503.510254,2492.852539,-0.221326,0.000000,-0.975200,0.000000,1.000000,0.000000,0.975200,0.000000,-0.221326),velocity=Vector3.new(4.345742, 0.006658, -19.522139),slideActive=false,wallhopFlick=false,humanoidState=8},
    {type="keyframe",time=0.208333,cframe=CFrame.new(2501.526611,2503.510254,2492.771240,-0.221326,0.000000,-0.975200,0.000000,1.000000,0.000000,0.975200,0.000000,-0.221326),velocity=Vector3.new(4.352114, 0.006658, -19.520729),slideActive=false,wallhopFlick=false,humanoidState=8},
    {type="keyframe",time=0.212500,cframe=CFrame.new(2501.544922,2503.510254,2492.689941,-0.221326,0.000000,-0.975200,0.000000,1.000000,0.000000,0.975200,0.000000,-0.221326),velocity=Vector3.new(4.398622, 0.006658, -19.510271),slideActive=false,wallhopFlick=false,humanoidState=8},
    {type="keyframe",time=0.216667,cframe=CFrame.new(2501.563232,2503.510254,2492.608643,-0.224853,0.000000,-0.974393,0.000000,1.000000,0.000000,0.974393,0.000000,-0.224853),velocity=Vector3.new(4.416063, 0.006658, -19.506350),slideActive=false,wallhopFlick=false,humanoidState=8},
    {type="keyframe",time=0.220833,cframe=CFrame.new(2501.581543,2503.510254,2492.527344,-0.228383,0.000000,-0.973571,0.000000,1.000000,0.000000,0.973571,0.000000,-0.228383),velocity=Vector3.new(4.422603, 0.006658, -19.504879),slideActive=false,wallhopFlick=false,humanoidState=8},
    {type="keyframe",time=0.225000,cframe=CFrame.new(2501.600098,2503.510254,2492.446045,-0.228383,0.000000,-0.973571,0.000000,1.000000,0.000000,0.973571,0.000000,-0.228383),velocity=Vector3.new(4.469139, 0.006658, -19.494238),slideActive=false,wallhopFlick=false,humanoidState=8},
    {type="keyframe",time=0.233333,cframe=CFrame.new(2501.618896,2503.510254,2492.364990,-0.231910,0.000000,-0.972737,0.000000,1.000000,0.000000,0.972737,0.000000,-0.231910),velocity=Vector3.new(4.530717, 0.006658, -19.479980),slideActive=false,wallhopFlick=false,humanoidState=8},
    {type="keyframe",time=0.237500,cframe=CFrame.new(2501.656982,2503.510254,2492.202881,-0.231910,0.000000,-0.972737,0.000000,1.000000,0.000000,0.972737,0.000000,-0.231910),velocity=Vector3.new(4.562469, 0.006658, -19.472630),slideActive=false,wallhopFlick=false,humanoidState=8},
    {type="keyframe",time=0.241667,cframe=CFrame.new(2501.676270,2503.510254,2492.121826,-0.235441,0.000000,-0.971889,0.000000,1.000000,0.000000,0.971889,0.000000,-0.235441),velocity=Vector3.new(4.609807, 0.006658, -19.461451),slideActive=false,wallhopFlick=false,humanoidState=8},
    {type="keyframe",time=0.250000,cframe=CFrame.new(2501.695557,2503.510254,2492.040771,-0.238969,0.000000,-0.971027,0.000000,1.000000,0.000000,0.971027,0.000000,-0.238969),velocity=Vector3.new(4.627558, 0.006658, -19.457258),slideActive=false,wallhopFlick=false,humanoidState=8},
    {type="keyframe",time=0.258333,cframe=CFrame.new(2501.735107,2503.510254,2491.878662,-0.238969,0.000000,-0.971027,0.000000,1.000000,0.000000,0.971027,0.000000,-0.238969),velocity=Vector3.new(4.758032, 0.006658, -19.425705),slideActive=false,wallhopFlick=false,humanoidState=8},
    {type="keyframe",time=0.262500,cframe=CFrame.new(2501.774902,2503.510254,2491.717041,-0.238969,0.000000,-0.971027,0.000000,1.000000,0.000000,0.971027,0.000000,-0.238969),velocity=Vector3.new(4.776380, 0.006658, -19.421268),slideActive=false,wallhopFlick=false,humanoidState=8},
    {type="keyframe",time=0.266667,cframe=CFrame.new(2501.794922,2503.510254,2491.636230,-0.238969,0.000000,-0.971027,0.000000,1.000000,0.000000,0.971027,0.000000,-0.238969),velocity=Vector3.new(4.778257, 0.006658, -19.420815),slideActive=false,wallhopFlick=false,humanoidState=8},
    {type="keyframe",time=0.270833,cframe=CFrame.new(2501.814941,2503.510254,2491.555420,-0.242487,0.000000,-0.970155,0.000000,1.000000,0.000000,0.970155,0.000000,-0.242487),velocity=Vector3.new(4.778961, 0.006658, -19.420645),slideActive=false,wallhopFlick=false,humanoidState=8},
    {type="keyframe",time=0.275000,cframe=CFrame.new(2501.834961,2503.510254,2491.474609,-0.242487,0.000000,-0.970155,0.000000,1.000000,0.000000,0.970155,0.000000,-0.242487),velocity=Vector3.new(4.779224, 0.006658, -19.420580),slideActive=false,wallhopFlick=false,humanoidState=8},
    {type="keyframe",time=0.283333,cframe=CFrame.new(2501.854980,2503.510254,2491.393799,-0.246004,0.000000,-0.969269,0.000000,1.000000,0.000000,0.969269,0.000000,-0.246004),velocity=Vector3.new(4.823291, 0.006658, -19.409653),slideActive=false,wallhopFlick=false,humanoidState=8},
    {type="keyframe",time=0.291667,cframe=CFrame.new(2501.895752,2503.510254,2491.232178,-0.249522,0.000000,-0.968369,0.000000,1.000000,0.000000,0.968369,0.000000,-0.249522),velocity=Vector3.new(4.906464, 0.006658, -19.388792),slideActive=false,wallhopFlick=false,humanoidState=8},
    {type="keyframe",time=0.295833,cframe=CFrame.new(2501.937256,2503.510254,2491.070557,-0.256540,0.000000,-0.966534,0.000000,1.000000,0.000000,0.966534,0.000000,-0.256540),velocity=Vector3.new(4.978556, 0.006658, -19.370413),slideActive=false,wallhopFlick=false,humanoidState=8},
    {type="keyframe",time=0.300000,cframe=CFrame.new(2501.958008,2503.510254,2490.989746,-0.267055,0.000000,-0.963681,0.000000,1.000000,0.000000,0.963681,0.000000,-0.267055),velocity=Vector3.new(4.985929, 0.006658, -19.368532),slideActive=false,wallhopFlick=false,humanoidState=8},
    {type="keyframe",time=0.304167,cframe=CFrame.new(2501.979248,2503.510254,2490.909180,-0.267055,0.000000,-0.963681,0.000000,1.000000,0.000000,0.963681,0.000000,-0.267055),velocity=Vector3.new(5.076462, 0.006658, -19.344873),slideActive=false,wallhopFlick=false,humanoidState=8},
    {type="keyframe",time=0.308333,cframe=CFrame.new(2502.000977,2503.510254,2490.828857,-0.267052,0.000000,-0.963682,0.000000,1.000000,0.000000,0.963682,0.000000,-0.267052),velocity=Vector3.new(5.241951, 0.006658, -19.300320),slideActive=false,wallhopFlick=false,humanoidState=8},
    {type="keyframe",time=0.312500,cframe=CFrame.new(2502.023193,2503.510254,2490.748535,-0.281032,0.000000,-0.959698,0.000000,1.000000,0.000000,0.959698,0.000000,-0.281032),velocity=Vector3.new(5.304008, 0.006658, -19.283611),slideActive=false,wallhopFlick=false,humanoidState=8},
    {type="keyframe",time=0.316667,cframe=CFrame.new(2502.046143,2503.510254,2490.668457,-0.298404,0.000000,-0.954440,0.000000,1.000000,0.000000,0.954440,0.000000,-0.298404),velocity=Vector3.new(5.501723, 0.006658, -19.227636),slideActive=false,wallhopFlick=false,humanoidState=8},
    {type="keyframe",time=0.320833,cframe=CFrame.new(2502.069336,2503.510254,2490.588379,-0.298380,0.000000,-0.954447,0.000000,1.000000,0.000000,0.954447,0.000000,-0.298380),velocity=Vector3.new(5.575866, 0.006658, -19.206646),slideActive=false,wallhopFlick=false,humanoidState=8},
    {type="keyframe",time=0.325000,cframe=CFrame.new(2502.093506,2503.510254,2490.508545,-0.319119,0.000000,-0.947715,0.000000,1.000000,0.000000,0.947715,0.000000,-0.319119),velocity=Vector3.new(5.820813, 0.006658, -19.133045),slideActive=false,wallhopFlick=false,humanoidState=8},
    {type="keyframe",time=0.329167,cframe=CFrame.new(2502.118164,2503.510254,2490.428955,-0.319089,0.000000,-0.947725,0.000000,1.000000,0.000000,0.947725,0.000000,-0.319089),velocity=Vector3.new(5.912669, 0.006658, -19.105446),slideActive=false,wallhopFlick=false,humanoidState=8},
    {type="keyframe",time=0.333333,cframe=CFrame.new(2502.144043,2503.510254,2490.349854,-0.343088,0.000000,-0.939303,0.000000,1.000000,0.000000,0.939303,0.000000,-0.343088),velocity=Vector3.new(6.206012, 0.006658, -19.011053),slideActive=false,wallhopFlick=false,humanoidState=8},
    {type="keyframe",time=0.341667,cframe=CFrame.new(2502.170410,2503.510254,2490.270752,-0.343071,0.000000,-0.939309,0.000000,1.000000,0.000000,0.939309,0.000000,-0.343071),velocity=Vector3.new(6.316015, 0.006658, -18.975655),slideActive=false,wallhopFlick=false,humanoidState=8},
    {type="keyframe",time=0.345833,cframe=CFrame.new(2502.226562,2503.510254,2490.113770,-0.370228,0.000000,-0.928941,0.000000,1.000000,0.000000,0.928941,0.000000,-0.370228),velocity=Vector3.new(6.784914, 0.006658, -18.812763),slideActive=false,wallhopFlick=false,humanoidState=8},
    {type="keyframe",time=0.350000,cframe=CFrame.new(2502.256348,2503.510254,2490.035889,-0.397048,0.000000,-0.917798,0.000000,1.000000,0.000000,0.917798,0.000000,-0.397048),velocity=Vector3.new(7.172173, 0.006658, -18.666557),slideActive=false,wallhopFlick=false,humanoidState=8},
    {type="keyframe",time=0.354167,cframe=CFrame.new(2502.286865,2503.510254,2489.958252,-0.397034,0.000000,-0.917804,0.000000,1.000000,0.000000,0.917804,0.000000,-0.397034),velocity=Vector3.new(7.317394, 0.006658, -18.611731),slideActive=false,wallhopFlick=false,humanoidState=8},
    {type="keyframe",time=0.358333,cframe=CFrame.new(2502.319092,2503.510254,2489.881348,-0.423518,0.000000,-0.905888,0.000000,1.000000,0.000000,0.905888,0.000000,-0.423518),velocity=Vector3.new(7.707149, 0.006658, -18.451860),slideActive=false,wallhopFlick=false,humanoidState=8},
    {type="keyframe",time=0.362500,cframe=CFrame.new(2502.351807,2503.510254,2489.804688,-0.452881,0.000000,-0.891571,0.000000,1.000000,0.000000,0.891571,0.000000,-0.452881),velocity=Vector3.new(7.853306, 0.006658, -18.391911),slideActive=false,wallhopFlick=false,humanoidState=8},
    {type="keyframe",time=0.366667,cframe=CFrame.new(2502.386230,2503.510254,2489.728760,-0.452898,0.000000,-0.891562,0.000000,1.000000,0.000000,0.891562,0.000000,-0.452898),velocity=Vector3.new(8.238999, 0.006658, -18.220547),slideActive=false,wallhopFlick=false,humanoidState=8},
    {type="keyframe",time=0.370833,cframe=CFrame.new(2502.422607,2503.510254,2489.653809,-0.478599,0.000000,-0.878033,0.000000,1.000000,0.000000,0.878033,0.000000,-0.478599),velocity=Vector3.new(8.750899, 0.006658, -17.977209),slideActive=false,wallhopFlick=false,humanoidState=8},
    {type="keyframe",time=0.375000,cframe=CFrame.new(2502.459961,2503.510254,2489.579346,-0.478588,0.000000,-0.878040,0.000000,1.000000,0.000000,0.878040,0.000000,-0.478588),velocity=Vector3.new(8.942862, 0.006658, -17.885958),slideActive=false,wallhopFlick=false,humanoidState=8},
    {type="keyframe",time=0.379167,cframe=CFrame.new(2502.498779,2503.510254,2489.505615,-0.503935,0.000000,-0.863742,0.000000,1.000000,0.000000,0.863742,0.000000,-0.503935),velocity=Vector3.new(9.336235, 0.006658, -17.682560),slideActive=false,wallhopFlick=false,humanoidState=8},
    {type="keyframe",time=0.383333,cframe=CFrame.new(2502.535156,2503.512695,2489.430420,-0.503906,0.000163,-0.863759,-0.000166,1.000000,0.000285,0.863759,0.000287,-0.503906),velocity=Vector3.new(9.483750, 0.006658, -17.606285),slideActive=false,wallhopFlick=false,humanoidState=8},
    {type="keyframe",time=0.387500,cframe=CFrame.new(2502.575684,2503.509766,2489.357666,-0.525715,0.000519,-0.850661,-0.000272,1.000000,0.000778,0.850661,0.000640,-0.525714),velocity=Vector3.new(9.774455, -0.756920, -17.416752),slideActive=false,wallhopFlick=false,humanoidState=8},
    {type="keyframe",time=0.391667,cframe=CFrame.new(2502.610352,2503.513672,2489.281250,-0.525716,0.001023,-0.850660,-0.000590,0.999999,0.001567,0.850660,0.001325,-0.525714),velocity=Vector3.new(9.964278, -0.400843, -17.328245),slideActive=false,wallhopFlick=false,humanoidState=8},
    {type="keyframe",time=0.395833,cframe=CFrame.new(2502.650635,2503.510498,2489.208496,-0.544110,0.001945,-0.839012,-0.000759,0.999996,0.002810,0.839014,0.002166,-0.544106),velocity=Vector3.new(10.118908, -1.087200, -17.176569),slideActive=false,wallhopFlick=false,humanoidState=8},
    {type="keyframe",time=0.400000,cframe=CFrame.new(2502.688477,2503.512695,2489.134033,-0.544106,0.002514,-0.839013,-0.000906,0.999993,0.003584,0.839016,0.002710,-0.544100),velocity=Vector3.new(10.365847, -0.588900, -17.074585),slideActive=false,wallhopFlick=false,humanoidState=8},
    {type="keyframe",time=0.404167,cframe=CFrame.new(2502.731445,2503.516113,2489.062744,-0.559233,0.002407,-0.829007,-0.000814,0.999994,0.003452,0.829010,0.002605,-0.559227),velocity=Vector3.new(10.680524, 0.532453, -16.878412),slideActive=false,wallhopFlick=false,humanoidState=8},
    {type="keyframe",time=0.408333,cframe=CFrame.new(2502.774170,2503.522949,2488.991211,-0.559275,0.002162,-0.828979,-0.000698,0.999995,0.003079,0.828982,0.002301,-0.559271),velocity=Vector3.new(10.798527, 1.158163, -16.804846),slideActive=false,wallhopFlick=false,humanoidState=8},
    {type="keyframe",time=0.416667,cframe=CFrame.new(2502.820068,2503.533203,2488.921875,-0.574212,0.001646,-0.818705,-0.000510,0.999997,0.002369,0.818706,0.001778,-0.574210),velocity=Vector3.new(11.007018, 2.458393, -16.615421),slideActive=false,wallhopFlick=false,humanoidState=8},
    {type="keyframe",time=0.420833,cframe=CFrame.new(2502.912598,2503.560791,2488.784180,-0.586080,0.000730,-0.810253,-0.000208,0.999999,0.001052,0.810253,0.000785,-0.586080),velocity=Vector3.new(11.114521, 3.461269, -16.517750),slideActive=false,wallhopFlick=false,humanoidState=8},
    {type="keyframe",time=0.425000,cframe=CFrame.new(2502.958496,2503.592773,2488.717529,-0.586051,0.000395,-0.810274,-0.000108,1.000000,0.000565,0.810274,0.000419,-0.586051),velocity=Vector3.new(11.025146, 7.654883, -15.971484),slideActive=false,wallhopFlick=false,humanoidState=8},
    {type="keyframe",time=0.433333,cframe=CFrame.new(2503.005859,2503.634766,2488.650635,-0.600652,0.000149,-0.799510,-0.000036,1.000000,0.000213,0.799510,0.000157,-0.600652),velocity=Vector3.new(11.394198, 10.069857, -16.027149),slideActive=false,wallhopFlick=false,humanoidState=8},
    {type="keyframe",time=0.437500,cframe=CFrame.new(2503.102295,2503.729980,2488.516846,-0.615011,-0.000101,-0.788519,0.000030,1.000000,-0.000152,0.788519,-0.000117,-0.615011),velocity=Vector3.new(11.584598, 11.515849, -16.056002),slideActive=false,wallhopFlick=false,humanoidState=8},
    {type="keyframe",time=0.441667,cframe=CFrame.new(2503.152100,2503.778809,2488.451172,-0.615023,-0.000143,-0.788509,0.000039,1.000000,-0.000211,0.788509,-0.000161,-0.615023),velocity=Vector3.new(11.949756, 11.724813, -15.770967),slideActive=false,wallhopFlick=false,humanoidState=8},
    {type="keyframe",time=0.445833,cframe=CFrame.new(2503.202393,2503.851074,2488.385986,-0.632145,-0.000146,-0.774850,0.000040,1.000000,-0.000220,0.774850,-0.000170,-0.632145),velocity=Vector3.new(12.077585, 17.315907, -15.652409),slideActive=false,wallhopFlick=false,humanoidState=8},
    {type="keyframe",time=0.450000,cframe=CFrame.new(2503.252930,2503.934082,2488.321045,-0.632047,-0.000132,-0.774930,0.000035,1.000000,-0.000199,0.774930,-0.000153,-0.632047),velocity=Vector3.new(12.125483, 19.944635, -15.607898),slideActive=false,wallhopFlick=false,humanoidState=8},
    {type="keyframe",time=0.458333,cframe=CFrame.new(2503.304688,2504.020752,2488.256348,-0.667935,-0.000102,-0.744219,0.000028,1.000000,-0.000162,0.744219,-0.000129,-0.667935),velocity=Vector3.new(12.447864, 20.779541, -15.538829),slideActive=false,wallhopFlick=false,humanoidState=8},
    {type="keyframe",time=0.462500,cframe=CFrame.new(2503.409668,2504.182373,2488.126953,-0.667953,-0.000051,-0.744203,0.000015,1.000000,-0.000082,0.744203,-0.000066,-0.667953),velocity=Vector3.new(12.614088, 18.712997, -15.503209),slideActive=false,wallhopFlick=false,humanoidState=8},
    {type="keyframe",time=0.466667,cframe=CFrame.new(2503.463135,2504.254883,2488.064941,-0.667986,-0.000030,-0.744174,0.000010,1.000000,-0.000049,0.744174,-0.000040,-0.667986),velocity=Vector3.new(12.858411, 17.417702, -14.869828),slideActive=false,wallhopFlick=false,humanoidState=8},
    {type="keyframe",time=0.470833,cframe=CFrame.new(2503.518066,2504.321289,2488.002930,-0.686614,-0.000014,-0.727022,0.000005,1.000000,-0.000024,0.727022,-0.000021,-0.686614),velocity=Vector3.new(13.167538, 15.953143, -14.874648),slideActive=false,wallhopFlick=false,humanoidState=8},
    {type="keyframe",time=0.475000,cframe=CFrame.new(2503.574463,2504.381104,2487.941895,-0.707506,-0.000003,-0.706707,0.000002,1.000000,-0.000007,0.706707,-0.000006,-0.707506),velocity=Vector3.new(13.508995, 14.354177, -14.652850),slideActive=false,wallhopFlick=false,humanoidState=8},
    {type="keyframe",time=0.479167,cframe=CFrame.new(2503.628662,2504.432617,2487.884033,-0.707433,0.000004,-0.706781,0.000001,1.000000,0.000004,0.706781,0.000003,-0.707433),velocity=Vector3.new(13.007189, 12.380281, -13.902808),slideActive=false,wallhopFlick=false,humanoidState=8},
    {type="keyframe",time=0.483333,cframe=CFrame.new(2503.685547,2504.474854,2487.825928,-0.727710,0.000007,-0.685885,-0.000000,1.000000,0.000010,0.685885,0.000008,-0.727710),velocity=Vector3.new(13.634342, 10.139214, -13.961344),slideActive=false,wallhopFlick=false,humanoidState=8},
    {type="keyframe",time=0.487500,cframe=CFrame.new(2503.741455,2504.507324,2487.769531,-0.727748,0.000008,-0.685845,-0.000001,1.000000,0.000013,0.685845,0.000010,-0.727748),velocity=Vector3.new(13.431343, 7.811410, -13.545555),slideActive=false,wallhopFlick=false,humanoidState=8},
    {type="keyframe",time=0.491667,cframe=CFrame.new(2503.798340,2504.536377,2487.714355,-0.747312,0.000007,-0.664473,-0.000001,1.000000,0.000012,0.664473,0.000010,-0.747312),velocity=Vector3.new(13.668354, 6.993910, -13.215392),slideActive=false,wallhopFlick=false,humanoidState=8},
    {type="keyframe",time=0.495833,cframe=CFrame.new(2503.855713,2504.562012,2487.659912,-0.747282,0.000006,-0.664507,-0.000001,1.000000,0.000011,0.664507,0.000009,-0.747282),velocity=Vector3.new(13.757233, 6.176410, -13.091580),slideActive=false,wallhopFlick=false,humanoidState=8},
    {type="keyframe",time=0.500000,cframe=CFrame.new(2503.914307,2504.560303,2487.606445,-0.764004,0.000005,-0.645211,-0.000001,1.000000,0.000008,0.645211,0.000007,-0.764004),velocity=Vector3.new(14.050432, -0.404446, -12.815300),slideActive=false,wallhopFlick=false,humanoidState=8},
    {type="keyframe",time=0.504167,cframe=CFrame.new(2503.974854,2504.543701,2487.552246,-0.763927,0.000003,-0.645303,-0.000001,1.000000,0.000006,0.645303,0.000005,-0.763927),velocity=Vector3.new(14.521446, -3.969075, -13.032739),slideActive=false,wallhopFlick=false,humanoidState=8},
    {type="keyframe",time=0.508333,cframe=CFrame.new(2504.036865,2504.519043,2487.498535,-0.777771,0.000002,-0.628548,-0.000001,1.000000,0.000004,0.628548,0.000003,-0.777771),velocity=Vector3.new(14.909116, -5.899916, -12.880965),slideActive=false,wallhopFlick=false,humanoidState=8},
    {type="keyframe",time=0.512500,cframe=CFrame.new(2504.086670,2504.490723,2487.435791,-0.777779,-0.009082,-0.628472,-0.003394,0.999942,-0.010250,0.628528,-0.005839,-0.777765),velocity=Vector3.new(13.574320, -6.814664, -13.651692),slideActive=false,wallhopFlick=false,humanoidState=8},
    {type="keyframe",time=0.516667,cframe=CFrame.new(2504.135010,2504.459229,2487.371338,-0.791324,-0.006130,-0.611367,-0.002972,0.999977,-0.006180,0.611390,-0.003073,-0.791323),velocity=Vector3.new(14.049884, -7.583497, -13.332257),slideActive=false,wallhopFlick=false,humanoidState=8},
    {type="keyframe",time=0.520833,cframe=CFrame.new(2504.180420,2504.424561,2487.304199,-0.791322,-0.004787,-0.611380,-0.003046,0.999988,-0.003888,0.611391,-0.001215,-0.791327),velocity=Vector3.new(14.352302, -8.340100, -13.160260),slideActive=false,wallhopFlick=false,humanoidState=8},
    {type="keyframe",time=0.525000,cframe=CFrame.new(2504.231201,2504.386719,2487.241943,-0.800133,-0.003974,-0.599810,-0.003207,0.999992,-0.002347,0.599814,0.000045,-0.800139),velocity=Vector3.new(14.459824, -9.073672, -12.981512),slideActive=false,wallhopFlick=false,humanoidState=8},
    {type="keyframe",time=0.529167,cframe=CFrame.new(2504.277832,2504.345947,2487.176514,-0.800134,-0.003053,-0.599814,-0.003293,0.999994,-0.000698,0.599813,0.001417,-0.800139),velocity=Vector3.new(14.476709, -9.800454, -12.896404),slideActive=false,wallhopFlick=false,humanoidState=8},
    {type="keyframe",time=0.533333,cframe=CFrame.new(2504.327881,2504.302246,2487.114746,-0.806612,-0.002680,-0.591075,-0.003453,0.999994,0.000177,0.591071,0.002183,-0.806617),velocity=Vector3.new(14.506716, -10.513610, -12.726395),slideActive=false,wallhopFlick=false,humanoidState=8},
    {type="keyframe",time=0.537500,cframe=CFrame.new(2504.374512,2504.255615,2487.050293,-0.806567,-0.002574,-0.591137,-0.003626,0.999993,0.000594,0.591131,0.002623,-0.806571),velocity=Vector3.new(14.476115, -11.220434, -12.629886),slideActive=false,wallhopFlick=false,humanoidState=8},
    {type="keyframe",time=0.541667,cframe=CFrame.new(2504.424805,2504.206055,2486.988770,-0.812953,-0.002632,-0.582324,-0.003823,0.999992,0.000817,0.582317,0.002891,-0.812956),velocity=Vector3.new(14.581759, -11.913983, -12.577427),slideActive=false,wallhopFlick=false,humanoidState=8},
    {type="keyframe",time=0.545833,cframe=CFrame.new(2504.471436,2504.153564,2486.924561,-0.813013,-0.002739,-0.582238,-0.004026,0.999991,0.000918,0.582231,0.003091,-0.813017),velocity=Vector3.new(14.617009, -12.601335, -12.563079),slideActive=false,wallhopFlick=false,humanoidState=8},
    {type="keyframe",time=0.554167,cframe=CFrame.new(2504.521240,2504.098145,2486.863037,-0.817196,-0.002926,-0.576352,-0.004255,0.999990,0.000957,0.576344,0.003234,-0.817201),velocity=Vector3.new(14.668197, -13.277052, -12.471146),slideActive=false,wallhopFlick=false,humanoidState=8},
    {type="keyframe",time=0.558333,cframe=CFrame.new(2504.629639,2504.095215,2486.748535,-0.821356,-0.002633,-0.570410,-0.001922,0.999996,-0.001849,0.570412,-0.000422,-0.821358),velocity=Vector3.new(14.442232, 2.455007, -12.355505),slideActive=false,wallhopFlick=false,humanoidState=8},
    {type="keyframe",time=0.566667,cframe=CFrame.new(2504.669189,2504.106201,2486.681152,-0.821321,0.001687,-0.570463,0.002141,0.999998,-0.000126,0.570462,-0.001325,-0.821323),velocity=Vector3.new(13.966953, 2.646919, -12.347548),slideActive=false,wallhopFlick=false,humanoidState=8},
    {type="keyframe",time=0.570833,cframe=CFrame.new(2504.669189,2504.106201,2486.681152,-0.994365,0.000000,-0.106014,0.000000,1.000000,-0.000000,0.106014,0.000000,-0.994365),velocity=Vector3.new(13.966953, 2.646919, -12.347548),slideActive=false,wallhopFlick=false,humanoidState=5},
    {type="keyframe",time=0.575000,cframe=CFrame.new(2504.543945,2504.062744,2486.484863,-0.994316,0.009914,-0.106007,0.008780,0.999899,0.011160,0.106107,0.010166,-0.994303),velocity=Vector3.new(9.738976, -0.084602, -13.114854),slideActive=false,wallhopFlick=false,humanoidState=7},
    {type="keyframe",time=0.579167,cframe=CFrame.new(2504.534912,2504.052002,2486.391113,-0.998020,0.005960,-0.062608,0.005514,0.999958,0.007299,0.062649,0.006939,-0.998011),velocity=Vector3.new(10.617880, -0.026033, -11.588084),slideActive=false,wallhopFlick=false,humanoidState=7},
    {type="keyframe",time=0.583333,cframe=CFrame.new(2504.557861,2504.036377,2486.327393,-0.998035,-0.002498,-0.062610,-0.002512,0.999997,0.000149,0.062609,0.000306,-0.998038),velocity=Vector3.new(11.499254, -3.763588, -10.174958),slideActive=false,wallhopFlick=false,humanoidState=7},
    {type="keyframe",time=0.591667,cframe=CFrame.new(2504.581299,2504.031250,2486.273926,-0.999816,0.002208,-0.019076,0.002105,0.999983,0.005431,0.019087,0.005390,-0.999803),velocity=Vector3.new(8.087334, -1.254713, -10.726932),slideActive=false,wallhopFlick=false,humanoidState=7},
    {type="keyframe",time=0.595833,cframe=CFrame.new(2504.642090,2504.029053,2486.185791,-0.999817,0.001662,-0.019076,0.001581,0.999990,0.004271,0.019083,0.004240,-0.999809),velocity=Vector3.new(8.238133, -0.129719, -9.360173),slideActive=false,wallhopFlick=false,humanoidState=7},
    {type="keyframe",time=0.600000,cframe=CFrame.new(2504.679688,2504.028809,2486.152344,-0.999693,-0.003813,0.024489,-0.003833,0.999992,-0.000780,-0.024486,-0.000873,-0.999700),velocity=Vector3.new(9.147140, -0.045673, -7.967408),slideActive=false,wallhopFlick=false,humanoidState=7},
    {type="keyframe",time=0.604167,cframe=CFrame.new(2504.695801,2504.027832,2486.108643,-0.997685,0.001448,0.067996,0.001637,0.999995,0.002717,-0.067992,0.002822,-0.997682),velocity=Vector3.new(5.829371, -0.237247, -8.848543),slideActive=false,wallhopFlick=false,humanoidState=7},
    {type="keyframe",time=0.608333,cframe=CFrame.new(2504.720703,2504.027588,2486.073486,-0.997684,0.001698,0.067996,0.001834,0.999996,0.001941,-0.067993,0.002061,-0.997684),velocity=Vector3.new(6.642918, -0.030852, -7.900419),slideActive=false,wallhopFlick=false,humanoidState=7},
    {type="keyframe",time=0.612500,cframe=CFrame.new(2504.746338,2504.027588,2486.042236,-0.993776,0.002022,0.111376,0.002196,0.999997,0.001436,-0.111372,0.001672,-0.993777),velocity=Vector3.new(6.181547, -0.006949, -7.475404),slideActive=false,wallhopFlick=false,humanoidState=7},
    {type="keyframe",time=0.616667,cframe=CFrame.new(2504.768311,2504.027588,2486.010742,-0.993776,0.002205,0.111376,0.002312,0.999997,0.000824,-0.111374,0.001077,-0.993778),velocity=Vector3.new(5.818860, -0.000264, -7.120382),slideActive=false,wallhopFlick=false,humanoidState=7},
    {type="keyframe",time=0.620833,cframe=CFrame.new(2504.791016,2504.027588,2485.982666,-0.989078,0.002390,0.147375,0.002494,0.999997,0.000517,-0.147373,0.000879,-0.989081),velocity=Vector3.new(5.432375, 0.001395, -6.740647),slideActive=false,wallhopFlick=false,humanoidState=7},
    {type="keyframe",time=0.625000,cframe=CFrame.new(2504.812500,2504.027588,2485.956055,-0.989078,0.002490,0.147375,0.002566,0.999997,0.000331,-0.147373,0.000706,-0.989081),velocity=Vector3.new(5.162232, 0.000870, -6.403495),slideActive=false,wallhopFlick=false,humanoidState=8},
    {type="keyframe",time=0.629167,cframe=CFrame.new(2504.838867,2504.017334,2485.933838,-0.982402,-0.002885,0.186756,-0.003434,0.999991,-0.002617,-0.186747,-0.003212,-0.982403),velocity=Vector3.new(6.349120, -2.477747, -5.349399),slideActive=false,wallhopFlick=false,humanoidState=8},
    {type="keyframe",time=0.633333,cframe=CFrame.new(2504.849365,2504.002441,2485.904053,-0.982405,0.001782,0.186757,0.001677,0.999998,-0.000721,-0.186758,-0.000395,-0.982406),velocity=Vector3.new(3.510924, -3.592365, -6.255712),slideActive=false,wallhopFlick=false,humanoidState=8},
    {type="keyframe",time=0.637500,cframe=CFrame.new(2504.871338,2503.984619,2485.882568,-0.974967,0.004981,0.222295,0.005221,0.999986,0.000488,-0.222290,0.001636,-0.974979),velocity=Vector3.new(5.271918, -4.298980, -5.130595),slideActive=false,wallhopFlick=false,humanoidState=8},
    {type="keyframe",time=0.641667,cframe=CFrame.new(2504.892578,2503.961670,2485.859131,-0.974936,0.009168,0.222295,0.009302,0.999957,-0.000441,-0.222290,0.001638,-0.974979),velocity=Vector3.new(5.370779, -5.504770, -5.190716),slideActive=false,wallhopFlick=false,humanoidState=8},
    {type="keyframe",time=0.645833,cframe=CFrame.new(2504.923828,2503.935303,2485.843506,-0.967141,0.010485,0.254024,0.010622,0.999943,-0.000833,-0.254019,0.001893,-0.967197),velocity=Vector3.new(7.489138, -6.356995, -3.726535),slideActive=false,wallhopFlick=false,humanoidState=8},
    {type="keyframe",time=0.650000,cframe=CFrame.new(2504.963867,2503.905518,2485.828857,-0.967146,0.010058,0.254024,0.009995,0.999949,-0.001539,-0.254027,0.001051,-0.967197),velocity=Vector3.new(9.607496, -7.174495, -2.262354),slideActive=false,wallhopFlick=false,humanoidState=8},
    {type="keyframe",time=0.654167,cframe=CFrame.new(2505.012451,2503.872314,2485.825928,-0.959373,0.008533,0.282012,0.008471,0.999963,-0.001438,-0.282014,0.001010,-0.959410),velocity=Vector3.new(11.648841, -7.991995, -0.692583),slideActive=false,wallhopFlick=false,humanoidState=8},
    {type="keyframe",time=0.658333,cframe=CFrame.new(2505.071045,2503.835693,2485.824219,-0.951910,0.006404,0.306310,0.006556,0.999978,-0.000531,-0.306307,0.001503,-0.951932),velocity=Vector3.new(13.690186, -8.809495, 0.877188),slideActive=false,wallhopFlick=false,humanoidState=8},
    {type="keyframe",time=0.662500,cframe=CFrame.new(2505.139404,2503.795654,2485.824463,-0.951923,0.004126,0.306310,0.004647,0.999989,0.000972,-0.306302,0.002348,-0.951931),velocity=Vector3.new(15.605952, -9.626995, 2.597975),slideActive=false,wallhopFlick=false,humanoidState=8},
    {type="keyframe",time=0.666667,cframe=CFrame.new(2505.212402,2503.752197,2485.840820,-0.946211,0.002475,0.323541,0.002969,0.999995,0.001034,-0.323537,0.001940,-0.946214),velocity=Vector3.new(17.343355, -10.444495, 4.498686),slideActive=false,wallhopFlick=false,humanoidState=8},
