return {
    {type="keyframe",time=0.066667,cframe=CFrame.new(2494.343506,2503.500000,2495.423584,0.996448,-0.000000,-0.084206,0.000000,1.000000,-0.000000,0.084206,0.000000,0.996448),velocity=Vector3.new(0.000000, 0.000000, 0.000000),slideActive=false,wallhopFlick=false,humanoidState=8},
    {type="keyframe",time=0.070833,cframe=CFrame.new(2494.343506,2503.500000,2495.423584,0.762486,0.000000,0.647005,0.000000,1.000000,0.000000,-0.647005,0.000000,0.762486),velocity=Vector3.new(0.000000, 55.000000, 0.000000),slideActive=false,wallhopFlick=false,humanoidState=3},
    {type="keyframe",time=0.075000,cframe=CFrame.new(2494.343506,2503.725830,2495.423584,0.762486,-0.000000,0.647005,0.000000,1.000000,-0.000000,-0.647005,0.000000,0.762486),velocity=Vector3.new(0.000000, 54.182499, 0.000000),slideActive=false,wallhopFlick=false,humanoidState=5},
    {type="keyframe",time=0.079167,cframe=CFrame.new(2494.341797,2503.948242,2495.421631,0.762486,-0.000000,0.647005,0.000000,1.000000,-0.000000,-0.647005,0.000000,0.762486),velocity=Vector3.new(-0.385507, 53.364998, -0.454314),slideActive=false,wallhopFlick=false,humanoidState=5},
    {type="keyframe",time=0.083333,cframe=CFrame.new(2494.338623,2504.167236,2495.417725,0.762486,-0.000000,0.647005,0.000000,1.000000,-0.000000,-0.647005,0.000000,0.762486),velocity=Vector3.new(-0.771015, 52.547497, -0.908629),slideActive=false,wallhopFlick=false,humanoidState=5},
    {type="keyframe",time=0.087500,cframe=CFrame.new(2494.333740,2504.382812,2495.412109,0.762486,-0.000000,0.647005,0.000000,1.000000,-0.000000,-0.647005,0.000000,0.762486),velocity=Vector3.new(-1.156522, 51.729996, -1.362943),slideActive=false,wallhopFlick=false,humanoidState=5},
    {type="keyframe",time=0.091667,cframe=CFrame.new(2494.327393,2504.594971,2495.404541,0.762486,-0.000000,0.647005,0.000000,1.000000,-0.000000,-0.647005,0.000000,0.762486),velocity=Vector3.new(-1.542029, 50.912495, -1.817257),slideActive=false,wallhopFlick=false,humanoidState=5},
    {type="keyframe",time=0.095833,cframe=CFrame.new(2494.319336,2504.803711,2495.395020,0.762486,-0.000000,0.647005,0.000000,1.000000,-0.000000,-0.647005,0.000000,0.762486),velocity=Vector3.new(-1.927537, 50.094994, -2.271572),slideActive=false,wallhopFlick=false,humanoidState=5},
    {type="keyframe",time=0.100000,cframe=CFrame.new(2494.309814,2505.009033,2495.383545,0.762486,-0.000000,0.647005,0.000000,1.000000,-0.000000,-0.647005,0.000000,0.762486),velocity=Vector3.new(-2.313044, 49.277493, -2.725886),slideActive=false,wallhopFlick=false,humanoidState=5},
    {type="keyframe",time=0.104167,cframe=CFrame.new(2494.298584,2505.210938,2495.370361,0.762486,-0.000000,0.647005,0.000000,1.000000,-0.000000,-0.647005,0.000000,0.762486),velocity=Vector3.new(-2.698551, 48.459991, -3.180200),slideActive=false,wallhopFlick=false,humanoidState=5},
    {type="keyframe",time=0.108333,cframe=CFrame.new(2494.285645,2505.409424,2495.355225,0.762486,-0.000000,0.647005,0.000000,1.000000,-0.000000,-0.647005,0.000000,0.762486),velocity=Vector3.new(-3.084059, 47.642490, -3.634514),slideActive=false,wallhopFlick=false,humanoidState=5},
    {type="keyframe",time=0.112500,cframe=CFrame.new(2494.271240,2505.604492,2495.338135,0.762486,-0.000000,0.647005,0.000000,1.000000,-0.000000,-0.647005,0.000000,0.762486),velocity=Vector3.new(-3.469566, 46.824989, -4.088829),slideActive=false,wallhopFlick=false,humanoidState=5},
    {type="keyframe",time=0.116667,cframe=CFrame.new(2494.255127,2505.796143,2495.319092,0.762486,-0.000000,0.647005,0.000000,1.000000,-0.000000,-0.647005,0.000000,0.762486),velocity=Vector3.new(-3.855073, 46.007488, -4.543143),slideActive=false,wallhopFlick=false,humanoidState=5},
    {type="keyframe",time=0.120833,cframe=CFrame.new(2494.237549,2505.984375,2495.298340,0.762486,-0.000000,0.647005,0.000000,1.000000,-0.000000,-0.647005,0.000000,0.762486),velocity=Vector3.new(-4.240581, 45.189987, -4.997457),slideActive=false,wallhopFlick=false,humanoidState=5},
    {type="keyframe",time=0.125000,cframe=CFrame.new(2494.218262,2506.169189,2495.275635,0.762486,-0.000000,0.647005,0.000000,1.000000,-0.000000,-0.647005,0.000000,0.762486),velocity=Vector3.new(-4.626088, 44.372486, -5.451771),slideActive=false,wallhopFlick=false,humanoidState=5},
    {type="keyframe",time=0.129167,cframe=CFrame.new(2494.197266,2506.350586,2495.250977,0.762486,-0.000000,0.647005,0.000000,1.000000,-0.000000,-0.647005,0.000000,0.762486),velocity=Vector3.new(-5.011595, 43.554985, -5.906085),slideActive=false,wallhopFlick=false,humanoidState=5},
    {type="keyframe",time=0.133333,cframe=CFrame.new(2494.174805,2506.528564,2495.224365,0.762486,-0.000000,0.647005,0.000000,1.000000,-0.000000,-0.647005,0.000000,0.762486),velocity=Vector3.new(-5.397102, 42.737484, -6.360400),slideActive=false,wallhopFlick=false,humanoidState=5},
    {type="keyframe",time=0.137500,cframe=CFrame.new(2494.150635,2506.703125,2495.196045,0.762486,-0.000000,0.647005,0.000000,1.000000,-0.000000,-0.647005,0.000000,0.762486),velocity=Vector3.new(-5.782609, 41.919983, -6.814714),slideActive=false,wallhopFlick=false,humanoidState=5},
    {type="keyframe",time=0.141667,cframe=CFrame.new(2494.125000,2506.874268,2495.165771,0.762486,-0.000000,0.647005,0.000000,1.000000,-0.000000,-0.647005,0.000000,0.762486),velocity=Vector3.new(-6.168116, 41.102482, -7.269028),slideActive=false,wallhopFlick=false,humanoidState=5},
    {type="keyframe",time=0.145833,cframe=CFrame.new(2494.097656,2507.042236,2495.133545,0.762486,-0.000000,0.647005,0.000000,1.000000,-0.000000,-0.647005,0.000000,0.762486),velocity=Vector3.new(-6.553623, 40.284981, -7.723342),slideActive=false,wallhopFlick=false,humanoidState=5},
    {type="keyframe",time=0.150000,cframe=CFrame.new(2494.068848,2507.206787,2495.099365,0.762486,-0.000000,0.647005,0.000000,1.000000,-0.000000,-0.647005,0.000000,0.762486),velocity=Vector3.new(-6.939131, 39.467480, -8.177657),slideActive=false,wallhopFlick=false,humanoidState=5},
    {type="keyframe",time=0.154167,cframe=CFrame.new(2494.038330,2507.367920,2495.063477,0.762486,-0.000000,0.647005,0.000000,1.000000,-0.000000,-0.647005,0.000000,0.762486),velocity=Vector3.new(-7.324638, 38.649979, -8.631971),slideActive=false,wallhopFlick=false,humanoidState=5},
    {type="keyframe",time=0.158333,cframe=CFrame.new(2494.006104,2507.525635,2495.025635,0.762486,-0.000000,0.647005,0.000000,1.000000,-0.000000,-0.647005,0.000000,0.762486),velocity=Vector3.new(-7.710145, 37.832478, -9.086286),slideActive=false,wallhopFlick=false,humanoidState=5},
    {type="keyframe",time=0.162500,cframe=CFrame.new(2493.972412,2507.679932,2494.985840,0.762486,-0.000000,0.647005,0.000000,1.000000,-0.000000,-0.647005,0.000000,0.762486),velocity=Vector3.new(-8.095653, 37.014977, -9.540600),slideActive=false,wallhopFlick=false,humanoidState=5},
    {type="keyframe",time=0.166667,cframe=CFrame.new(2493.937012,2507.830811,2494.944092,0.762486,-0.000000,0.647005,0.000000,1.000000,-0.000000,-0.647005,0.000000,0.762486),velocity=Vector3.new(-8.481160, 36.197475, -9.994914),slideActive=false,wallhopFlick=false,humanoidState=5},
    {type="keyframe",time=0.170833,cframe=CFrame.new(2493.900146,2507.978271,2494.900635,0.762486,-0.000000,0.647005,0.000000,1.000000,-0.000000,-0.647005,0.000000,0.762486),velocity=Vector3.new(-8.866668, 35.379974, -10.449228),slideActive=false,wallhopFlick=false,humanoidState=5},
    {type="keyframe",time=0.175000,cframe=CFrame.new(2493.861572,2508.122314,2494.855225,0.762486,-0.000000,0.647005,0.000000,1.000000,-0.000000,-0.647005,0.000000,0.762486),velocity=Vector3.new(-9.252175, 34.562473, -10.903543),slideActive=false,wallhopFlick=false,humanoidState=5},
    {type="keyframe",time=0.179167,cframe=CFrame.new(2493.821533,2508.262939,2494.807861,0.762486,-0.000000,0.647005,0.000000,1.000000,-0.000000,-0.647005,0.000000,0.762486),velocity=Vector3.new(-9.637683, 33.744972, -11.357857),slideActive=false,wallhopFlick=false,humanoidState=5},
    {type="keyframe",time=0.183333,cframe=CFrame.new(2493.779785,2508.400146,2494.758545,0.762486,-0.000000,0.647005,0.000000,1.000000,-0.000000,-0.647005,0.000000,0.762486),velocity=Vector3.new(-10.023190, 32.927471, -11.812171),slideActive=false,wallhopFlick=false,humanoidState=5},
    {type="keyframe",time=0.187500,cframe=CFrame.new(2493.736328,2508.533936,2494.707520,0.762486,-0.000000,0.647005,0.000000,1.000000,-0.000000,-0.647005,0.000000,0.762486),velocity=Vector3.new(-10.408698, 32.109970, -12.266485),slideActive=false,wallhopFlick=false,humanoidState=5},
    {type="keyframe",time=0.191667,cframe=CFrame.new(2493.691406,2508.664307,2494.654541,0.762486,-0.000000,0.647005,0.000000,1.000000,-0.000000,-0.647005,0.000000,0.762486),velocity=Vector3.new(-10.794206, 31.292471, -12.720799),slideActive=false,wallhopFlick=false,humanoidState=5},
    {type="keyframe",time=0.195833,cframe=CFrame.new(2493.644775,2508.791260,2494.599609,0.762486,-0.000000,0.647005,0.000000,1.000000,-0.000000,-0.647005,0.000000,0.762486),velocity=Vector3.new(-11.179713, 30.474972, -13.175114),slideActive=false,wallhopFlick=false,humanoidState=5},
    {type="keyframe",time=0.200000,cframe=CFrame.new(2493.596680,2508.914795,2494.542725,0.762486,-0.000000,0.647005,0.000000,1.000000,-0.000000,-0.647005,0.000000,0.762486),velocity=Vector3.new(-11.565220, 29.657473, -13.629428),slideActive=false,wallhopFlick=false,humanoidState=5},
    {type="keyframe",time=0.204167,cframe=CFrame.new(2493.546875,2509.034912,2494.484131,0.760127,-0.000000,0.649774,0.000000,1.000000,-0.000000,-0.649774,0.000000,0.760127),velocity=Vector3.new(-11.950727, 28.839973, -14.083742),slideActive=false,wallhopFlick=false,humanoidState=5},
    {type="keyframe",time=0.208333,cframe=CFrame.new(2493.495361,2509.151611,2494.423584,0.757763,-0.000000,0.652529,0.000000,1.000000,-0.000000,-0.652529,0.000000,0.757763),velocity=Vector3.new(-12.336234, 28.022474, -14.538056),slideActive=false,wallhopFlick=false,humanoidState=5},
    {type="keyframe",time=0.216667,cframe=CFrame.new(2493.442139,2509.264893,2494.361328,0.757764,-0.000000,0.652529,0.000000,1.000000,-0.000000,-0.652529,0.000000,0.757764),velocity=Vector3.new(-12.748262, 27.204975, -14.953365),slideActive=false,wallhopFlick=false,humanoidState=5},
    {type="keyframe",time=0.225000,cframe=CFrame.new(2493.333984,2509.481201,2494.235596,0.755390,-0.000000,0.655276,0.000000,1.000000,-0.000000,-0.655276,0.000000,0.755390),velocity=Vector3.new(-13.008072, 25.569977, -15.126876),slideActive=false,wallhopFlick=false,humanoidState=5},
    {type="keyframe",time=0.229167,cframe=CFrame.new(2493.225342,2509.683838,2494.109375,0.753002,-0.000000,0.658018,0.000000,1.000000,-0.000000,-0.658018,0.000000,0.753002),velocity=Vector3.new(-13.044608, 23.934978, -15.151276),slideActive=false,wallhopFlick=false,humanoidState=5},
    {type="keyframe",time=0.233333,cframe=CFrame.new(2493.170898,2509.780273,2494.046387,0.753002,-0.000000,0.658018,0.000000,1.000000,-0.000000,-0.658018,0.000000,0.753002),velocity=Vector3.new(-13.082676, 23.117479, -15.124100),slideActive=false,wallhopFlick=false,humanoidState=5},
    {type="keyframe",time=0.237500,cframe=CFrame.new(2493.116211,2509.873291,2493.983643,0.750597,-0.000000,0.660761,0.000000,1.000000,-0.000000,-0.660761,0.000000,0.750597),velocity=Vector3.new(-13.131229, 22.299980, -15.084064),slideActive=false,wallhopFlick=false,humanoidState=5},
    {type="keyframe",time=0.241667,cframe=CFrame.new(2493.061279,2509.962891,2493.920898,0.750597,-0.000000,0.660761,0.000000,1.000000,-0.000000,-0.660761,0.000000,0.750597),velocity=Vector3.new(-13.183720, 21.482481, -15.038981),slideActive=false,wallhopFlick=false,humanoidState=5},
    {type="keyframe",time=0.250000,cframe=CFrame.new(2493.006348,2510.049072,2493.858398,0.750597,-0.000000,0.660761,0.000000,1.000000,-0.000000,-0.660761,0.000000,0.750597),velocity=Vector3.new(-13.203403, 20.664982, -15.022076),slideActive=false,wallhopFlick=false,humanoidState=5},
    {type="keyframe",time=0.254167,cframe=CFrame.new(2492.896240,2510.211182,2493.733398,0.748189,-0.000000,0.663485,0.000000,1.000000,-0.000000,-0.663485,0.000000,0.748189),velocity=Vector3.new(-13.213552, 19.029984, -15.013359),slideActive=false,wallhopFlick=false,humanoidState=5},
    {type="keyframe",time=0.258333,cframe=CFrame.new(2492.841064,2510.287109,2493.670898,0.748189,-0.000000,0.663485,0.000000,1.000000,-0.000000,-0.663485,0.000000,0.748189),velocity=Vector3.new(-13.214591, 18.212484, -15.012467),slideActive=false,wallhopFlick=false,humanoidState=5},
    {type="keyframe",time=0.262500,cframe=CFrame.new(2492.785889,2510.359619,2493.608398,0.748189,-0.000000,0.663485,0.000000,1.000000,-0.000000,-0.663485,0.000000,0.748189),velocity=Vector3.new(-13.249040, 17.394985, -14.982040),slideActive=false,wallhopFlick=false,humanoidState=5},
    {type="keyframe",time=0.270833,cframe=CFrame.new(2492.730713,2510.428711,2493.546143,0.745772,-0.000000,0.666201,0.000000,1.000000,-0.000000,-0.666201,0.000000,0.745772),velocity=Vector3.new(-13.261958, 16.577486, -14.970631),slideActive=false,wallhopFlick=false,humanoidState=5},
    {type="keyframe",time=0.275000,cframe=CFrame.new(2492.620361,2510.556641,2493.421631,0.745772,-0.000000,0.666201,0.000000,1.000000,-0.000000,-0.666201,0.000000,0.745772),velocity=Vector3.new(-13.268619, 14.942486, -14.964746),slideActive=false,wallhopFlick=false,humanoidState=5},
    {type="keyframe",time=0.279167,cframe=CFrame.new(2492.564941,2510.615479,2493.359375,0.745772,-0.000000,0.666201,0.000000,1.000000,-0.000000,-0.666201,0.000000,0.745772),velocity=Vector3.new(-13.303249, 14.124986, -14.933928),slideActive=false,wallhopFlick=false,humanoidState=5},
    {type="keyframe",time=0.283333,cframe=CFrame.new(2492.509521,2510.670898,2493.297119,0.743355,-0.000000,0.668897,0.000000,1.000000,-0.000000,-0.668897,0.000000,0.743355),velocity=Vector3.new(-13.316236, 13.307486, -14.922372),slideActive=false,wallhopFlick=false,humanoidState=5},
    {type="keyframe",time=0.287500,cframe=CFrame.new(2492.454102,2510.722900,2493.234863,0.743355,-0.000000,0.668897,0.000000,1.000000,-0.000000,-0.668897,0.000000,0.743355),velocity=Vector3.new(-13.321105, 12.489985, -14.918038),slideActive=false,wallhopFlick=false,humanoidState=5},
    {type="keyframe",time=0.291667,cframe=CFrame.new(2492.398438,2510.771484,2493.172852,0.743355,-0.000000,0.668897,0.000000,1.000000,-0.000000,-0.668897,0.000000,0.743355),velocity=Vector3.new(-13.356628, 11.672485, -14.886202),slideActive=false,wallhopFlick=false,humanoidState=5},
    {type="keyframe",time=0.295833,cframe=CFrame.new(2492.342773,2510.816650,2493.110840,0.743355,-0.000000,0.668897,0.000000,1.000000,-0.000000,-0.668897,0.000000,0.743355),velocity=Vector3.new(-13.369950, 10.854985, -14.874263),slideActive=false,wallhopFlick=false,humanoidState=5},
    {type="keyframe",time=0.300000,cframe=CFrame.new(2492.287109,2510.858398,2493.048828,0.743355,-0.000000,0.668897,0.000000,1.000000,-0.000000,-0.668897,0.000000,0.743355),velocity=Vector3.new(-13.374946, 10.037485, -14.869786),slideActive=false,wallhopFlick=false,humanoidState=12},
    {type="keyframe",time=0.304167,cframe=CFrame.new(2492.233154,2510.910645,2492.988770,0.743355,-0.000000,0.668897,0.000000,1.000000,-0.000000,-0.668897,0.000000,0.743355),velocity=Vector3.new(-12.976483, 55.000000, -14.426790),slideActive=false,wallhopFlick=false,humanoidState=3},
    {type="keyframe",time=0.308333,cframe=CFrame.new(2492.235596,2511.220703,2492.991455,0.740920,-0.000000,0.671594,0.000000,1.000000,-0.000000,-0.671594,0.000000,0.740920),velocity=Vector3.new(0.573230, 74.439293, 0.631197),slideActive=false,wallhopFlick=false,humanoidState=5},
    {type="keyframe",time=0.312500,cframe=CFrame.new(2492.236328,2511.527344,2492.992188,0.740920,-0.000000,0.671593,0.000000,1.000000,-0.000000,-0.671593,0.000000,0.740920),velocity=Vector3.new(0.174596, 73.621796, 0.188356),slideActive=false,wallhopFlick=false,humanoidState=5},
    {type="keyframe",time=0.316667,cframe=CFrame.new(2492.235352,2511.830811,2492.991211,0.740932,-0.000000,0.671580,0.000000,1.000000,-0.000000,-0.671580,0.000000,0.740932),velocity=Vector3.new(-0.225625, 72.804298, -0.253052),slideActive=false,wallhopFlick=false,humanoidState=5},
    {type="keyframe",time=0.320833,cframe=CFrame.new(2492.232666,2512.130859,2492.988281,0.740932,-0.000000,0.671580,0.000000,1.000000,-0.000000,-0.671580,0.000000,0.740932),velocity=Vector3.new(-0.625845, 71.986801, -0.694460),slideActive=false,wallhopFlick=false,humanoidState=5},
    {type="keyframe",time=0.325000,cframe=CFrame.new(2492.228271,2512.427490,2492.983643,0.740930,-0.000000,0.671582,0.000000,1.000000,-0.000000,-0.671582,0.000000,0.740930),velocity=Vector3.new(-1.026056, 71.169304, -1.135876),slideActive=false,wallhopFlick=false,humanoidState=5},
    {type="keyframe",time=0.329167,cframe=CFrame.new(2492.222412,2512.720703,2492.977051,0.740930,-0.000000,0.671582,0.000000,1.000000,-0.000000,-0.671582,0.000000,0.740930),velocity=Vector3.new(-1.426268, 70.351807, -1.577292),slideActive=false,wallhopFlick=false,humanoidState=5},
    {type="keyframe",time=0.333333,cframe=CFrame.new(2492.214844,2513.010498,2492.968750,0.740928,-0.000000,0.671585,0.000000,1.000000,-0.000000,-0.671585,0.000000,0.740928),velocity=Vector3.new(-1.826481, 69.534309, -2.018707),slideActive=false,wallhopFlick=false,humanoidState=5},
    {type="keyframe",time=0.337500,cframe=CFrame.new(2492.205566,2513.296875,2492.958496,0.740928,-0.000000,0.671585,0.000000,1.000000,-0.000000,-0.671585,0.000000,0.740928),velocity=Vector3.new(-2.226694, 68.716812, -2.460121),slideActive=false,wallhopFlick=false,humanoidState=5},
    {type="keyframe",time=0.341667,cframe=CFrame.new(2492.194580,2513.579834,2492.946289,0.740928,-0.000000,0.671585,0.000000,1.000000,-0.000000,-0.671585,0.000000,0.740928),velocity=Vector3.new(-2.626909, 67.899315, -2.901534),slideActive=false,wallhopFlick=false,humanoidState=5},
    {type="keyframe",time=0.345833,cframe=CFrame.new(2492.181885,2513.859375,2492.932373,0.740928,-0.000000,0.671585,0.000000,1.000000,-0.000000,-0.671585,0.000000,0.740928),velocity=Vector3.new(-3.027125, 67.081818, -3.342947),slideActive=false,wallhopFlick=false,humanoidState=5},
    {type="keyframe",time=0.350000,cframe=CFrame.new(2492.167725,2514.135498,2492.916504,0.740925,-0.000000,0.671588,0.000000,1.000000,-0.000000,-0.671588,0.000000,0.740925),velocity=Vector3.new(-3.427340, 66.264320, -3.784359),slideActive=false,wallhopFlick=false,humanoidState=5},
    {type="keyframe",time=0.354167,cframe=CFrame.new(2492.151855,2514.408203,2492.898926,0.740925,-0.000000,0.671588,0.000000,1.000000,-0.000000,-0.671588,0.000000,0.740925),velocity=Vector3.new(-3.827555, 65.446823, -4.225772),slideActive=false,wallhopFlick=false,humanoidState=5},
    {type="keyframe",time=0.358333,cframe=CFrame.new(2492.134277,2514.677490,2492.879395,0.740923,-0.000000,0.671590,0.000000,1.000000,-0.000000,-0.671590,0.000000,0.740923),velocity=Vector3.new(-4.227772, 64.629326, -4.667183),slideActive=false,wallhopFlick=false,humanoidState=5},
    {type="keyframe",time=0.362500,cframe=CFrame.new(2492.114990,2514.943359,2492.858154,0.740923,-0.000000,0.671590,0.000000,1.000000,-0.000000,-0.671590,0.000000,0.740923),velocity=Vector3.new(-4.627990, 63.811825, -5.108593),slideActive=false,wallhopFlick=false,humanoidState=5},
    {type="keyframe",time=0.366667,cframe=CFrame.new(2492.093994,2515.205811,2492.834961,0.743362,-0.000000,0.668889,0.000000,1.000000,-0.000000,-0.668889,0.000000,0.743362),velocity=Vector3.new(-5.028210, 62.994324, -5.550002),slideActive=false,wallhopFlick=false,humanoidState=5},
    {type="keyframe",time=0.370833,cframe=CFrame.new(2492.071289,2515.464844,2492.810059,0.743362,-0.000000,0.668889,0.000000,1.000000,-0.000000,-0.668889,0.000000,0.743362),velocity=Vector3.new(-5.428430, 62.176823, -5.991411),slideActive=false,wallhopFlick=false,humanoidState=5},
    {type="keyframe",time=0.375000,cframe=CFrame.new(2492.047119,2515.720459,2492.783203,0.748206,-0.000000,0.663466,0.000000,1.000000,-0.000000,-0.663466,0.000000,0.748206),velocity=Vector3.new(-5.825945, 61.359322, -6.435256),slideActive=false,wallhopFlick=false,humanoidState=5},
    {type="keyframe",time=0.379167,cframe=CFrame.new(2492.021240,2515.972656,2492.754639,0.755373,-0.000000,0.655295,0.000000,1.000000,-0.000000,-0.655295,0.000000,0.755373),velocity=Vector3.new(-6.223460, 60.541821, -6.879102),slideActive=false,wallhopFlick=false,humanoidState=5},
    {type="keyframe",time=0.383333,cframe=CFrame.new(2491.993652,2516.221436,2492.724121,0.755373,-0.000000,0.655295,0.000000,1.000000,-0.000000,-0.655295,0.000000,0.755373),velocity=Vector3.new(-6.614921, 59.724319, -7.328297),slideActive=false,wallhopFlick=false,humanoidState=5},
    {type="keyframe",time=0.387500,cframe=CFrame.new(2491.964600,2516.466797,2492.691650,0.764818,-0.000000,0.644246,0.000000,1.000000,-0.000000,-0.644246,0.000000,0.764818),velocity=Vector3.new(-6.996653, 58.906818, -7.785788),slideActive=false,wallhopFlick=false,humanoidState=5},
    {type="keyframe",time=0.391667,cframe=CFrame.new(2491.971924,2516.701416,2492.692871,0.774044,-0.007960,0.633082,0.010653,0.999943,-0.000452,-0.633042,0.007094,0.774085),velocity=Vector3.new(-1.746420, 56.306461, -3.230790),slideActive=false,wallhopFlick=false,humanoidState=5},
    {type="keyframe",time=0.400000,cframe=CFrame.new(2491.984863,2516.932617,2492.696289,0.773999,-0.011553,0.633082,0.015916,0.999873,-0.001213,-0.632987,0.011015,0.774084),velocity=Vector3.new(-1.226628, 55.488453, -3.523148),slideActive=false,wallhopFlick=false,humanoidState=5},
    {type="keyframe",time=0.404167,cframe=CFrame.new(2492.010010,2517.380371,2492.692139,0.785288,-0.016260,0.618918,0.022166,0.999753,-0.001860,-0.618734,0.015179,0.785454),velocity=Vector3.new(1.616471, 53.160290, -2.310338),slideActive=false,wallhopFlick=false,humanoidState=5},
    {type="keyframe",time=0.408333,cframe=CFrame.new(2492.040771,2517.597656,2492.695801,0.785284,-0.016455,0.618917,0.022863,0.999736,-0.002429,-0.618713,0.016058,0.785453),velocity=Vector3.new(4.063068, 52.127102, -2.460807),slideActive=false,wallhopFlick=false,humanoidState=5},
    {type="keyframe",time=0.412500,cframe=CFrame.new(2492.070801,2517.810791,2492.687500,0.798586,-0.016080,0.601666,0.022200,0.999750,-0.002746,-0.601471,0.015550,0.798743),velocity=Vector3.new(6.370655, 51.152065, -2.814430),slideActive=false,wallhopFlick=false,humanoidState=5},
    {type="keyframe",time=0.416667,cframe=CFrame.new(2492.111816,2518.020020,2492.678955,0.798616,-0.014510,0.601666,0.020458,0.999786,-0.003044,-0.601493,0.014739,0.798742),velocity=Vector3.new(8.551495, 50.230938, -3.327213),slideActive=false,wallhopFlick=false,humanoidState=5},
    {type="keyframe",time=0.420833,cframe=CFrame.new(2492.149170,2518.225830,2492.663086,0.811569,-0.012514,0.584123,0.017633,0.999840,-0.003078,-0.583991,0.012798,0.811660),velocity=Vector3.new(8.938086, 49.413437, -3.780605),slideActive=false,wallhopFlick=false,humanoidState=5},
    {type="keyframe",time=0.429167,cframe=CFrame.new(2492.187988,2518.428223,2492.645508,0.824129,-0.010193,0.566310,0.014413,0.999892,-0.002977,-0.566218,0.010616,0.824187),velocity=Vector3.new(9.324677, 48.595936, -4.233997),slideActive=false,wallhopFlick=false,humanoidState=5},
    {type="keyframe",time=0.433333,cframe=CFrame.new(2492.286133,2518.821289,2492.612305,0.824161,-0.007198,0.566311,0.010514,0.999941,-0.002593,-0.566259,0.008091,0.824188),velocity=Vector3.new(12.706522, 46.605640, -4.366294),slideActive=false,wallhopFlick=false,humanoidState=5},
    {type="keyframe",time=0.437500,cframe=CFrame.new(2492.340332,2519.011963,2492.592041,0.836306,-0.006256,0.548228,0.009126,0.999955,-0.002510,-0.548187,0.007102,0.836325),velocity=Vector3.new(12.990733, 45.788139, -4.889975),slideActive=false,wallhopFlick=false,humanoidState=5},
    {type="keyframe",time=0.441667,cframe=CFrame.new(2492.395752,2519.199219,2492.569580,0.836314,-0.004993,0.548228,0.007492,0.999969,-0.002322,-0.548200,0.006049,0.836326),velocity=Vector3.new(13.274944, 44.970638, -5.413655),slideActive=false,wallhopFlick=false,humanoidState=5},
    {type="keyframe",time=0.445833,cframe=CFrame.new(2492.452393,2519.383301,2492.544922,0.848067,-0.003866,0.529875,0.005858,0.999981,-0.002081,-0.529856,0.004869,0.848073),velocity=Vector3.new(13.589573, 44.153137, -5.919645),slideActive=false,wallhopFlick=false,humanoidState=5},
    {type="keyframe",time=0.450000,cframe=CFrame.new(2492.510254,2519.563965,2492.518066,0.848071,-0.002761,0.529875,0.004373,0.999989,-0.001789,-0.529864,0.003835,0.848074),velocity=Vector3.new(13.904202, 43.335636, -6.425636),slideActive=false,wallhopFlick=false,humanoidState=5},
    {type="keyframe",time=0.454167,cframe=CFrame.new(2492.569580,2519.741211,2492.489258,0.857546,-0.001892,0.514405,0.003105,0.999994,-0.001498,-0.514399,0.002882,0.857546),velocity=Vector3.new(14.256400, 42.518135, -6.906233),slideActive=false,wallhopFlick=false,humanoidState=5},
    {type="keyframe",time=0.458333,cframe=CFrame.new(2492.630371,2519.915039,2492.458496,0.857547,-0.001162,0.514405,0.002080,0.999997,-0.001207,-0.514402,0.002105,0.857547),velocity=Vector3.new(14.608599, 41.700634, -7.386830),slideActive=false,wallhopFlick=false,humanoidState=5},
    {type="keyframe",time=0.462500,cframe=CFrame.new(2492.692871,2520.085449,2492.425781,0.866739,-0.000643,0.498761,0.001286,0.999999,-0.000945,-0.498760,0.001460,0.866739),velocity=Vector3.new(15.001285, 40.883133, -7.834954),slideActive=false,wallhopFlick=false,humanoidState=5},
    {type="keyframe",time=0.466667,cframe=CFrame.new(2492.757080,2520.252441,2492.391357,0.866739,-0.000256,0.498761,0.000702,1.000000,-0.000707,-0.498761,0.000963,0.866739),velocity=Vector3.new(15.393970, 40.065632, -8.283078),slideActive=false,wallhopFlick=false,humanoidState=5},
    {type="keyframe",time=0.470833,cframe=CFrame.new(2492.822998,2520.416016,2492.355225,0.873882,-0.000008,0.486139,0.000292,1.000000,-0.000509,-0.486139,0.000587,0.873882),velocity=Vector3.new(15.843076, 39.248131, -8.674642),slideActive=false,wallhopFlick=false,humanoidState=5},
    {type="keyframe",time=0.475000,cframe=CFrame.new(2492.890869,2520.576172,2492.317383,0.873882,0.000148,0.486139,0.000023,1.000000,-0.000344,-0.486139,0.000312,0.873882),velocity=Vector3.new(16.292181, 38.430630, -9.066205),slideActive=false,wallhopFlick=false,humanoidState=5},
    {type="keyframe",time=0.479167,cframe=CFrame.new(2492.960938,2520.732910,2492.278320,0.880855,0.000226,0.473386,-0.000140,1.000000,-0.000216,-0.473386,0.000123,0.880855),velocity=Vector3.new(16.813410, 37.613129, -9.354889),slideActive=false,wallhopFlick=false,humanoidState=5},
    {type="keyframe",time=0.483333,cframe=CFrame.new(2493.032715,2520.886230,2492.238281,0.880855,0.000254,0.473386,-0.000225,1.000000,-0.000117,-0.473386,-0.000003,0.880855),velocity=Vector3.new(17.228550, 36.795628, -9.584816),slideActive=false,wallhopFlick=false,humanoidState=5},
    {type="keyframe",time=0.487500,cframe=CFrame.new(2493.105469,2521.036133,2492.198730,0.885963,0.000248,0.463756,-0.000256,1.000000,-0.000046,-0.463756,-0.000078,0.885963),velocity=Vector3.new(17.471394, 35.978127, -9.511633),slideActive=false,wallhopFlick=false,humanoidState=5},
    {type="keyframe",time=0.491667,cframe=CFrame.new(2493.170654,2521.180176,2492.187012,0.885960,0.002395,0.463756,-0.002157,0.999997,-0.001044,-0.463757,-0.000075,0.885962),velocity=Vector3.new(15.641315, 34.557774, -4.223034),slideActive=false,wallhopFlick=false,humanoidState=5},
    {type="keyframe",time=0.495833,cframe=CFrame.new(2493.230957,2521.320801,2492.193359,0.890960,0.003430,0.454069,-0.003086,0.999994,-0.001500,-0.454071,-0.000064,0.890965),velocity=Vector3.new(14.483922, 33.740273, -1.711810),slideActive=false,wallhopFlick=false,humanoidState=5},
    {type="keyframe",time=0.500000,cframe=CFrame.new(2493.287598,2521.458008,2492.200195,0.895846,0.003734,0.444349,-0.003377,0.999993,-0.001596,-0.444352,-0.000071,0.895852),velocity=Vector3.new(13.570896, 32.922771, 0.527583),slideActive=false,wallhopFlick=false,humanoidState=5},
    {type="keyframe",time=0.504167,cframe=CFrame.new(2493.345215,2521.591797,2492.200195,0.895847,0.003582,0.444349,-0.003279,0.999994,-0.001450,-0.444351,-0.000158,0.895853),velocity=Vector3.new(13.811834, 32.105270, -0.017363),slideActive=false,wallhopFlick=false,humanoidState=5},
    {type="keyframe",time=0.508333,cframe=CFrame.new(2493.403809,2521.722168,2492.197754,0.900637,0.003184,0.434561,-0.002954,0.999995,-0.001203,-0.434563,-0.000200,0.900642),velocity=Vector3.new(14.062104, 31.287771, -0.558087),slideActive=false,wallhopFlick=false,humanoidState=5},
    {type="keyframe",time=0.512500,cframe=CFrame.new(2493.463379,2521.849121,2492.193115,0.900638,0.002674,0.434561,-0.002521,0.999996,-0.000927,-0.434562,-0.000261,0.900642),velocity=Vector3.new(14.312374, 30.470272, -1.098811),slideActive=false,wallhopFlick=false,humanoidState=5},
    {type="keyframe",time=0.516667,cframe=CFrame.new(2493.524170,2521.972656,2492.186279,0.905314,0.002147,0.424738,-0.002061,0.999998,-0.000662,-0.424739,-0.000276,0.905316),velocity=Vector3.new(14.573422, 29.652773, -1.634414),slideActive=false,wallhopFlick=false,humanoidState=5},
    {type="keyframe",time=0.520833,cframe=CFrame.new(2493.585938,2522.092773,2492.177246,0.905315,0.001651,0.424738,-0.001620,0.999999,-0.000434,-0.424738,-0.000295,0.905316),velocity=Vector3.new(14.834471, 28.835274, -2.170018),slideActive=false,wallhopFlick=false,humanoidState=5},
    {type="keyframe",time=0.525000,cframe=CFrame.new(2493.648926,2522.209473,2492.166016,0.909889,0.001220,0.414849,-0.001227,0.999999,-0.000250,-0.414849,-0.000281,0.909890),velocity=Vector3.new(15.108239, 28.017775, -2.699233),slideActive=false,wallhopFlick=false,humanoidState=5},
    {type="keyframe",time=0.529167,cframe=CFrame.new(2493.707275,2522.322754,2492.167236,0.909890,0.000889,0.414849,-0.000855,1.000000,-0.000266,-0.414850,-0.000113,0.909890),velocity=Vector3.new(14.022609, 27.200275, -0.404915),slideActive=false,wallhopFlick=false,humanoidState=5},
    {type="keyframe",time=0.533333,cframe=CFrame.new(2493.761719,2522.432617,2492.175781,0.912885,0.000617,0.408215,-0.000578,1.000000,-0.000219,-0.408215,-0.000036,0.912886),velocity=Vector3.new(13.086057, 26.382776, 1.548371),slideActive=false,wallhopFlick=false,humanoidState=5},
    {type="keyframe",time=0.537500,cframe=CFrame.new(2493.817383,2522.539062,2492.179932,0.912886,0.000400,0.408215,-0.000377,1.000000,-0.000135,-0.408215,-0.000031,0.912886),velocity=Vector3.new(13.360615, 25.565277, 1.019565),slideActive=false,wallhopFlick=false,humanoidState=5},
    {type="keyframe",time=0.541667,cframe=CFrame.new(2493.874268,2522.642090,2492.181885,0.917271,0.000239,0.398263,-0.000230,1.000000,-0.000072,-0.398263,-0.000025,0.917271),velocity=Vector3.new(13.640964, 24.747778, 0.493807),slideActive=false,wallhopFlick=false,humanoidState=5},
    {type="keyframe",time=0.545833,cframe=CFrame.new(2493.932373,2522.741699,2492.181641,0.917271,0.000125,0.398263,-0.000124,1.000000,-0.000029,-0.398263,-0.000022,0.917271),velocity=Vector3.new(13.921312, 23.930279, -0.031952),slideActive=false,wallhopFlick=false,humanoidState=5},
    {type="keyframe",time=0.550000,cframe=CFrame.new(2493.991699,2522.837891,2492.179443,0.920134,0.000048,0.391604,-0.000052,1.000000,-0.000002,-0.391604,-0.000019,0.920134),velocity=Vector3.new(14.211513, 23.112780, -0.552337),slideActive=false,wallhopFlick=false,humanoidState=5},
    {type="keyframe",time=0.554167,cframe=CFrame.new(2494.052002,2522.930908,2492.175049,0.920134,-0.000001,0.391604,-0.000005,1.000000,0.000014,-0.391604,-0.000015,0.920134),velocity=Vector3.new(14.501713, 22.295280, -1.072723),slideActive=false,wallhopFlick=false,humanoidState=5},
    {type="keyframe",time=0.558333,cframe=CFrame.new(2494.113770,2523.020508,2492.168457,0.922957,-0.000029,0.384903,0.000023,1.000000,0.000022,-0.384903,-0.000011,0.922957),velocity=Vector3.new(14.799541, 21.477781, -1.588782),slideActive=false,wallhopFlick=false,humanoidState=5},
    {type="keyframe",time=0.562500,cframe=CFrame.new(2494.176758,2523.106689,2492.159668,0.922957,-0.000043,0.384903,0.000037,1.000000,0.000023,-0.384903,-0.000007,0.922957),velocity=Vector3.new(15.097368, 20.660282, -2.104840),slideActive=false,wallhopFlick=false,humanoidState=5},
    {type="keyframe",time=0.566667,cframe=CFrame.new(2494.240967,2523.189453,2492.148682,0.927090,-0.000048,0.374839,0.000043,1.000000,0.000022,-0.374839,-0.000004,0.927090),velocity=Vector3.new(15.404313, 19.842783, -2.615528),slideActive=false,wallhopFlick=false,humanoidState=5},
    {type="keyframe",time=0.570833,cframe=CFrame.new(2494.306396,2523.268799,2492.135742,0.927090,-0.000046,0.374839,0.000042,1.000000,0.000018,-0.374839,-0.000001,0.927090),velocity=Vector3.new(15.711258, 19.025284, -3.126216),slideActive=false,wallhopFlick=false,humanoidState=5},
    {type="keyframe",time=0.575000,cframe=CFrame.new(2494.366699,2523.344727,2492.134277,0.929791,-0.000041,0.368089,0.000039,1.000000,0.000014,-0.368089,0.000002,0.929791),velocity=Vector3.new(14.498561, 18.207785, -0.856905),slideActive=false,wallhopFlick=false,humanoidState=5},
    {type="keyframe",time=0.579167,cframe=CFrame.new(2494.428467,2523.417236,2492.128662,0.929791,-0.000035,0.368089,0.000034,1.000000,0.000010,-0.368089,0.000003,0.929791),velocity=Vector3.new(14.808451, 17.390285, -1.365811),slideActive=false,wallhopFlick=false,humanoidState=5},
    {type="keyframe",time=0.587500,cframe=CFrame.new(2494.485840,2523.486328,2492.134766,0.935038,-0.000028,0.354548,0.000027,1.000000,0.000008,-0.354548,0.000002,0.935038),velocity=Vector3.new(13.743470, 16.572786, 0.652345),slideActive=false,wallhopFlick=false,humanoidState=5},
    {type="keyframe",time=0.591667,cframe=CFrame.new(2494.604248,2523.614258,2492.133789,0.935038,-0.000016,0.354548,0.000016,1.000000,0.000003,-0.354548,0.000003,0.935038),velocity=Vector3.new(14.360677, 14.937786, -0.367031),slideActive=false,wallhopFlick=false,humanoidState=5},
    {type="keyframe",time=0.595833,cframe=CFrame.new(2494.665527,2523.673096,2492.130127,0.937591,-0.000012,0.347741,0.000012,1.000000,0.000001,-0.347741,0.000003,0.937591),velocity=Vector3.new(14.683803, 14.120286, -0.867638),slideActive=false,wallhopFlick=false,humanoidState=5},
    {type="keyframe",time=0.600000,cframe=CFrame.new(2494.728027,2523.728516,2492.124512,0.937591,-0.000008,0.347741,0.000008,1.000000,-0.000000,-0.347741,0.000003,0.937591),velocity=Vector3.new(15.006928, 13.302786, -1.368245),slideActive=false,wallhopFlick=false,humanoidState=5},
    {type="keyframe",time=0.608333,cframe=CFrame.new(2494.791992,2523.780518,2492.116699,0.940093,-0.000005,0.340920,0.000006,1.000000,-0.000001,-0.340920,0.000003,0.940093),velocity=Vector3.new(15.338694, 12.485286, -1.863168),slideActive=false,wallhopFlick=false,humanoidState=5},
    {type="keyframe",time=0.612500,cframe=CFrame.new(2494.923828,2523.874268,2492.094971,0.942540,-0.000001,0.334093,0.000002,1.000000,-0.000001,-0.334093,0.000002,0.942540),velocity=Vector3.new(16.002224, 10.850286, -2.853016),slideActive=false,wallhopFlick=false,humanoidState=5},
    {type="keyframe",time=0.616667,cframe=CFrame.new(2494.985107,2523.916016,2492.099365,0.942540,-0.000000,0.334093,0.000001,1.000000,-0.000000,-0.334093,0.000000,0.942540),velocity=Vector3.new(14.729166, 10.032785, -0.671895),slideActive=false,wallhopFlick=false,humanoidState=5},
    {type="keyframe",time=0.620833,cframe=CFrame.new(2495.041992,2523.954346,2492.108643,0.943749,0.000000,0.330661,-0.000000,1.000000,0.000000,-0.330661,-0.000000,0.943749),velocity=Vector3.new(13.626860, 9.215285, 1.179812),slideActive=false,wallhopFlick=false,humanoidState=5},
    {type="keyframe",time=0.625000,cframe=CFrame.new(2495.100098,2523.989258,2492.111572,0.943749,0.000000,0.330661,-0.000001,1.000000,0.000000,-0.330661,-0.000000,0.943749),velocity=Vector3.new(13.956618, 8.397785, 0.683549),slideActive=false,wallhopFlick=false,humanoidState=5},
    {type="keyframe",time=0.633333,cframe=CFrame.new(2495.159668,2524.020752,2492.112305,0.944946,0.000001,0.327226,-0.000001,1.000000,0.000000,-0.327226,-0.000000,0.944946),velocity=Vector3.new(14.289647, 7.580285, 0.189475),slideActive=false,wallhopFlick=false,humanoidState=5},
    {type="keyframe",time=0.637500,cframe=CFrame.new(2495.282959,2524.073486,2492.107666,0.946126,0.000001,0.323798,-0.000001,1.000000,0.000000,-0.323798,-0.000000,0.946126),velocity=Vector3.new(14.955705, 5.945285, -0.798672),slideActive=false,wallhopFlick=false,humanoidState=5},
    {type="keyframe",time=0.641667,cframe=CFrame.new(2495.346680,2524.094971,2492.102295,0.947294,0.000001,0.320366,-0.000001,1.000000,0.000000,-0.320366,-0.000000,0.947294),velocity=Vector3.new(15.296972, 5.127785, -1.287092),slideActive=false,wallhopFlick=false,humanoidState=5},
    {type="keyframe",time=0.645833,cframe=CFrame.new(2495.411865,2524.113037,2492.094971,0.947294,0.000000,0.320366,-0.000000,1.000000,0.000000,-0.320366,-0.000000,0.947294),velocity=Vector3.new(15.638240, 4.310285, -1.775512),slideActive=false,wallhopFlick=false,humanoidState=5},
    {type="keyframe",time=0.650000,cframe=CFrame.new(2495.478516,2524.127686,2492.085449,0.948449,0.000000,0.316930,-0.000000,1.000000,0.000000,-0.316930,-0.000000,0.948449),velocity=Vector3.new(15.984506, 3.492785, -2.260401),slideActive=false,wallhopFlick=false,humanoidState=5},
    {type="keyframe",time=0.654167,cframe=CFrame.new(2495.539795,2524.138916,2492.088867,0.948449,0.000000,0.316930,-0.000000,1.000000,-0.000000,-0.316930,-0.000000,0.948449),velocity=Vector3.new(14.735945, 2.675284, -0.174034),slideActive=false,wallhopFlick=false,humanoidState=5},
    {type="keyframe",time=0.658333,cframe=CFrame.new(2495.596436,2524.146729,2492.097412,0.948449,0.000000,0.316930,-0.000000,1.000000,-0.000000,-0.316930,0.000000,0.948449),velocity=Vector3.new(13.609087, 1.857784, 1.575291),slideActive=false,wallhopFlick=false,humanoidState=5},
    {type="keyframe",time=0.662500,cframe=CFrame.new(2495.654541,2524.151123,2492.101807,0.948449,0.000000,0.316930,-0.000000,1.000000,-0.000000,-0.316930,0.000000,0.948449),velocity=Vector3.new(13.943211, 1.040284, 1.081957),slideActive=false,wallhopFlick=false,humanoidState=5},
    {type="keyframe",time=0.666667,cframe=CFrame.new(2495.714111,2524.152100,2492.104248,0.948449,0.000000,0.316930,-0.000000,1.000000,-0.000000,-0.316930,0.000000,0.948449),velocity=Vector3.new(14.277334, 0.222784, 0.588623),slideActive=false,wallhopFlick=false,humanoidState=5},
    {type="keyframe",time=0.670833,cframe=CFrame.new(2495.774902,2524.149658,2492.104736,0.948449,0.000000,0.316930,-0.000000,1.000000,-0.000000,-0.316930,0.000000,0.948449),velocity=Vector3.new(14.611458, -0.594716, 0.095288),slideActive=false,wallhopFlick=false,humanoidState=7},
    {type="keyframe",time=0.675000,cframe=CFrame.new(2495.841797,2524.143799,2492.096191,0.948449,-0.000000,0.316930,0.000000,1.000000,-0.000000,-0.316930,0.000000,0.948449),velocity=Vector3.new(16.055506, -1.412216, -2.036846),slideActive=false,wallhopFlick=false,humanoidState=7},
    {type="keyframe",time=0.679167,cframe=CFrame.new(2495.914795,2524.134521,2492.078857,0.948449,-0.000000,0.316930,0.000000,1.000000,-0.000000,-0.316930,0.000000,0.948449),velocity=Vector3.new(17.499554, -2.229716, -4.168982),slideActive=false,wallhopFlick=false,humanoidState=7},
    {type="keyframe",time=0.683333,cframe=CFrame.new(2495.988525,2524.122070,2492.073730,0.948449,-0.000325,0.316930,0.000310,1.000000,0.000097,-0.316930,0.000006,0.948449),velocity=Vector3.new(17.681229, -2.963561, -2.771023),slideActive=false,wallhopFlick=false,humanoidState=7},
    {type="keyframe",time=0.687500,cframe=CFrame.new(2496.064209,2524.106445,2492.069336,0.948449,-0.000703,0.316930,0.000672,1.000000,0.000207,-0.316930,0.000017,0.948449),velocity=Vector3.new(18.168192, -3.739001, -3.809753),slideActive=false,wallhopFlick=false,humanoidState=7},
