return {
    {type="keyframe",time=0.004167,cframe=CFrame.new(2492.403564,2503.400635,2494.294922,0.942726,0.000000,0.333567,0.000000,1.000000,0.000000,-0.333567,0.000000,0.942726),velocity=Vector3.new(0.000000, 0.013317, 0.000000),slideActive=false,wallhopFlick=false,humanoidState=8},
    {type="keyframe",time=0.008333,cframe=CFrame.new(2492.403564,2503.400635,2494.294922,0.942726,0.000000,0.333567,0.000000,1.000000,0.000000,-0.333567,0.000000,0.942726),velocity=Vector3.new(0.000000, 0.013317, 0.000000),slideActive=false,wallhopFlick=false,humanoidState=8},
    {type="keyframe",time=0.012500,cframe=CFrame.new(2492.403564,2503.400635,2494.294922,0.918793,0.000000,0.394739,0.000000,1.000000,0.000000,-0.394739,0.000000,0.918793),velocity=Vector3.new(0.000000, 0.013317, 0.000000),slideActive=false,wallhopFlick=false,humanoidState=8},
    {type="keyframe",time=0.016667,cframe=CFrame.new(2492.399414,2503.400635,2494.285156,0.918793,0.000000,0.394739,0.000000,1.000000,0.000000,-0.394739,0.000000,0.918793),velocity=Vector3.new(-1.016502, 0.013317, -2.366008),slideActive=false,wallhopFlick=false,humanoidState=8},
    {type="keyframe",time=0.020833,cframe=CFrame.new(2492.390869,2503.400635,2494.265381,0.918793,0.000000,0.394739,0.000000,1.000000,0.000000,-0.394739,0.000000,0.918793),velocity=Vector3.new(-2.033005, 0.013317, -4.732016),slideActive=false,wallhopFlick=false,humanoidState=8},
    {type="keyframe",time=0.025000,cframe=CFrame.new(2492.378174,2503.400635,2494.235840,0.918793,0.000000,0.394739,0.000000,1.000000,0.000000,-0.394739,0.000000,0.918793),velocity=Vector3.new(-3.049507, 0.019420, -7.098024),slideActive=false,wallhopFlick=false,humanoidState=8},
    {type="keyframe",time=0.029167,cframe=CFrame.new(2492.361328,2503.400635,2494.196289,0.918793,0.000000,0.394739,0.000000,1.000000,0.000000,-0.394739,0.000000,0.918793),velocity=Vector3.new(-4.066009, 0.022726, -9.464031),slideActive=false,wallhopFlick=false,humanoidState=8},
    {type="keyframe",time=0.033333,cframe=CFrame.new(2492.340088,2503.400635,2494.146973,0.918793,0.000000,0.394739,0.000000,1.000000,0.000000,-0.394739,0.000000,0.918793),velocity=Vector3.new(-5.082511, 0.024517, -11.830039),slideActive=false,wallhopFlick=false,humanoidState=8},
    {type="keyframe",time=0.037500,cframe=CFrame.new(2492.314697,2503.400635,2494.087891,0.918793,0.000000,0.394739,0.000000,1.000000,0.000000,-0.394739,0.000000,0.918793),velocity=Vector3.new(-6.099013, 0.025487, -14.196047),slideActive=false,wallhopFlick=false,humanoidState=8},
    {type="keyframe",time=0.045833,cframe=CFrame.new(2492.285156,2503.400635,2494.018799,0.918793,0.000000,0.394739,0.000000,1.000000,0.000000,-0.394739,0.000000,0.918793),velocity=Vector3.new(-7.115516, 0.026013, -16.562054),slideActive=false,wallhopFlick=false,humanoidState=8},
    {type="keyframe",time=0.054167,cframe=CFrame.new(2492.220947,2503.400635,2493.869629,0.918793,0.000000,0.394739,0.000000,1.000000,0.000000,-0.394739,0.000000,0.918793),velocity=Vector3.new(-7.785195, 0.026451, -18.120798),slideActive=false,wallhopFlick=false,humanoidState=8},
    {type="keyframe",time=0.058333,cframe=CFrame.new(2492.155518,2503.400635,2493.717041,0.918793,0.000000,0.394739,0.000000,1.000000,0.000000,-0.394739,0.000000,0.918793),velocity=Vector3.new(-7.879369, 0.026580, -18.339996),slideActive=false,wallhopFlick=false,humanoidState=8},
    {type="keyframe",time=0.062500,cframe=CFrame.new(2492.122559,2503.400635,2493.640625,0.918793,0.000000,0.394739,0.000000,1.000000,0.000000,-0.394739,0.000000,0.918793),velocity=Vector3.new(-7.889000, 0.026605, -18.362415),slideActive=false,wallhopFlick=false,humanoidState=8},
    {type="keyframe",time=0.070833,cframe=CFrame.new(2492.089600,2503.400635,2493.563965,0.918793,0.000000,0.394739,0.000000,1.000000,0.000000,-0.394739,0.000000,0.918793),velocity=Vector3.new(-7.892612, 0.026618, -18.370823),slideActive=false,wallhopFlick=false,humanoidState=8},
    {type="keyframe",time=0.075000,cframe=CFrame.new(2492.023682,2503.400635,2493.410645,0.918793,0.000000,0.394739,0.000000,1.000000,0.000000,-0.394739,0.000000,0.918793),velocity=Vector3.new(-7.894474, 0.026629, -18.375156),slideActive=false,wallhopFlick=false,humanoidState=8},
    {type="keyframe",time=0.079167,cframe=CFrame.new(2491.990723,2503.400635,2493.333984,0.918793,0.000000,0.394739,0.000000,1.000000,0.000000,-0.394739,0.000000,0.918793),velocity=Vector3.new(-7.894664, 0.026631, -18.375599),slideActive=false,wallhopFlick=false,humanoidState=8},
    {type="keyframe",time=0.083333,cframe=CFrame.new(2491.957764,2503.400635,2493.257324,0.918793,0.000000,0.394739,0.000000,1.000000,0.000000,-0.394739,0.000000,0.918793),velocity=Vector3.new(-7.894736, 0.026632, -18.375765),slideActive=false,wallhopFlick=false,humanoidState=8},
    {type="keyframe",time=0.087500,cframe=CFrame.new(2491.924805,2503.400635,2493.180664,0.918793,0.000000,0.394739,0.000000,1.000000,0.000000,-0.394739,0.000000,0.918793),velocity=Vector3.new(-7.894763, 0.026633, -18.375828),slideActive=false,wallhopFlick=false,humanoidState=8},
    {type="keyframe",time=0.091667,cframe=CFrame.new(2491.891846,2503.400635,2493.104004,0.918793,0.000000,0.394739,0.000000,1.000000,0.000000,-0.394739,0.000000,0.918793),velocity=Vector3.new(-7.894773, 0.026633, -18.375851),slideActive=false,wallhopFlick=false,humanoidState=8},
    {type="keyframe",time=0.095833,cframe=CFrame.new(2491.858887,2503.400635,2493.027344,0.918793,0.000000,0.394739,0.000000,1.000000,0.000000,-0.394739,0.000000,0.918793),velocity=Vector3.new(-7.894776, 0.026633, -18.375860),slideActive=false,wallhopFlick=false,humanoidState=8},
    {type="keyframe",time=0.100000,cframe=CFrame.new(2491.825928,2503.400635,2492.950684,0.918793,0.000000,0.394739,0.000000,1.000000,0.000000,-0.394739,0.000000,0.918793),velocity=Vector3.new(-7.894778, 0.026633, -18.375864),slideActive=false,wallhopFlick=false,humanoidState=8},
    {type="keyframe",time=0.104167,cframe=CFrame.new(2491.792969,2503.400635,2492.874023,0.918793,0.000000,0.394739,0.000000,1.000000,0.000000,-0.394739,0.000000,0.918793),velocity=Vector3.new(-7.894778, 0.026633, -18.375866),slideActive=false,wallhopFlick=false,humanoidState=8},
    {type="keyframe",time=0.108333,cframe=CFrame.new(2491.760010,2503.400635,2492.797363,0.918793,0.000000,0.394739,0.000000,1.000000,0.000000,-0.394739,0.000000,0.918793),velocity=Vector3.new(-7.894779, 0.026633, -18.375866),slideActive=false,wallhopFlick=false,humanoidState=8},
    {type="keyframe",time=0.112500,cframe=CFrame.new(2491.727051,2503.400635,2492.720703,0.918793,0.000000,0.394739,0.000000,1.000000,0.000000,-0.394739,0.000000,0.918793),velocity=Vector3.new(-7.894779, 0.026633, -18.375866),slideActive=false,wallhopFlick=false,humanoidState=8},
    {type="keyframe",time=0.116667,cframe=CFrame.new(2491.694092,2503.400635,2492.644043,0.918793,0.000000,0.394739,0.000000,1.000000,0.000000,-0.394739,0.000000,0.918793),velocity=Vector3.new(-7.894779, 0.026633, -18.375866),slideActive=false,wallhopFlick=false,humanoidState=8},
    {type="keyframe",time=0.120833,cframe=CFrame.new(2491.661133,2503.400635,2492.567383,0.918793,0.000000,0.394739,0.000000,1.000000,0.000000,-0.394739,0.000000,0.918793),velocity=Vector3.new(-7.894779, 0.026633, -18.375866),slideActive=false,wallhopFlick=false,humanoidState=8},
    {type="keyframe",time=0.125000,cframe=CFrame.new(2491.628174,2503.400635,2492.490723,0.918793,0.000000,0.394739,0.000000,1.000000,0.000000,-0.394739,0.000000,0.918793),velocity=Vector3.new(-7.894779, 0.026633, -18.375866),slideActive=false,wallhopFlick=false,humanoidState=8},
    {type="keyframe",time=0.129167,cframe=CFrame.new(2491.595215,2503.400635,2492.414062,0.918793,0.000000,0.394739,0.000000,1.000000,0.000000,-0.394739,0.000000,0.918793),velocity=Vector3.new(-7.894779, 0.026633, -18.375866),slideActive=false,wallhopFlick=false,humanoidState=8},
    {type="keyframe",time=0.133333,cframe=CFrame.new(2491.562256,2503.400635,2492.337402,0.918793,0.000000,0.394739,0.000000,1.000000,0.000000,-0.394739,0.000000,0.918793),velocity=Vector3.new(-7.894779, 0.026633, -18.375866),slideActive=false,wallhopFlick=false,humanoidState=8},
    {type="keyframe",time=0.137500,cframe=CFrame.new(2491.529297,2503.400635,2492.260742,0.918793,0.000000,0.394739,0.000000,1.000000,0.000000,-0.394739,0.000000,0.918793),velocity=Vector3.new(-7.894779, 0.026633, -18.375866),slideActive=false,wallhopFlick=false,humanoidState=8},
    {type="keyframe",time=0.141667,cframe=CFrame.new(2491.496338,2503.400635,2492.184082,0.918793,0.000000,0.394739,0.000000,1.000000,0.000000,-0.394739,0.000000,0.918793),velocity=Vector3.new(-7.894779, 0.026633, -18.375866),slideActive=false,wallhopFlick=false,humanoidState=8},
    {type="keyframe",time=0.145833,cframe=CFrame.new(2491.463379,2503.400635,2492.107422,0.918793,0.000000,0.394739,0.000000,1.000000,0.000000,-0.394739,0.000000,0.918793),velocity=Vector3.new(-7.894779, 0.026633, -18.375866),slideActive=false,wallhopFlick=false,humanoidState=8},
    {type="keyframe",time=0.150000,cframe=CFrame.new(2491.430420,2503.400635,2492.030762,0.918793,0.000000,0.394739,0.000000,1.000000,0.000000,-0.394739,0.000000,0.918793),velocity=Vector3.new(-7.894779, 0.026633, -18.375866),slideActive=false,wallhopFlick=false,humanoidState=8},
    {type="keyframe",time=0.154167,cframe=CFrame.new(2491.397461,2503.400635,2491.954102,0.918793,0.000000,0.394739,0.000000,1.000000,0.000000,-0.394739,0.000000,0.918793),velocity=Vector3.new(-7.894779, 0.026633, -18.375866),slideActive=false,wallhopFlick=false,humanoidState=8},
    {type="keyframe",time=0.158333,cframe=CFrame.new(2491.364502,2503.400635,2491.877441,0.918793,0.000000,0.394739,0.000000,1.000000,0.000000,-0.394739,0.000000,0.918793),velocity=Vector3.new(-7.894779, 0.026633, -18.375866),slideActive=false,wallhopFlick=false,humanoidState=8},
    {type="keyframe",time=0.162500,cframe=CFrame.new(2491.331543,2503.400635,2491.800781,0.918793,0.000000,0.394739,0.000000,1.000000,0.000000,-0.394739,0.000000,0.918793),velocity=Vector3.new(-7.894779, 0.026633, -18.375866),slideActive=false,wallhopFlick=false,humanoidState=8},
    {type="keyframe",time=0.166667,cframe=CFrame.new(2491.298584,2503.400635,2491.724121,0.918793,0.000000,0.394739,0.000000,1.000000,0.000000,-0.394739,0.000000,0.918793),velocity=Vector3.new(-7.894779, 0.026633, -18.375866),slideActive=false,wallhopFlick=false,humanoidState=8},
    {type="keyframe",time=0.170833,cframe=CFrame.new(2491.265625,2503.400635,2491.647461,0.918793,0.000000,0.394739,0.000000,1.000000,0.000000,-0.394739,0.000000,0.918793),velocity=Vector3.new(-7.894779, 0.026633, -18.375866),slideActive=false,wallhopFlick=false,humanoidState=8},
    {type="keyframe",time=0.175000,cframe=CFrame.new(2491.232666,2503.400635,2491.570801,0.918793,0.000000,0.394739,0.000000,1.000000,0.000000,-0.394739,0.000000,0.918793),velocity=Vector3.new(-7.894779, 0.026633, -18.375866),slideActive=false,wallhopFlick=false,humanoidState=8},
    {type="keyframe",time=0.183333,cframe=CFrame.new(2491.199707,2503.400635,2491.494141,0.918793,0.000000,0.394739,0.000000,1.000000,0.000000,-0.394739,0.000000,0.918793),velocity=Vector3.new(-7.894779, 0.026633, -18.375866),slideActive=false,wallhopFlick=false,humanoidState=8},
    {type="keyframe",time=0.187500,cframe=CFrame.new(2491.133789,2503.400635,2491.340820,0.918793,0.000000,0.394739,0.000000,1.000000,0.000000,-0.394739,0.000000,0.918793),velocity=Vector3.new(-7.894779, 0.026633, -18.375866),slideActive=false,wallhopFlick=false,humanoidState=8},
    {type="keyframe",time=0.191667,cframe=CFrame.new(2491.100830,2503.400635,2491.264160,0.918793,0.000000,0.394739,0.000000,1.000000,0.000000,-0.394739,0.000000,0.918793),velocity=Vector3.new(-7.894779, 0.026633, -18.375866),slideActive=false,wallhopFlick=false,humanoidState=8},
    {type="keyframe",time=0.195833,cframe=CFrame.new(2491.067871,2503.400635,2491.187500,0.918793,0.000000,0.394739,0.000000,1.000000,0.000000,-0.394739,0.000000,0.918793),velocity=Vector3.new(-7.894779, 0.026633, -18.375866),slideActive=false,wallhopFlick=false,humanoidState=8},
    {type="keyframe",time=0.200000,cframe=CFrame.new(2491.034912,2503.400635,2491.110840,0.918793,0.000000,0.394739,0.000000,1.000000,0.000000,-0.394739,0.000000,0.918793),velocity=Vector3.new(-7.894779, 0.026633, -18.375866),slideActive=false,wallhopFlick=false,humanoidState=8},
    {type="keyframe",time=0.204167,cframe=CFrame.new(2491.001953,2503.400635,2491.034180,0.918793,0.000000,0.394739,0.000000,1.000000,0.000000,-0.394739,0.000000,0.918793),velocity=Vector3.new(-7.894779, 0.026633, -18.375866),slideActive=false,wallhopFlick=false,humanoidState=8},
    {type="keyframe",time=0.208333,cframe=CFrame.new(2490.968994,2503.400635,2490.957520,0.918793,0.000000,0.394739,0.000000,1.000000,0.000000,-0.394739,0.000000,0.918793),velocity=Vector3.new(-7.894779, 0.026633, -18.375866),slideActive=false,wallhopFlick=false,humanoidState=8},
    {type="keyframe",time=0.212500,cframe=CFrame.new(2490.936035,2503.400635,2490.880859,0.918793,0.000000,0.394739,0.000000,1.000000,0.000000,-0.394739,0.000000,0.918793),velocity=Vector3.new(-7.894779, 0.026633, -18.375866),slideActive=false,wallhopFlick=false,humanoidState=8},
    {type="keyframe",time=0.216667,cframe=CFrame.new(2490.903076,2503.400635,2490.804199,0.918793,0.000000,0.394739,0.000000,1.000000,0.000000,-0.394739,0.000000,0.918793),velocity=Vector3.new(-7.894779, 0.026633, -18.375866),slideActive=false,wallhopFlick=false,humanoidState=8},
    {type="keyframe",time=0.220833,cframe=CFrame.new(2490.870117,2503.400635,2490.727539,0.918793,0.000000,0.394739,0.000000,1.000000,0.000000,-0.394739,0.000000,0.918793),velocity=Vector3.new(-7.894779, 0.026633, -18.375866),slideActive=false,wallhopFlick=false,humanoidState=8},
    {type="keyframe",time=0.225000,cframe=CFrame.new(2490.837158,2503.400635,2490.650879,0.918793,0.000000,0.394739,0.000000,1.000000,0.000000,-0.394739,0.000000,0.918793),velocity=Vector3.new(-7.894779, 0.026633, -18.375866),slideActive=false,wallhopFlick=false,humanoidState=8},
    {type="keyframe",time=0.229167,cframe=CFrame.new(2490.804199,2503.400635,2490.574219,0.918793,0.000000,0.394739,0.000000,1.000000,0.000000,-0.394739,0.000000,0.918793),velocity=Vector3.new(-7.894779, 0.026633, -18.375866),slideActive=false,wallhopFlick=false,humanoidState=8},
    {type="keyframe",time=0.233333,cframe=CFrame.new(2490.771240,2503.400635,2490.497559,0.918793,0.000000,0.394739,0.000000,1.000000,0.000000,-0.394739,0.000000,0.918793),velocity=Vector3.new(-7.894779, 0.026633, -18.375866),slideActive=false,wallhopFlick=false,humanoidState=8},
    {type="keyframe",time=0.237500,cframe=CFrame.new(2490.738281,2503.400635,2490.420898,0.918793,0.000000,0.394739,0.000000,1.000000,0.000000,-0.394739,0.000000,0.918793),velocity=Vector3.new(-7.894779, 0.026633, -18.375866),slideActive=false,wallhopFlick=false,humanoidState=8},
    {type="keyframe",time=0.241667,cframe=CFrame.new(2490.705322,2503.400635,2490.344238,0.918793,0.000000,0.394739,0.000000,1.000000,0.000000,-0.394739,0.000000,0.918793),velocity=Vector3.new(-7.894779, 0.026633, -18.375866),slideActive=false,wallhopFlick=false,humanoidState=8},
    {type="keyframe",time=0.245833,cframe=CFrame.new(2490.672363,2503.400635,2490.267578,0.918793,0.000000,0.394739,0.000000,1.000000,0.000000,-0.394739,0.000000,0.918793),velocity=Vector3.new(-7.894779, 0.026633, -18.375866),slideActive=false,wallhopFlick=false,humanoidState=8},
    {type="keyframe",time=0.254167,cframe=CFrame.new(2490.639404,2503.400635,2490.190918,0.918793,0.000000,0.394739,0.000000,1.000000,0.000000,-0.394739,0.000000,0.918793),velocity=Vector3.new(-7.894779, 0.026633, -18.375866),slideActive=false,wallhopFlick=false,humanoidState=8},
    {type="keyframe",time=0.258333,cframe=CFrame.new(2490.573486,2503.400635,2490.037598,0.918793,0.000000,0.394739,0.000000,1.000000,0.000000,-0.394739,0.000000,0.918793),velocity=Vector3.new(-7.894779, 0.026633, -18.375866),slideActive=false,wallhopFlick=false,humanoidState=8},
    {type="keyframe",time=0.262500,cframe=CFrame.new(2490.540527,2503.400635,2489.960938,0.918793,0.000000,0.394739,0.000000,1.000000,0.000000,-0.394739,0.000000,0.918793),velocity=Vector3.new(-7.894779, 0.026633, -18.375866),slideActive=false,wallhopFlick=false,humanoidState=8},
    {type="keyframe",time=0.266667,cframe=CFrame.new(2490.507568,2503.400635,2489.884277,0.918793,0.000000,0.394739,0.000000,1.000000,0.000000,-0.394739,0.000000,0.918793),velocity=Vector3.new(-7.894779, 0.026633, -18.375866),slideActive=false,wallhopFlick=false,humanoidState=8},
    {type="keyframe",time=0.270833,cframe=CFrame.new(2490.474609,2503.400635,2489.807617,0.918793,0.000000,0.394739,0.000000,1.000000,0.000000,-0.394739,0.000000,0.918793),velocity=Vector3.new(-7.894779, 0.026633, -18.375866),slideActive=false,wallhopFlick=false,humanoidState=8},
    {type="keyframe",time=0.275000,cframe=CFrame.new(2490.441650,2503.400635,2489.730957,0.918793,0.000000,0.394739,0.000000,1.000000,0.000000,-0.394739,0.000000,0.918793),velocity=Vector3.new(-7.894779, 0.026633, -18.375866),slideActive=false,wallhopFlick=false,humanoidState=8},
    {type="keyframe",time=0.279167,cframe=CFrame.new(2490.408691,2503.400635,2489.654297,0.918793,0.000000,0.394739,0.000000,1.000000,0.000000,-0.394739,0.000000,0.918793),velocity=Vector3.new(-7.894779, 0.026633, -18.375866),slideActive=false,wallhopFlick=false,humanoidState=8},
    {type="keyframe",time=0.283333,cframe=CFrame.new(2490.375732,2503.400635,2489.577637,0.918793,0.000000,0.394739,0.000000,1.000000,0.000000,-0.394739,0.000000,0.918793),velocity=Vector3.new(-7.894779, 0.026633, -18.375866),slideActive=false,wallhopFlick=false,humanoidState=8},
    {type="keyframe",time=0.287500,cframe=CFrame.new(2490.342773,2503.400635,2489.500977,0.918793,0.000000,0.394739,0.000000,1.000000,0.000000,-0.394739,0.000000,0.918793),velocity=Vector3.new(-7.894779, 0.026633, -18.375866),slideActive=false,wallhopFlick=false,humanoidState=8},
    {type="keyframe",time=0.291667,cframe=CFrame.new(2490.309814,2503.400635,2489.424316,0.918793,0.000000,0.394739,0.000000,1.000000,0.000000,-0.394739,0.000000,0.918793),velocity=Vector3.new(-7.894779, 0.026633, -18.375866),slideActive=false,wallhopFlick=false,humanoidState=8},
    {type="keyframe",time=0.295833,cframe=CFrame.new(2490.276855,2503.400635,2489.347656,0.918793,0.000000,0.394739,0.000000,1.000000,0.000000,-0.394739,0.000000,0.918793),velocity=Vector3.new(-7.894779, 0.026633, -18.375866),slideActive=false,wallhopFlick=false,humanoidState=8},
    {type="keyframe",time=0.300000,cframe=CFrame.new(2490.243896,2503.400635,2489.270996,0.918793,0.000000,0.394739,0.000000,1.000000,0.000000,-0.394739,0.000000,0.918793),velocity=Vector3.new(-7.894779, 0.026633, -18.375866),slideActive=false,wallhopFlick=false,humanoidState=8},
    {type="keyframe",time=0.304167,cframe=CFrame.new(2490.210938,2503.400635,2489.194336,0.918793,0.000000,0.394739,0.000000,1.000000,0.000000,-0.394739,0.000000,0.918793),velocity=Vector3.new(-7.894779, 0.026633, -18.375866),slideActive=false,wallhopFlick=false,humanoidState=8},
    {type="keyframe",time=0.308333,cframe=CFrame.new(2490.177979,2503.400635,2489.117676,0.918793,0.000000,0.394739,0.000000,1.000000,0.000000,-0.394739,0.000000,0.918793),velocity=Vector3.new(-7.894779, 0.026633, -18.375866),slideActive=false,wallhopFlick=false,humanoidState=8},
    {type="keyframe",time=0.320833,cframe=CFrame.new(2490.145020,2503.400635,2489.041016,0.918793,0.000000,0.394739,0.000000,1.000000,0.000000,-0.394739,0.000000,0.918793),velocity=Vector3.new(-7.894779, 0.026633, -18.375866),slideActive=false,wallhopFlick=false,humanoidState=8},
    {type="keyframe",time=0.325000,cframe=CFrame.new(2490.046143,2503.400635,2488.811035,0.918793,0.000000,0.394739,0.000000,1.000000,0.000000,-0.394739,0.000000,0.918793),velocity=Vector3.new(-7.894779, 0.026633, -18.375866),slideActive=false,wallhopFlick=false,humanoidState=8},
    {type="keyframe",time=0.333333,cframe=CFrame.new(2490.013184,2503.400635,2488.734375,0.918793,0.000000,0.394739,0.000000,1.000000,0.000000,-0.394739,0.000000,0.918793),velocity=Vector3.new(-7.894779, 0.026633, -18.375866),slideActive=false,wallhopFlick=false,humanoidState=8},
    {type="keyframe",time=0.337500,cframe=CFrame.new(2489.947266,2503.400635,2488.581055,0.918793,0.000000,0.394739,0.000000,1.000000,0.000000,-0.394739,0.000000,0.918793),velocity=Vector3.new(-7.894779, 0.026633, -18.375866),slideActive=false,wallhopFlick=false,humanoidState=8},
    {type="keyframe",time=0.341667,cframe=CFrame.new(2489.914307,2503.400635,2488.504395,0.918793,0.000000,0.394739,0.000000,1.000000,0.000000,-0.394739,0.000000,0.918793),velocity=Vector3.new(-7.894779, 0.026633, -18.375866),slideActive=false,wallhopFlick=false,humanoidState=8},
    {type="keyframe",time=0.345833,cframe=CFrame.new(2489.881348,2503.400635,2488.427734,0.918793,0.000000,0.394739,0.000000,1.000000,0.000000,-0.394739,0.000000,0.918793),velocity=Vector3.new(-7.894779, 0.026633, -18.375866),slideActive=false,wallhopFlick=false,humanoidState=8},
    {type="keyframe",time=0.350000,cframe=CFrame.new(2489.848389,2503.400635,2488.351074,0.918793,0.000000,0.394739,0.000000,1.000000,0.000000,-0.394739,0.000000,0.918793),velocity=Vector3.new(-7.894779, 0.026633, -18.375866),slideActive=false,wallhopFlick=false,humanoidState=8},
    {type="keyframe",time=0.358333,cframe=CFrame.new(2489.815430,2503.400635,2488.274414,0.918793,0.000000,0.394739,0.000000,1.000000,0.000000,-0.394739,0.000000,0.918793),velocity=Vector3.new(-7.894779, 0.026633, -18.375866),slideActive=false,wallhopFlick=false,humanoidState=8},
    {type="keyframe",time=0.362500,cframe=CFrame.new(2489.749512,2503.400635,2488.121094,0.918793,0.000000,0.394739,0.000000,1.000000,0.000000,-0.394739,0.000000,0.918793),velocity=Vector3.new(-7.894779, 0.026633, -18.375866),slideActive=false,wallhopFlick=false,humanoidState=8},
    {type="keyframe",time=0.366667,cframe=CFrame.new(2489.716553,2503.400635,2488.044434,0.918793,0.000000,0.394739,0.000000,1.000000,0.000000,-0.394739,0.000000,0.918793),velocity=Vector3.new(-7.894779, 0.026633, -18.375866),slideActive=false,wallhopFlick=false,humanoidState=8},
    {type="keyframe",time=0.370833,cframe=CFrame.new(2489.683594,2503.400635,2487.967773,0.918793,0.000000,0.394739,0.000000,1.000000,0.000000,-0.394739,0.000000,0.918793),velocity=Vector3.new(-7.894779, 0.026633, -18.375866),slideActive=false,wallhopFlick=false,humanoidState=8},
    {type="keyframe",time=0.375000,cframe=CFrame.new(2489.650635,2503.400635,2487.891113,0.918793,0.000000,0.394739,0.000000,1.000000,0.000000,-0.394739,0.000000,0.918793),velocity=Vector3.new(-7.894779, 0.026633, -18.375866),slideActive=false,wallhopFlick=false,humanoidState=8},
    {type="keyframe",time=0.379167,cframe=CFrame.new(2489.617676,2503.400635,2487.814453,0.918793,0.000000,0.394739,0.000000,1.000000,0.000000,-0.394739,0.000000,0.918793),velocity=Vector3.new(-7.894779, 0.026633, -18.375866),slideActive=false,wallhopFlick=false,humanoidState=8},
    {type="keyframe",time=0.383333,cframe=CFrame.new(2489.584717,2503.400635,2487.737793,0.918793,0.000000,0.394739,0.000000,1.000000,0.000000,-0.394739,0.000000,0.918793),velocity=Vector3.new(-7.894779, 0.026633, -18.375866),slideActive=false,wallhopFlick=false,humanoidState=8},
    {type="keyframe",time=0.387500,cframe=CFrame.new(2489.551758,2503.400635,2487.661133,0.918793,0.000000,0.394739,0.000000,1.000000,0.000000,-0.394739,0.000000,0.918793),velocity=Vector3.new(-7.894779, 0.026633, -18.375866),slideActive=false,wallhopFlick=false,humanoidState=8},
    {type="keyframe",time=0.391667,cframe=CFrame.new(2489.518799,2503.400635,2487.584473,0.918793,0.000000,0.394739,0.000000,1.000000,0.000000,-0.394739,0.000000,0.918793),velocity=Vector3.new(-7.894779, 0.026633, -18.375866),slideActive=false,wallhopFlick=false,humanoidState=8},
    {type="keyframe",time=0.400000,cframe=CFrame.new(2489.485840,2503.400635,2487.507812,0.918793,0.000000,0.394739,0.000000,1.000000,0.000000,-0.394739,0.000000,0.918793),velocity=Vector3.new(-7.894779, 0.026633, -18.375866),slideActive=false,wallhopFlick=false,humanoidState=8},
    {type="keyframe",time=0.404167,cframe=CFrame.new(2489.419922,2503.400635,2487.354492,0.918793,0.000000,0.394739,0.000000,1.000000,0.000000,-0.394739,0.000000,0.918793),velocity=Vector3.new(-7.894779, 0.026633, -18.375866),slideActive=false,wallhopFlick=false,humanoidState=8},
    {type="keyframe",time=0.408333,cframe=CFrame.new(2489.386963,2503.400635,2487.277832,0.918793,0.000000,0.394739,0.000000,1.000000,0.000000,-0.394739,0.000000,0.918793),velocity=Vector3.new(-7.894779, 0.026633, -18.375866),slideActive=false,wallhopFlick=false,humanoidState=8},
    {type="keyframe",time=0.412500,cframe=CFrame.new(2489.354004,2503.400635,2487.201172,0.918793,0.000000,0.394739,0.000000,1.000000,0.000000,-0.394739,0.000000,0.918793),velocity=Vector3.new(-7.894779, 0.026633, -18.375866),slideActive=false,wallhopFlick=false,humanoidState=8},
    {type="keyframe",time=0.416667,cframe=CFrame.new(2489.321045,2503.400635,2487.124512,0.918793,0.000000,0.394739,0.000000,1.000000,0.000000,-0.394739,0.000000,0.918793),velocity=Vector3.new(-7.894779, 0.026633, -18.375866),slideActive=false,wallhopFlick=false,humanoidState=8},
    {type="keyframe",time=0.420833,cframe=CFrame.new(2489.288086,2503.400635,2487.047852,0.918793,0.000000,0.394739,0.000000,1.000000,0.000000,-0.394739,0.000000,0.918793),velocity=Vector3.new(-7.894779, 0.026633, -18.375866),slideActive=false,wallhopFlick=false,humanoidState=8},
    {type="keyframe",time=0.425000,cframe=CFrame.new(2489.255127,2503.400635,2486.971191,0.918793,0.000000,0.394739,0.000000,1.000000,0.000000,-0.394739,0.000000,0.918793),velocity=Vector3.new(-7.894779, 0.026633, -18.375866),slideActive=false,wallhopFlick=false,humanoidState=8},
    {type="keyframe",time=0.429167,cframe=CFrame.new(2489.222168,2503.400635,2486.894531,0.918793,0.000000,0.394739,0.000000,1.000000,0.000000,-0.394739,0.000000,0.918793),velocity=Vector3.new(-7.894779, 0.026633, -18.375866),slideActive=false,wallhopFlick=false,humanoidState=8},
    {type="keyframe",time=0.437500,cframe=CFrame.new(2489.189209,2503.400635,2486.817871,0.918793,0.000000,0.394739,0.000000,1.000000,0.000000,-0.394739,0.000000,0.918793),velocity=Vector3.new(-7.894779, 0.026633, -18.375866),slideActive=false,wallhopFlick=false,humanoidState=8},
    {type="keyframe",time=0.441667,cframe=CFrame.new(2489.123291,2503.400635,2486.664551,0.918793,0.000000,0.394739,0.000000,1.000000,0.000000,-0.394739,0.000000,0.918793),velocity=Vector3.new(-7.894779, 0.026633, -18.375866),slideActive=false,wallhopFlick=false,humanoidState=8},
    {type="keyframe",time=0.450000,cframe=CFrame.new(2489.090332,2503.400635,2486.587891,0.918793,0.000000,0.394739,0.000000,1.000000,0.000000,-0.394739,0.000000,0.918793),velocity=Vector3.new(-7.894779, 0.026633, -18.375866),slideActive=false,wallhopFlick=false,humanoidState=8},
    {type="keyframe",time=0.454167,cframe=CFrame.new(2489.024414,2503.400635,2486.434570,0.918793,0.000000,0.394739,0.000000,1.000000,0.000000,-0.394739,0.000000,0.918793),velocity=Vector3.new(-7.894779, 0.026633, -18.375866),slideActive=false,wallhopFlick=false,humanoidState=8},
    {type="keyframe",time=0.458333,cframe=CFrame.new(2488.991455,2503.400635,2486.357910,0.918793,0.000000,0.394739,0.000000,1.000000,0.000000,-0.394739,0.000000,0.918793),velocity=Vector3.new(-7.894779, 0.026633, -18.375866),slideActive=false,wallhopFlick=false,humanoidState=8},
    {type="keyframe",time=0.462500,cframe=CFrame.new(2488.958496,2503.400635,2486.281250,0.918793,0.000000,0.394739,0.000000,1.000000,0.000000,-0.394739,0.000000,0.918793),velocity=Vector3.new(-7.894779, 0.026633, -18.375866),slideActive=false,wallhopFlick=false,humanoidState=8},
    {type="keyframe",time=0.466667,cframe=CFrame.new(2488.925537,2503.400635,2486.204590,0.918793,0.000000,0.394739,0.000000,1.000000,0.000000,-0.394739,0.000000,0.918793),velocity=Vector3.new(-7.894779, 0.026633, -18.375866),slideActive=false,wallhopFlick=false,humanoidState=8},
    {type="keyframe",time=0.470833,cframe=CFrame.new(2488.892578,2503.400635,2486.127930,0.918793,0.000000,0.394739,0.000000,1.000000,0.000000,-0.394739,0.000000,0.918793),velocity=Vector3.new(-7.894779, 0.026633, -18.375866),slideActive=false,wallhopFlick=false,humanoidState=8},
    {type="keyframe",time=0.475000,cframe=CFrame.new(2488.859619,2503.400635,2486.051270,0.918793,0.000000,0.394739,0.000000,1.000000,0.000000,-0.394739,0.000000,0.918793),velocity=Vector3.new(-7.894779, 0.026633, -18.375866),slideActive=false,wallhopFlick=false,humanoidState=8},
    {type="keyframe",time=0.479167,cframe=CFrame.new(2488.826660,2503.400635,2485.974609,0.918793,0.000000,0.394739,0.000000,1.000000,0.000000,-0.394739,0.000000,0.918793),velocity=Vector3.new(-7.894779, 0.026633, -18.375866),slideActive=false,wallhopFlick=false,humanoidState=8},
    {type="keyframe",time=0.487500,cframe=CFrame.new(2488.793701,2503.400635,2485.897949,0.918793,0.000000,0.394739,0.000000,1.000000,0.000000,-0.394739,0.000000,0.918793),velocity=Vector3.new(-7.894779, 0.026633, -18.375866),slideActive=false,wallhopFlick=false,humanoidState=8},
    {type="keyframe",time=0.491667,cframe=CFrame.new(2488.727783,2503.400635,2485.744629,0.918793,0.000000,0.394739,0.000000,1.000000,0.000000,-0.394739,0.000000,0.918793),velocity=Vector3.new(-7.894779, 0.026633, -18.375866),slideActive=false,wallhopFlick=false,humanoidState=8},
    {type="keyframe",time=0.495833,cframe=CFrame.new(2488.694824,2503.400635,2485.667969,0.918793,0.000000,0.394739,0.000000,1.000000,0.000000,-0.394739,0.000000,0.918793),velocity=Vector3.new(-7.894779, 0.026633, -18.375866),slideActive=false,wallhopFlick=false,humanoidState=8},
    {type="keyframe",time=0.500000,cframe=CFrame.new(2488.661865,2503.400635,2485.591309,0.918793,0.000000,0.394739,0.000000,1.000000,0.000000,-0.394739,0.000000,0.918793),velocity=Vector3.new(-7.894779, 0.026633, -18.375866),slideActive=false,wallhopFlick=false,humanoidState=8},
    {type="keyframe",time=0.504167,cframe=CFrame.new(2488.628906,2503.400635,2485.514648,0.918793,0.000000,0.394739,0.000000,1.000000,0.000000,-0.394739,0.000000,0.918793),velocity=Vector3.new(-7.894779, 0.026633, -18.375866),slideActive=false,wallhopFlick=false,humanoidState=8},
    {type="keyframe",time=0.508333,cframe=CFrame.new(2488.595947,2503.400635,2485.437988,0.918793,0.000000,0.394739,0.000000,1.000000,0.000000,-0.394739,0.000000,0.918793),velocity=Vector3.new(-7.894779, 0.026633, -18.375866),slideActive=false,wallhopFlick=false,humanoidState=8},
    {type="keyframe",time=0.512500,cframe=CFrame.new(2488.562988,2503.400635,2485.361328,0.918793,0.000000,0.394739,0.000000,1.000000,0.000000,-0.394739,0.000000,0.918793),velocity=Vector3.new(-7.894779, 0.026633, -18.375866),slideActive=false,wallhopFlick=false,humanoidState=8},
    {type="keyframe",time=0.516667,cframe=CFrame.new(2488.530029,2503.400635,2485.284668,0.918793,0.000000,0.394739,0.000000,1.000000,0.000000,-0.394739,0.000000,0.918793),velocity=Vector3.new(-7.894779, 0.026633, -18.375866),slideActive=false,wallhopFlick=false,humanoidState=8},
    {type="keyframe",time=0.520833,cframe=CFrame.new(2488.497070,2503.400635,2485.208008,0.918793,0.000000,0.394739,0.000000,1.000000,0.000000,-0.394739,0.000000,0.918793),velocity=Vector3.new(-7.894779, 0.026633, -18.375866),slideActive=false,wallhopFlick=false,humanoidState=8},
    {type="keyframe",time=0.525000,cframe=CFrame.new(2488.464111,2503.400635,2485.131348,0.918793,0.000000,0.394739,0.000000,1.000000,0.000000,-0.394739,0.000000,0.918793),velocity=Vector3.new(-7.894779, 0.026633, -18.375866),slideActive=false,wallhopFlick=false,humanoidState=8},
    {type="keyframe",time=0.533333,cframe=CFrame.new(2488.431152,2503.400635,2485.054688,0.918793,0.000000,0.394739,0.000000,1.000000,0.000000,-0.394739,0.000000,0.918793),velocity=Vector3.new(-7.894779, 0.026633, -18.375866),slideActive=false,wallhopFlick=false,humanoidState=8},
    {type="keyframe",time=0.537500,cframe=CFrame.new(2488.365234,2503.400635,2484.901367,0.918793,0.000000,0.394739,0.000000,1.000000,0.000000,-0.394739,0.000000,0.918793),velocity=Vector3.new(-7.894779, 0.026633, -18.375866),slideActive=false,wallhopFlick=false,humanoidState=8},
    {type="keyframe",time=0.541667,cframe=CFrame.new(2488.332275,2503.400635,2484.824707,0.918793,0.000000,0.394739,0.000000,1.000000,0.000000,-0.394739,0.000000,0.918793),velocity=Vector3.new(-7.894779, 0.026633, -18.375866),slideActive=false,wallhopFlick=false,humanoidState=8},
    {type="keyframe",time=0.545833,cframe=CFrame.new(2488.299316,2503.400635,2484.748047,0.918793,0.000000,0.394739,0.000000,1.000000,0.000000,-0.394739,0.000000,0.918793),velocity=Vector3.new(-7.894779, 0.026633, -18.375866),slideActive=false,wallhopFlick=false,humanoidState=8},
    {type="keyframe",time=0.550000,cframe=CFrame.new(2488.266357,2503.400635,2484.671387,0.918793,0.000000,0.394739,0.000000,1.000000,0.000000,-0.394739,0.000000,0.918793),velocity=Vector3.new(-7.894779, 0.026633, -18.375866),slideActive=false,wallhopFlick=false,humanoidState=8},
    {type="keyframe",time=0.554167,cframe=CFrame.new(2488.233398,2503.400635,2484.594727,0.918793,0.000000,0.394739,0.000000,1.000000,0.000000,-0.394739,0.000000,0.918793),velocity=Vector3.new(-7.894779, 0.026633, -18.375866),slideActive=false,wallhopFlick=false,humanoidState=8},
    {type="keyframe",time=0.558333,cframe=CFrame.new(2488.200439,2503.400635,2484.518066,0.918793,0.000000,0.394739,0.000000,1.000000,0.000000,-0.394739,0.000000,0.918793),velocity=Vector3.new(-7.894779, 0.026633, -18.375866),slideActive=false,wallhopFlick=false,humanoidState=8},
    {type="keyframe",time=0.562500,cframe=CFrame.new(2488.167480,2503.400635,2484.441406,0.918793,0.000000,0.394739,0.000000,1.000000,0.000000,-0.394739,0.000000,0.918793),velocity=Vector3.new(-7.894779, 0.026633, -18.375866),slideActive=false,wallhopFlick=false,humanoidState=8},
    {type="keyframe",time=0.570833,cframe=CFrame.new(2488.134521,2503.400635,2484.364746,0.918793,0.000000,0.394739,0.000000,1.000000,0.000000,-0.394739,0.000000,0.918793),velocity=Vector3.new(-7.894779, 0.026633, -18.375866),slideActive=false,wallhopFlick=false,humanoidState=8},
    {type="keyframe",time=0.579167,cframe=CFrame.new(2488.068604,2503.400635,2484.211426,0.918793,0.000000,0.394739,0.000000,1.000000,0.000000,-0.394739,0.000000,0.918793),velocity=Vector3.new(-7.894779, 0.026633, -18.375866),slideActive=false,wallhopFlick=false,humanoidState=8},
    {type="keyframe",time=0.583333,cframe=CFrame.new(2488.002686,2503.400635,2484.058105,0.918793,0.000000,0.394739,0.000000,1.000000,0.000000,-0.394739,0.000000,0.918793),velocity=Vector3.new(-7.894779, 0.026633, -18.375866),slideActive=false,wallhopFlick=false,humanoidState=8},
    {type="keyframe",time=0.587500,cframe=CFrame.new(2487.969727,2503.400635,2483.981445,0.918793,0.000000,0.394739,0.000000,1.000000,0.000000,-0.394739,0.000000,0.918793),velocity=Vector3.new(-7.894779, 0.026633, -18.375866),slideActive=false,wallhopFlick=false,humanoidState=8},
    {type="keyframe",time=0.591667,cframe=CFrame.new(2487.936768,2503.400635,2483.904785,0.918793,0.000000,0.394739,0.000000,1.000000,0.000000,-0.394739,0.000000,0.918793),velocity=Vector3.new(-7.894779, 0.026633, -18.375866),slideActive=false,wallhopFlick=false,humanoidState=8},
    {type="keyframe",time=0.595833,cframe=CFrame.new(2487.903809,2503.400635,2483.828125,0.918793,0.000000,0.394739,0.000000,1.000000,0.000000,-0.394739,0.000000,0.918793),velocity=Vector3.new(-7.894779, 0.026633, -18.375866),slideActive=false,wallhopFlick=false,humanoidState=8},
    {type="keyframe",time=0.600000,cframe=CFrame.new(2487.870850,2503.400635,2483.751465,0.918793,0.000000,0.394739,0.000000,1.000000,0.000000,-0.394739,0.000000,0.918793),velocity=Vector3.new(-7.894779, 0.026633, -18.375866),slideActive=false,wallhopFlick=false,humanoidState=8},
    {type="keyframe",time=0.604167,cframe=CFrame.new(2487.837891,2503.400635,2483.674805,0.918793,0.000000,0.394739,0.000000,1.000000,0.000000,-0.394739,0.000000,0.918793),velocity=Vector3.new(-7.894779, 0.026633, -18.375866),slideActive=false,wallhopFlick=false,humanoidState=8},
    {type="keyframe",time=0.608333,cframe=CFrame.new(2487.804932,2503.400635,2483.598145,0.918793,0.000000,0.394739,0.000000,1.000000,0.000000,-0.394739,0.000000,0.918793),velocity=Vector3.new(-7.894779, 0.026633, -18.375866),slideActive=false,wallhopFlick=false,humanoidState=8},
    {type="keyframe",time=0.612500,cframe=CFrame.new(2487.771973,2503.400635,2483.521484,0.918793,0.000000,0.394739,0.000000,1.000000,0.000000,-0.394739,0.000000,0.918793),velocity=Vector3.new(-7.894779, 0.026633, -18.375866),slideActive=false,wallhopFlick=false,humanoidState=8},
    {type="keyframe",time=0.620833,cframe=CFrame.new(2487.739014,2503.400635,2483.444824,0.918793,0.000000,0.394739,0.000000,1.000000,0.000000,-0.394739,0.000000,0.918793),velocity=Vector3.new(-7.894779, 0.026633, -18.375866),slideActive=false,wallhopFlick=false,humanoidState=8},
    {type="keyframe",time=0.625000,cframe=CFrame.new(2487.673096,2503.400635,2483.291504,0.918793,0.000000,0.394739,0.000000,1.000000,0.000000,-0.394739,0.000000,0.918793),velocity=Vector3.new(-7.894779, 0.026633, -18.375866),slideActive=false,wallhopFlick=false,humanoidState=8},
    {type="keyframe",time=0.629167,cframe=CFrame.new(2487.640137,2503.400635,2483.214844,0.918793,0.000000,0.394739,0.000000,1.000000,0.000000,-0.394739,0.000000,0.918793),velocity=Vector3.new(-7.894779, 0.026633, -18.375866),slideActive=false,wallhopFlick=false,humanoidState=8},
    {type="keyframe",time=0.633333,cframe=CFrame.new(2487.607178,2503.400635,2483.138184,0.918793,0.000000,0.394739,0.000000,1.000000,0.000000,-0.394739,0.000000,0.918793),velocity=Vector3.new(-7.894779, 0.026633, -18.375866),slideActive=false,wallhopFlick=false,humanoidState=8},
    {type="keyframe",time=0.637500,cframe=CFrame.new(2487.574219,2503.400635,2483.061523,0.918793,0.000000,0.394739,0.000000,1.000000,0.000000,-0.394739,0.000000,0.918793),velocity=Vector3.new(-7.894779, 0.026633, -18.375866),slideActive=false,wallhopFlick=false,humanoidState=8},
    {type="keyframe",time=0.641667,cframe=CFrame.new(2487.541260,2503.400635,2482.984863,0.918793,0.000000,0.394739,0.000000,1.000000,0.000000,-0.394739,0.000000,0.918793),velocity=Vector3.new(-7.894779, 0.026633, -18.375866),slideActive=false,wallhopFlick=false,humanoidState=8},
    {type="keyframe",time=0.645833,cframe=CFrame.new(2487.508301,2503.400635,2482.908203,0.918793,0.000000,0.394739,0.000000,1.000000,0.000000,-0.394739,0.000000,0.918793),velocity=Vector3.new(-7.894779, 0.026633, -18.375866),slideActive=false,wallhopFlick=false,humanoidState=8},
    {type="keyframe",time=0.650000,cframe=CFrame.new(2487.475342,2503.400635,2482.831543,0.918793,0.000000,0.394739,0.000000,1.000000,0.000000,-0.394739,0.000000,0.918793),velocity=Vector3.new(-7.894779, 0.026633, -18.375866),slideActive=false,wallhopFlick=false,humanoidState=8},
    {type="keyframe",time=0.654167,cframe=CFrame.new(2487.442383,2503.400635,2482.754883,0.918793,0.000000,0.394739,0.000000,1.000000,0.000000,-0.394739,0.000000,0.918793),velocity=Vector3.new(-7.894779, 0.026633, -18.375866),slideActive=false,wallhopFlick=false,humanoidState=8},
    {type="keyframe",time=0.658333,cframe=CFrame.new(2487.409424,2503.400635,2482.678223,0.918793,0.000000,0.394739,0.000000,1.000000,0.000000,-0.394739,0.000000,0.918793),velocity=Vector3.new(-7.894779, 0.026633, -18.375866),slideActive=false,wallhopFlick=false,humanoidState=8},
