return {
    {type="keyframe",time=0.004167,cframe=CFrame.new(2499.702637,2502.499756,2493.269531,0.973487,0.000000,-0.228743,0.000000,1.000000,0.000000,0.228743,0.000000,0.973487),velocity=Vector3.new(0.000000, 0.006658, 0.000000),slideActive=false,wallhopFlick=false,humanoidState=8},
    {type="keyframe",time=0.008333,cframe=CFrame.new(2499.702637,2502.499756,2493.269531,0.973487,0.000000,-0.228743,0.000000,1.000000,0.000000,0.228743,0.000000,0.973487),velocity=Vector3.new(0.000000, 0.006658, 0.000000),slideActive=false,wallhopFlick=false,humanoidState=8},
    {type="keyframe",time=0.012500,cframe=CFrame.new(2499.702637,2502.499756,2493.269531,0.973487,0.000000,-0.228743,0.000000,1.000000,0.000000,0.228743,0.000000,0.973487),velocity=Vector3.new(0.000000, 0.006658, 0.000000),slideActive=false,wallhopFlick=false,humanoidState=8},
    {type="keyframe",time=0.016667,cframe=CFrame.new(2499.702637,2502.499756,2493.269531,0.973487,0.000000,-0.228743,0.000000,1.000000,0.000000,0.228743,0.000000,0.973487),velocity=Vector3.new(0.000000, 0.006658, 0.000000),slideActive=false,wallhopFlick=false,humanoidState=8},
    {type="keyframe",time=0.020833,cframe=CFrame.new(2499.702637,2502.499756,2493.269531,0.957553,0.000000,-0.288259,0.000000,1.000000,0.000000,0.288259,0.000000,0.957553),velocity=Vector3.new(0.000000, 0.006658, 0.000000),slideActive=false,wallhopFlick=false,humanoidState=8},
    {type="keyframe",time=0.025000,cframe=CFrame.new(2499.705811,2502.499756,2493.259277,0.957553,0.000000,-0.288259,0.000000,1.000000,0.000000,0.288259,0.000000,0.957553),velocity=Vector3.new(0.742302, 0.006658, -2.465818),slideActive=false,wallhopFlick=false,humanoidState=8},
    {type="keyframe",time=0.029167,cframe=CFrame.new(2499.711914,2502.499756,2493.238770,0.957553,0.000000,-0.288259,0.000000,1.000000,0.000000,0.288259,0.000000,0.957553),velocity=Vector3.new(1.484604, 0.006658, -4.931636),slideActive=false,wallhopFlick=false,humanoidState=8},
    {type="keyframe",time=0.033333,cframe=CFrame.new(2499.721191,2502.499756,2493.208008,0.957553,0.000000,-0.288259,0.000000,1.000000,0.000000,0.288259,0.000000,0.957553),velocity=Vector3.new(2.226906, 0.006658, -7.397453),slideActive=false,wallhopFlick=false,humanoidState=8},
    {type="keyframe",time=0.041667,cframe=CFrame.new(2499.733643,2502.499756,2493.166992,0.957553,0.000000,-0.288259,0.000000,1.000000,0.000000,0.288259,0.000000,0.957553),velocity=Vector3.new(2.969208, 0.006658, -9.863272),slideActive=false,wallhopFlick=false,humanoidState=8},
    {type="keyframe",time=0.045833,cframe=CFrame.new(2499.767578,2502.499756,2493.054199,0.957553,0.000000,-0.288259,0.000000,1.000000,0.000000,0.288259,0.000000,0.957553),velocity=Vector3.new(4.453812, 0.006658, -14.794907),slideActive=false,wallhopFlick=false,humanoidState=8},
    {type="keyframe",time=0.050000,cframe=CFrame.new(2499.789307,2502.499756,2492.982178,0.957553,0.000000,-0.288259,0.000000,1.000000,0.000000,0.288259,0.000000,0.957553),velocity=Vector3.new(5.196114, 0.006658, -17.260725),slideActive=false,wallhopFlick=false,humanoidState=8},
    {type="keyframe",time=0.054167,cframe=CFrame.new(2499.812500,2502.499756,2492.905273,0.957553,0.000000,-0.288259,0.000000,1.000000,0.000000,0.288259,0.000000,0.957553),velocity=Vector3.new(5.551775, 0.006658, -18.442181),slideActive=false,wallhopFlick=false,humanoidState=8},
    {type="keyframe",time=0.058333,cframe=CFrame.new(2499.836182,2502.499756,2492.826660,0.957553,0.000000,-0.288259,0.000000,1.000000,0.000000,0.288259,0.000000,0.957553),velocity=Vector3.new(5.685148, 0.006658, -18.885225),slideActive=false,wallhopFlick=false,humanoidState=8},
    {type="keyframe",time=0.062500,cframe=CFrame.new(2499.860107,2502.499756,2492.747314,0.957551,0.000000,-0.288265,0.000000,1.000000,0.000000,0.288265,0.000000,0.957551),velocity=Vector3.new(5.735163, 0.006658, -19.051367),slideActive=false,wallhopFlick=false,humanoidState=8},
    {type="keyframe",time=0.066667,cframe=CFrame.new(2499.884033,2502.499756,2492.667725,0.957551,0.000000,-0.288265,0.000000,1.000000,0.000000,0.288265,0.000000,0.957551),velocity=Vector3.new(5.753918, 0.006658, -19.113670),slideActive=false,wallhopFlick=false,humanoidState=8},
    {type="keyframe",time=0.070833,cframe=CFrame.new(2499.907959,2502.499756,2492.587891,0.957551,0.000000,-0.288265,0.000000,1.000000,0.000000,0.288265,0.000000,0.957551),velocity=Vector3.new(5.761026, 0.006658, -19.137012),slideActive=false,wallhopFlick=false,humanoidState=8},
    {type="keyframe",time=0.075000,cframe=CFrame.new(2499.931885,2502.499756,2492.508057,0.957551,0.000000,-0.288265,0.000000,1.000000,0.000000,0.288265,0.000000,0.957551),velocity=Vector3.new(5.763691, 0.006658, -19.145765),slideActive=false,wallhopFlick=false,humanoidState=8},
    {type="keyframe",time=0.079167,cframe=CFrame.new(2499.955811,2502.499756,2492.428223,0.957551,0.000000,-0.288265,0.000000,1.000000,0.000000,0.288265,0.000000,0.957551),velocity=Vector3.new(5.764690, 0.006658, -19.149048),slideActive=false,wallhopFlick=false,humanoidState=8},
    {type="keyframe",time=0.083333,cframe=CFrame.new(2499.979736,2502.499756,2492.348389,0.957551,0.000000,-0.288265,0.000000,1.000000,0.000000,0.288265,0.000000,0.957551),velocity=Vector3.new(5.765065, 0.006658, -19.150278),slideActive=false,wallhopFlick=false,humanoidState=8},
    {type="keyframe",time=0.087500,cframe=CFrame.new(2500.003662,2502.499756,2492.268555,0.957551,0.000000,-0.288265,0.000000,1.000000,0.000000,0.288265,0.000000,0.957551),velocity=Vector3.new(5.765206, 0.006658, -19.150740),slideActive=false,wallhopFlick=false,humanoidState=8},
    {type="keyframe",time=0.091667,cframe=CFrame.new(2500.027588,2502.499756,2492.188721,0.957551,0.000000,-0.288265,0.000000,1.000000,0.000000,0.288265,0.000000,0.957551),velocity=Vector3.new(5.765259, 0.006658, -19.150913),slideActive=false,wallhopFlick=false,humanoidState=8},
    {type="keyframe",time=0.095833,cframe=CFrame.new(2500.051514,2502.499756,2492.108887,0.957551,0.000000,-0.288265,0.000000,1.000000,0.000000,0.288265,0.000000,0.957551),velocity=Vector3.new(5.765278, 0.006658, -19.150978),slideActive=false,wallhopFlick=false,humanoidState=8},
    {type="keyframe",time=0.100000,cframe=CFrame.new(2500.075439,2502.499756,2492.029053,0.957551,0.000000,-0.288265,0.000000,1.000000,0.000000,0.288265,0.000000,0.957551),velocity=Vector3.new(5.765286, 0.006658, -19.151001),slideActive=false,wallhopFlick=false,humanoidState=8},
    {type="keyframe",time=0.104167,cframe=CFrame.new(2500.099365,2502.499756,2491.949219,0.957551,0.000000,-0.288265,0.000000,1.000000,0.000000,0.288265,0.000000,0.957551),velocity=Vector3.new(5.765289, 0.006658, -19.151011),slideActive=false,wallhopFlick=false,humanoidState=8},
    {type="keyframe",time=0.108333,cframe=CFrame.new(2500.123291,2502.499756,2491.869385,0.957549,0.000000,-0.288271,0.000000,1.000000,0.000000,0.288271,0.000000,0.957549),velocity=Vector3.new(5.765290, 0.006658, -19.151014),slideActive=false,wallhopFlick=false,humanoidState=8},
    {type="keyframe",time=0.112500,cframe=CFrame.new(2500.147217,2502.499756,2491.789551,0.957549,0.000000,-0.288271,0.000000,1.000000,0.000000,0.288271,0.000000,0.957549),velocity=Vector3.new(5.765290, 0.006658, -19.151016),slideActive=false,wallhopFlick=false,humanoidState=8},
    {type="keyframe",time=0.116667,cframe=CFrame.new(2500.171143,2502.499756,2491.709717,0.957549,0.000000,-0.288271,0.000000,1.000000,0.000000,0.288271,0.000000,0.957549),velocity=Vector3.new(5.765366, 0.006658, -19.150993),slideActive=false,wallhopFlick=false,humanoidState=8},
    {type="keyframe",time=0.120833,cframe=CFrame.new(2500.195068,2502.499756,2491.629883,0.957549,0.000000,-0.288271,0.000000,1.000000,0.000000,0.288271,0.000000,0.957549),velocity=Vector3.new(5.765394, 0.006658, -19.150986),slideActive=false,wallhopFlick=false,humanoidState=8},
    {type="keyframe",time=0.125000,cframe=CFrame.new(2500.218994,2502.499756,2491.550049,0.957549,0.000000,-0.288271,0.000000,1.000000,0.000000,0.288271,0.000000,0.957549),velocity=Vector3.new(5.765404, 0.006658, -19.150982),slideActive=false,wallhopFlick=false,humanoidState=8},
    {type="keyframe",time=0.129167,cframe=CFrame.new(2500.242920,2502.499756,2491.470215,0.957549,0.000000,-0.288271,0.000000,1.000000,0.000000,0.288271,0.000000,0.957549),velocity=Vector3.new(5.765409, 0.006658, -19.150980),slideActive=false,wallhopFlick=false,humanoidState=8},
    {type="keyframe",time=0.133333,cframe=CFrame.new(2500.266846,2502.499756,2491.390381,0.957549,0.000000,-0.288271,0.000000,1.000000,0.000000,0.288271,0.000000,0.957549),velocity=Vector3.new(5.765410, 0.006658, -19.150980),slideActive=false,wallhopFlick=false,humanoidState=8},
    {type="keyframe",time=0.137500,cframe=CFrame.new(2500.290771,2502.499756,2491.310547,0.957549,0.000000,-0.288271,0.000000,1.000000,0.000000,0.288271,0.000000,0.957549),velocity=Vector3.new(5.765410, 0.006658, -19.150980),slideActive=false,wallhopFlick=false,humanoidState=8},
    {type="keyframe",time=0.141667,cframe=CFrame.new(2500.314697,2502.499756,2491.230713,0.957549,0.000000,-0.288271,0.000000,1.000000,0.000000,0.288271,0.000000,0.957549),velocity=Vector3.new(5.765411, 0.006658, -19.150980),slideActive=false,wallhopFlick=false,humanoidState=8},
    {type="keyframe",time=0.145833,cframe=CFrame.new(2500.338623,2502.499756,2491.150879,0.957549,0.000000,-0.288271,0.000000,1.000000,0.000000,0.288271,0.000000,0.957549),velocity=Vector3.new(5.765411, 0.006658, -19.150980),slideActive=false,wallhopFlick=false,humanoidState=8},
    {type="keyframe",time=0.150000,cframe=CFrame.new(2500.362549,2502.499756,2491.071045,0.957549,0.000000,-0.288271,0.000000,1.000000,0.000000,0.288271,0.000000,0.957549),velocity=Vector3.new(5.765411, 0.006658, -19.150980),slideActive=false,wallhopFlick=false,humanoidState=8},
    {type="keyframe",time=0.154167,cframe=CFrame.new(2500.386475,2502.499756,2490.991211,0.957549,0.000000,-0.288271,0.000000,1.000000,0.000000,0.288271,0.000000,0.957549),velocity=Vector3.new(5.765411, 0.006658, -19.150980),slideActive=false,wallhopFlick=false,humanoidState=8},
    {type="keyframe",time=0.162500,cframe=CFrame.new(2500.410400,2502.499756,2490.911377,0.957549,0.000000,-0.288271,0.000000,1.000000,0.000000,0.288271,0.000000,0.957549),velocity=Vector3.new(5.765411, 0.006658, -19.150980),slideActive=false,wallhopFlick=false,humanoidState=8},
    {type="keyframe",time=0.166667,cframe=CFrame.new(2500.458252,2502.499756,2490.751709,0.957549,0.000000,-0.288271,0.000000,1.000000,0.000000,0.288271,0.000000,0.957549),velocity=Vector3.new(5.765411, 0.006658, -19.150980),slideActive=false,wallhopFlick=false,humanoidState=8},
    {type="keyframe",time=0.170833,cframe=CFrame.new(2500.482178,2502.499756,2490.671875,0.957549,0.000000,-0.288271,0.000000,1.000000,0.000000,0.288271,0.000000,0.957549),velocity=Vector3.new(5.765411, 0.006658, -19.150980),slideActive=false,wallhopFlick=false,humanoidState=8},
    {type="keyframe",time=0.175000,cframe=CFrame.new(2500.506104,2502.499756,2490.592041,0.957549,0.000000,-0.288271,0.000000,1.000000,0.000000,0.288271,0.000000,0.957549),velocity=Vector3.new(5.765411, 0.006658, -19.150980),slideActive=false,wallhopFlick=false,humanoidState=8},
    {type="keyframe",time=0.179167,cframe=CFrame.new(2500.530029,2502.499756,2490.512207,0.957549,0.000000,-0.288271,0.000000,1.000000,0.000000,0.288271,0.000000,0.957549),velocity=Vector3.new(5.765411, 0.006658, -19.150980),slideActive=false,wallhopFlick=false,humanoidState=8},
    {type="keyframe",time=0.183333,cframe=CFrame.new(2500.553955,2502.499756,2490.432373,0.957549,0.000000,-0.288271,0.000000,1.000000,0.000000,0.288271,0.000000,0.957549),velocity=Vector3.new(5.765411, 0.006658, -19.150980),slideActive=false,wallhopFlick=false,humanoidState=8},
    {type="keyframe",time=0.187500,cframe=CFrame.new(2500.577881,2502.499756,2490.352539,0.957549,0.000000,-0.288271,0.000000,1.000000,0.000000,0.288271,0.000000,0.957549),velocity=Vector3.new(5.765411, 0.006658, -19.150980),slideActive=false,wallhopFlick=false,humanoidState=8},
    {type="keyframe",time=0.195833,cframe=CFrame.new(2500.601807,2502.499756,2490.272705,0.957549,0.000000,-0.288271,0.000000,1.000000,0.000000,0.288271,0.000000,0.957549),velocity=Vector3.new(5.765411, 0.006658, -19.150980),slideActive=false,wallhopFlick=false,humanoidState=8},
    {type="keyframe",time=0.200000,cframe=CFrame.new(2500.649658,2502.499756,2490.113037,0.957549,0.000000,-0.288271,0.000000,1.000000,0.000000,0.288271,0.000000,0.957549),velocity=Vector3.new(5.765411, 0.006658, -19.150980),slideActive=false,wallhopFlick=false,humanoidState=8},
    {type="keyframe",time=0.204167,cframe=CFrame.new(2500.673584,2502.499756,2490.033203,0.957549,0.000000,-0.288271,0.000000,1.000000,0.000000,0.288271,0.000000,0.957549),velocity=Vector3.new(5.765411, 0.006658, -19.150980),slideActive=false,wallhopFlick=false,humanoidState=8},
    {type="keyframe",time=0.208333,cframe=CFrame.new(2500.697510,2502.499756,2489.953369,0.957549,0.000000,-0.288271,0.000000,1.000000,0.000000,0.288271,0.000000,0.957549),velocity=Vector3.new(5.765411, 0.006658, -19.150980),slideActive=false,wallhopFlick=false,humanoidState=8},
    {type="keyframe",time=0.212500,cframe=CFrame.new(2500.721436,2502.499756,2489.873535,0.957549,0.000000,-0.288271,0.000000,1.000000,0.000000,0.288271,0.000000,0.957549),velocity=Vector3.new(5.765411, 0.006658, -19.150980),slideActive=false,wallhopFlick=false,humanoidState=8},
    {type="keyframe",time=0.216667,cframe=CFrame.new(2500.745361,2502.499756,2489.793701,0.957549,0.000000,-0.288271,0.000000,1.000000,0.000000,0.288271,0.000000,0.957549),velocity=Vector3.new(5.765411, 0.006658, -19.150980),slideActive=false,wallhopFlick=false,humanoidState=8},
    {type="keyframe",time=0.220833,cframe=CFrame.new(2500.769287,2502.499756,2489.713867,0.957549,0.000000,-0.288271,0.000000,1.000000,0.000000,0.288271,0.000000,0.957549),velocity=Vector3.new(5.765411, 0.006658, -19.150980),slideActive=false,wallhopFlick=false,humanoidState=8},
    {type="keyframe",time=0.225000,cframe=CFrame.new(2500.793213,2502.499756,2489.634033,0.957547,0.000000,-0.288277,0.000000,1.000000,0.000000,0.288277,0.000000,0.957547),velocity=Vector3.new(5.765411, 0.006658, -19.150980),slideActive=false,wallhopFlick=false,humanoidState=8},
    {type="keyframe",time=0.229167,cframe=CFrame.new(2500.817139,2502.499756,2489.554199,0.957547,0.000000,-0.288277,0.000000,1.000000,0.000000,0.288277,0.000000,0.957547),velocity=Vector3.new(5.765411, 0.006658, -19.150980),slideActive=false,wallhopFlick=false,humanoidState=8},
    {type="keyframe",time=0.233333,cframe=CFrame.new(2500.841064,2502.499756,2489.474365,0.957547,0.000000,-0.288277,0.000000,1.000000,0.000000,0.288277,0.000000,0.957547),velocity=Vector3.new(5.765487, 0.006658, -19.150957),slideActive=false,wallhopFlick=false,humanoidState=8},
    {type="keyframe",time=0.237500,cframe=CFrame.new(2500.864990,2502.499756,2489.394531,0.957547,0.000000,-0.288277,0.000000,1.000000,0.000000,0.288277,0.000000,0.957547),velocity=Vector3.new(5.765516, 0.006658, -19.150949),slideActive=false,wallhopFlick=false,humanoidState=8},
    {type="keyframe",time=0.241667,cframe=CFrame.new(2500.888916,2502.499756,2489.314697,0.957547,0.000000,-0.288277,0.000000,1.000000,0.000000,0.288277,0.000000,0.957547),velocity=Vector3.new(5.765526, 0.006658, -19.150946),slideActive=false,wallhopFlick=false,humanoidState=8},
    {type="keyframe",time=0.245833,cframe=CFrame.new(2500.912842,2502.499756,2489.234863,0.957547,0.000000,-0.288277,0.000000,1.000000,0.000000,0.288277,0.000000,0.957547),velocity=Vector3.new(5.765531, 0.006658, -19.150944),slideActive=false,wallhopFlick=false,humanoidState=8},
    {type="keyframe",time=0.254167,cframe=CFrame.new(2500.936768,2502.499756,2489.155029,0.958585,0.000000,-0.284806,0.000000,1.000000,0.000000,0.284806,0.000000,0.958585),velocity=Vector3.new(5.765532, 0.006658, -19.150944),slideActive=false,wallhopFlick=false,humanoidState=8},
    {type="keyframe",time=0.258333,cframe=CFrame.new(2500.984619,2502.499756,2488.995361,0.958585,0.000000,-0.284806,0.000000,1.000000,0.000000,0.284806,0.000000,0.958585),velocity=Vector3.new(5.765533, 0.006658, -19.150944),slideActive=false,wallhopFlick=false,humanoidState=8},
    {type="keyframe",time=0.262500,cframe=CFrame.new(2501.008545,2502.499756,2488.915527,0.958585,0.000000,-0.284806,0.000000,1.000000,0.000000,0.284806,0.000000,0.958585),velocity=Vector3.new(5.722153, 0.006658, -19.163918),slideActive=false,wallhopFlick=false,humanoidState=8},
    {type="keyframe",time=0.266667,cframe=CFrame.new(2501.032227,2502.499756,2488.835693,0.958585,0.000000,-0.284806,0.000000,1.000000,0.000000,0.284806,0.000000,0.958585),velocity=Vector3.new(5.705885, 0.006658, -19.168783),slideActive=false,wallhopFlick=false,humanoidState=8},
    {type="keyframe",time=0.270833,cframe=CFrame.new(2501.055908,2502.499756,2488.755859,0.959616,0.000000,-0.281312,0.000000,1.000000,0.000000,0.281312,0.000000,0.959616),velocity=Vector3.new(5.699785, 0.006658, -19.170607),slideActive=false,wallhopFlick=false,humanoidState=8},
    {type="keyframe",time=0.275000,cframe=CFrame.new(2501.079590,2502.499756,2488.676025,0.959618,0.000000,-0.281306,0.000000,1.000000,0.000000,0.281306,0.000000,0.959618),velocity=Vector3.new(5.697497, 0.006658, -19.171291),slideActive=false,wallhopFlick=false,humanoidState=8},
    {type="keyframe",time=0.279167,cframe=CFrame.new(2501.103027,2502.499756,2488.596191,0.959618,0.000000,-0.281306,0.000000,1.000000,0.000000,0.281306,0.000000,0.959618),velocity=Vector3.new(5.652967, 0.006658, -19.184439),slideActive=false,wallhopFlick=false,humanoidState=8},
    {type="keyframe",time=0.283333,cframe=CFrame.new(2501.126465,2502.499756,2488.516357,0.959618,0.000000,-0.281306,0.000000,1.000000,0.000000,0.281306,0.000000,0.959618),velocity=Vector3.new(5.636189, 0.006658, -19.189390),slideActive=false,wallhopFlick=false,humanoidState=8},
    {type="keyframe",time=0.287500,cframe=CFrame.new(2501.149902,2502.499756,2488.436279,0.959618,0.000000,-0.281306,0.000000,1.000000,0.000000,0.281306,0.000000,0.959618),velocity=Vector3.new(5.629897, 0.006658, -19.191248),slideActive=false,wallhopFlick=false,humanoidState=8},
    {type="keyframe",time=0.291667,cframe=CFrame.new(2501.173340,2502.499756,2488.356201,0.960630,0.000000,-0.277832,0.000000,1.000000,0.000000,0.277832,0.000000,0.960630),velocity=Vector3.new(5.627537, 0.006658, -19.191944),slideActive=false,wallhopFlick=false,humanoidState=8},
    {type="keyframe",time=0.295833,cframe=CFrame.new(2501.196777,2502.499756,2488.276123,0.960630,0.000000,-0.277832,0.000000,1.000000,0.000000,0.277832,0.000000,0.960630),velocity=Vector3.new(5.626652, 0.006658, -19.192205),slideActive=false,wallhopFlick=false,humanoidState=8},
    {type="keyframe",time=0.304167,cframe=CFrame.new(2501.219971,2502.499756,2488.196045,0.960628,0.000000,-0.277838,0.000000,1.000000,0.000000,0.277838,0.000000,0.960628),velocity=Vector3.new(5.582900, 0.006658, -19.204947),slideActive=false,wallhopFlick=false,humanoidState=8},
    {type="keyframe",time=0.308333,cframe=CFrame.new(2501.266357,2502.499756,2488.035889,0.961630,0.000000,-0.274351,0.000000,1.000000,0.000000,0.274351,0.000000,0.961630),velocity=Vector3.new(5.560339, 0.006658, -19.211515),slideActive=false,wallhopFlick=false,humanoidState=8},
    {type="keyframe",time=0.312500,cframe=CFrame.new(2501.289551,2502.499756,2487.955811,0.961630,0.000000,-0.274351,0.000000,1.000000,0.000000,0.274351,0.000000,0.961630),velocity=Vector3.new(5.558096, 0.006658, -19.212170),slideActive=false,wallhopFlick=false,humanoidState=8},
    {type="keyframe",time=0.316667,cframe=CFrame.new(2501.312500,2502.499756,2487.875732,0.962617,0.000000,-0.270866,0.000000,1.000000,0.000000,0.270866,0.000000,0.962617),velocity=Vector3.new(5.513678, 0.006658, -19.224932),slideActive=false,wallhopFlick=false,humanoidState=8},
    {type="keyframe",time=0.320833,cframe=CFrame.new(2501.335449,2502.499756,2487.795654,0.962617,0.000000,-0.270866,0.000000,1.000000,0.000000,0.270866,0.000000,0.962617),velocity=Vector3.new(5.497021, 0.006658, -19.229717),slideActive=false,wallhopFlick=false,humanoidState=8},
    {type="keyframe",time=0.325000,cframe=CFrame.new(2501.358154,2502.499756,2487.715576,0.963596,0.000000,-0.267361,0.000000,1.000000,0.000000,0.267361,0.000000,0.963596),velocity=Vector3.new(5.447214, 0.006658, -19.243855),slideActive=false,wallhopFlick=false,humanoidState=8},
    {type="keyframe",time=0.329167,cframe=CFrame.new(2501.380859,2502.499756,2487.635254,0.963596,0.000000,-0.267361,0.000000,1.000000,0.000000,0.267361,0.000000,0.963596),velocity=Vector3.new(5.428536, 0.006658, -19.249157),slideActive=false,wallhopFlick=false,humanoidState=8},
    {type="keyframe",time=0.333333,cframe=CFrame.new(2501.403320,2502.499756,2487.554932,0.965515,0.000000,-0.260347,0.000000,1.000000,0.000000,0.260347,0.000000,0.965515),velocity=Vector3.new(5.377715, 0.006658, -19.263390),slideActive=false,wallhopFlick=false,humanoidState=8},
    {type="keyframe",time=0.341667,cframe=CFrame.new(2501.425537,2502.499756,2487.474609,0.965515,0.000000,-0.260347,0.000000,1.000000,0.000000,0.260347,0.000000,0.965515),velocity=Vector3.new(5.358656, 0.006658, -19.268726),slideActive=false,wallhopFlick=false,humanoidState=8},
    {type="keyframe",time=0.345833,cframe=CFrame.new(2501.469238,2502.499756,2487.313965,0.966453,0.000000,-0.256843,0.000000,1.000000,0.000000,0.256843,0.000000,0.966453),velocity=Vector3.new(5.228280, 0.006658, -19.304455),slideActive=false,wallhopFlick=false,humanoidState=8},
    {type="keyframe",time=0.350000,cframe=CFrame.new(2501.490967,2502.499756,2487.233398,0.976725,0.000000,-0.214495,0.000000,1.000000,0.000000,0.214495,0.000000,0.976725),velocity=Vector3.new(5.214946, 0.006658, -19.308109),slideActive=false,wallhopFlick=false,humanoidState=8},
    {type="keyframe",time=0.354167,cframe=CFrame.new(2501.510254,2502.499756,2487.152344,0.976725,0.000000,-0.214495,0.000000,1.000000,0.000000,0.214495,0.000000,0.976725),velocity=Vector3.new(4.636791, 0.006658, -19.449604),slideActive=false,wallhopFlick=false,humanoidState=8},
    {type="keyframe",time=0.358333,cframe=CFrame.new(2501.528564,2502.499756,2487.071045,0.976725,0.000000,-0.214495,0.000000,1.000000,0.000000,0.214495,0.000000,0.976725),velocity=Vector3.new(4.419983, 0.006658, -19.502665),slideActive=false,wallhopFlick=false,humanoidState=8},
    {type="keyframe",time=0.362500,cframe=CFrame.new(2501.546631,2502.499756,2486.989746,0.976725,0.000000,-0.214495,0.000000,1.000000,0.000000,0.214495,0.000000,0.976725),velocity=Vector3.new(4.338680, 0.006658, -19.522562),slideActive=false,wallhopFlick=false,humanoidState=8},
    {type="keyframe",time=0.366667,cframe=CFrame.new(2501.564697,2502.499756,2486.908447,0.976725,0.000000,-0.214495,0.000000,1.000000,0.000000,0.214495,0.000000,0.976725),velocity=Vector3.new(4.308192, 0.006658, -19.530025),slideActive=false,wallhopFlick=false,humanoidState=8},
    {type="keyframe",time=0.370833,cframe=CFrame.new(2501.582520,2502.499756,2486.827148,0.976725,0.000000,-0.214495,0.000000,1.000000,0.000000,0.214495,0.000000,0.976725),velocity=Vector3.new(4.296758, 0.006658, -19.532824),slideActive=false,wallhopFlick=false,humanoidState=8},
    {type="keyframe",time=0.375000,cframe=CFrame.new(2501.600342,2502.499756,2486.745850,0.976725,0.000000,-0.214495,0.000000,1.000000,0.000000,0.214495,0.000000,0.976725),velocity=Vector3.new(4.292471, 0.006658, -19.533873),slideActive=false,wallhopFlick=false,humanoidState=8},
    {type="keyframe",time=0.379167,cframe=CFrame.new(2501.618164,2502.499756,2486.664551,0.976725,0.000000,-0.214495,0.000000,1.000000,0.000000,0.214495,0.000000,0.976725),velocity=Vector3.new(4.290863, 0.006658, -19.534266),slideActive=false,wallhopFlick=false,humanoidState=8},
    {type="keyframe",time=0.383333,cframe=CFrame.new(2501.635986,2502.499756,2486.583252,0.976725,0.000000,-0.214495,0.000000,1.000000,0.000000,0.214495,0.000000,0.976725),velocity=Vector3.new(4.290260, 0.006658, -19.534412),slideActive=false,wallhopFlick=false,humanoidState=8},
    {type="keyframe",time=0.387500,cframe=CFrame.new(2501.653809,2502.499756,2486.501953,0.976725,0.000000,-0.214495,0.000000,1.000000,0.000000,0.214495,0.000000,0.976725),velocity=Vector3.new(4.290034, 0.006658, -19.534468),slideActive=false,wallhopFlick=false,humanoidState=8},
    {type="keyframe",time=0.391667,cframe=CFrame.new(2501.671631,2502.499756,2486.420654,0.976725,0.000000,-0.214495,0.000000,1.000000,0.000000,0.214495,0.000000,0.976725),velocity=Vector3.new(4.289949, 0.006658, -19.534489),slideActive=false,wallhopFlick=false,humanoidState=8},
    {type="keyframe",time=0.395833,cframe=CFrame.new(2501.689453,2502.499756,2486.339355,0.977495,0.000000,-0.210957,0.000000,1.000000,0.000000,0.210957,0.000000,0.977495),velocity=Vector3.new(4.289917, 0.006658, -19.534496),slideActive=false,wallhopFlick=false,humanoidState=8},
    {type="keyframe",time=0.400000,cframe=CFrame.new(2501.707275,2502.499756,2486.258057,0.977495,0.000000,-0.210957,0.000000,1.000000,0.000000,0.210957,0.000000,0.977495),velocity=Vector3.new(4.289906, 0.006658, -19.534500),slideActive=false,wallhopFlick=false,humanoidState=8},
    {type="keyframe",time=0.408333,cframe=CFrame.new(2501.724854,2502.499756,2486.176514,0.977495,0.000000,-0.210957,0.000000,1.000000,0.000000,0.210957,0.000000,0.977495),velocity=Vector3.new(4.245678, 0.006658, -19.544128),slideActive=false,wallhopFlick=false,humanoidState=8},
    {type="keyframe",time=0.412500,cframe=CFrame.new(2501.760010,2502.499756,2486.013428,0.977495,0.000000,-0.210957,0.000000,1.000000,0.000000,0.210957,0.000000,0.977495),velocity=Vector3.new(4.222873, 0.006658, -19.549093),slideActive=false,wallhopFlick=false,humanoidState=8},
    {type="keyframe",time=0.416667,cframe=CFrame.new(2501.777588,2502.499756,2485.931885,0.977495,0.000000,-0.210957,0.000000,1.000000,0.000000,0.210957,0.000000,0.977495),velocity=Vector3.new(4.220541, 0.006658, -19.549601),slideActive=false,wallhopFlick=false,humanoidState=8},
    {type="keyframe",time=0.420833,cframe=CFrame.new(2501.795166,2502.499756,2485.850342,0.977495,0.000000,-0.210957,0.000000,1.000000,0.000000,0.210957,0.000000,0.977495),velocity=Vector3.new(4.219666, 0.006658, -19.549791),slideActive=false,wallhopFlick=false,humanoidState=8},
    {type="keyframe",time=0.429167,cframe=CFrame.new(2501.812744,2502.499756,2485.768799,0.977495,0.000000,-0.210957,0.000000,1.000000,0.000000,0.210957,0.000000,0.977495),velocity=Vector3.new(4.219338, 0.006658, -19.549862),slideActive=false,wallhopFlick=false,humanoidState=8},
    {type="keyframe",time=0.433333,cframe=CFrame.new(2501.847900,2502.499756,2485.605713,0.977495,0.000000,-0.210957,0.000000,1.000000,0.000000,0.210957,0.000000,0.977495),velocity=Vector3.new(4.219169, 0.006658, -19.549900),slideActive=false,wallhopFlick=false,humanoidState=8},
    {type="keyframe",time=0.437500,cframe=CFrame.new(2501.865479,2502.499756,2485.524170,0.977495,0.000000,-0.210957,0.000000,1.000000,0.000000,0.210957,0.000000,0.977495),velocity=Vector3.new(4.219152, 0.006658, -19.549904),slideActive=false,wallhopFlick=false,humanoidState=8},
    {type="keyframe",time=0.441667,cframe=CFrame.new(2501.883057,2502.499756,2485.442627,0.977495,0.000000,-0.210957,0.000000,1.000000,0.000000,0.210957,0.000000,0.977495),velocity=Vector3.new(4.219145, 0.006658, -19.549906),slideActive=false,wallhopFlick=false,humanoidState=8},
    {type="keyframe",time=0.445833,cframe=CFrame.new(2501.900635,2502.499756,2485.361084,0.977495,0.000000,-0.210957,0.000000,1.000000,0.000000,0.210957,0.000000,0.977495),velocity=Vector3.new(4.219143, 0.006658, -19.549906),slideActive=false,wallhopFlick=false,humanoidState=8},
    {type="keyframe",time=0.450000,cframe=CFrame.new(2501.918213,2502.499756,2485.279541,0.977495,0.000000,-0.210957,0.000000,1.000000,0.000000,0.210957,0.000000,0.977495),velocity=Vector3.new(4.219142, 0.006658, -19.549906),slideActive=false,wallhopFlick=false,humanoidState=8},
    {type="keyframe",time=0.454167,cframe=CFrame.new(2501.935791,2502.499756,2485.197998,0.968352,0.000000,0.249589,0.000000,1.000000,0.000000,-0.249589,0.000000,0.968352),velocity=Vector3.new(4.219141, 0.006658, -19.549906),slideActive=false,wallhopFlick=false,humanoidState=8},
    {type="keyframe",time=0.458333,cframe=CFrame.new(2501.942627,2502.499756,2485.116699,0.968352,0.000000,0.249589,0.000000,1.000000,0.000000,-0.249589,0.000000,0.968352),velocity=Vector3.new(1.644524, 0.006658, -19.498791),slideActive=false,wallhopFlick=false,humanoidState=8},
    {type="keyframe",time=0.462500,cframe=CFrame.new(2501.938721,2502.499756,2485.035645,0.968352,0.000000,0.249589,0.000000,1.000000,0.000000,-0.249589,0.000000,0.968352),velocity=Vector3.new(-0.930094, 0.006658, -19.447676),slideActive=false,wallhopFlick=false,humanoidState=8},
    {type="keyframe",time=0.466667,cframe=CFrame.new(2501.924316,2502.499756,2484.954834,0.968352,0.000000,0.249589,0.000000,1.000000,0.000000,-0.249589,0.000000,0.968352),velocity=Vector3.new(-3.468649, 0.006658, -19.397276),slideActive=false,wallhopFlick=false,humanoidState=8},
    {type="keyframe",time=0.470833,cframe=CFrame.new(2501.906006,2502.499756,2484.874023,0.968352,0.000000,0.249589,0.000000,1.000000,0.000000,-0.249589,0.000000,0.968352),velocity=Vector3.new(-4.420607, 0.006658, -19.378376),slideActive=false,wallhopFlick=false,humanoidState=8},
    {type="keyframe",time=0.475000,cframe=CFrame.new(2501.885986,2502.499756,2484.793213,0.968352,0.000000,0.249589,0.000000,1.000000,0.000000,-0.249589,0.000000,0.968352),velocity=Vector3.new(-4.777591, 0.006658, -19.371288),slideActive=false,wallhopFlick=false,humanoidState=8},
    {type="keyframe",time=0.479167,cframe=CFrame.new(2501.865479,2502.499756,2484.712402,0.968352,0.000000,0.249589,0.000000,1.000000,0.000000,-0.249589,0.000000,0.968352),velocity=Vector3.new(-4.911460, 0.006658, -19.368631),slideActive=false,wallhopFlick=false,humanoidState=8},
    {type="keyframe",time=0.483333,cframe=CFrame.new(2501.844727,2502.499756,2484.631592,0.968352,0.000000,0.249589,0.000000,1.000000,0.000000,-0.249589,0.000000,0.968352),velocity=Vector3.new(-4.961661, 0.006658, -19.367634),slideActive=false,wallhopFlick=false,humanoidState=8},
    {type="keyframe",time=0.487500,cframe=CFrame.new(2501.823975,2502.499756,2484.550781,0.968352,0.000000,0.249589,0.000000,1.000000,0.000000,-0.249589,0.000000,0.968352),velocity=Vector3.new(-4.980486, 0.006658, -19.367260),slideActive=false,wallhopFlick=false,humanoidState=8},
    {type="keyframe",time=0.491667,cframe=CFrame.new(2501.803223,2502.499756,2484.469971,0.968352,0.000000,0.249589,0.000000,1.000000,0.000000,-0.249589,0.000000,0.968352),velocity=Vector3.new(-4.987546, 0.006658, -19.367121),slideActive=false,wallhopFlick=false,humanoidState=8},
    {type="keyframe",time=0.495833,cframe=CFrame.new(2501.782471,2502.499756,2484.389160,0.968352,0.000000,0.249589,0.000000,1.000000,0.000000,-0.249589,0.000000,0.968352),velocity=Vector3.new(-4.990193, 0.006658, -19.367069),slideActive=false,wallhopFlick=false,humanoidState=8},
    {type="keyframe",time=0.500000,cframe=CFrame.new(2501.761719,2502.499756,2484.308350,0.968352,0.000000,0.249589,0.000000,1.000000,0.000000,-0.249589,0.000000,0.968352),velocity=Vector3.new(-4.991186, 0.006658, -19.367048),slideActive=false,wallhopFlick=false,humanoidState=8},
    {type="keyframe",time=0.504167,cframe=CFrame.new(2501.740967,2502.499756,2484.227539,0.968352,0.000000,0.249589,0.000000,1.000000,0.000000,-0.249589,0.000000,0.968352),velocity=Vector3.new(-4.991559, 0.006658, -19.367041),slideActive=false,wallhopFlick=false,humanoidState=8},
    {type="keyframe",time=0.508333,cframe=CFrame.new(2501.720215,2502.499756,2484.146729,0.968352,0.000000,0.249589,0.000000,1.000000,0.000000,-0.249589,0.000000,0.968352),velocity=Vector3.new(-4.991698, 0.006658, -19.367039),slideActive=false,wallhopFlick=false,humanoidState=8},
    {type="keyframe",time=0.516667,cframe=CFrame.new(2501.700928,2502.499756,2484.065430,0.968352,-0.000000,0.249589,0.000000,1.000000,0.000000,-0.249589,0.000000,0.968352),velocity=Vector3.new(-4.991750, 0.006658, -19.367037),slideActive=false,wallhopFlick=false,humanoidState=8},
    {type="keyframe",time=0.520833,cframe=CFrame.new(2501.659912,2502.499756,2483.903564,0.968352,0.000000,0.249589,-0.000000,1.000000,0.000000,-0.249589,-0.000000,0.968352),velocity=Vector3.new(-4.991264, 0.006658, -19.367031),slideActive=false,wallhopFlick=false,humanoidState=8},
    {type="keyframe",time=0.525000,cframe=CFrame.new(2501.639160,2502.499756,2483.822754,0.968352,0.000000,0.249589,-0.000000,1.000000,0.000000,-0.249589,-0.000000,0.968352),velocity=Vector3.new(-4.991588, 0.006658, -19.367035),slideActive=false,wallhopFlick=false,humanoidState=8},
    {type="keyframe",time=0.529167,cframe=CFrame.new(2501.618408,2502.499756,2483.741943,0.968352,0.000000,0.249589,-0.000000,1.000000,0.000000,-0.249589,-0.000000,0.968352),velocity=Vector3.new(-4.991709, 0.006658, -19.367037),slideActive=false,wallhopFlick=false,humanoidState=8},
    {type="keyframe",time=0.533333,cframe=CFrame.new(2501.597656,2502.499756,2483.661133,0.968352,0.000000,0.249589,-0.000000,1.000000,0.000000,-0.249589,-0.000000,0.968352),velocity=Vector3.new(-4.991755, 0.006658, -19.367037),slideActive=false,wallhopFlick=false,humanoidState=8},
    {type="keyframe",time=0.537500,cframe=CFrame.new(2501.576904,2502.499756,2483.580322,0.968352,0.000000,0.249589,-0.000000,1.000000,0.000000,-0.249589,-0.000000,0.968352),velocity=Vector3.new(-4.991772, 0.006658, -19.367037),slideActive=false,wallhopFlick=false,humanoidState=8},
    {type="keyframe",time=0.541667,cframe=CFrame.new(2501.556152,2502.499756,2483.499512,0.968352,0.000000,0.249589,-0.000000,1.000000,0.000000,-0.249589,-0.000000,0.968352),velocity=Vector3.new(-4.991778, 0.006658, -19.367037),slideActive=false,wallhopFlick=false,humanoidState=8},
    {type="keyframe",time=0.545833,cframe=CFrame.new(2501.535400,2502.499756,2483.418701,0.968352,0.000000,0.249589,-0.000000,1.000000,0.000000,-0.249589,-0.000000,0.968352),velocity=Vector3.new(-4.991780, 0.006658, -19.367037),slideActive=false,wallhopFlick=false,humanoidState=8},
    {type="keyframe",time=0.550000,cframe=CFrame.new(2501.514648,2502.499756,2483.337891,0.968352,0.000000,0.249589,-0.000000,1.000000,0.000000,-0.249589,-0.000000,0.968352),velocity=Vector3.new(-4.991781, 0.006658, -19.367037),slideActive=false,wallhopFlick=false,humanoidState=8},
    {type="keyframe",time=0.554167,cframe=CFrame.new(2501.493896,2502.499756,2483.257080,0.968352,0.000000,0.249589,-0.000000,1.000000,0.000000,-0.249589,-0.000000,0.968352),velocity=Vector3.new(-4.991782, 0.006658, -19.367037),slideActive=false,wallhopFlick=false,humanoidState=8},
    {type="keyframe",time=0.558333,cframe=CFrame.new(2501.473145,2502.499756,2483.176270,0.968352,0.000000,0.249589,-0.000000,1.000000,0.000000,-0.249589,-0.000000,0.968352),velocity=Vector3.new(-4.991782, 0.006658, -19.367037),slideActive=false,wallhopFlick=false,humanoidState=8},
    {type="keyframe",time=0.562500,cframe=CFrame.new(2501.452393,2502.499756,2483.095459,0.968352,0.000000,0.249589,-0.000000,1.000000,0.000000,-0.249589,-0.000000,0.968352),velocity=Vector3.new(-4.991782, 0.006658, -19.367037),slideActive=false,wallhopFlick=false,humanoidState=8},
    {type="keyframe",time=0.566667,cframe=CFrame.new(2501.431641,2502.499756,2483.014648,0.968352,0.000000,0.249589,-0.000000,1.000000,0.000000,-0.249589,-0.000000,0.968352),velocity=Vector3.new(-4.991782, 0.006658, -19.367037),slideActive=false,wallhopFlick=false,humanoidState=8},
    {type="keyframe",time=0.570833,cframe=CFrame.new(2501.410889,2502.499756,2482.933838,0.968352,0.000000,0.249589,-0.000000,1.000000,0.000000,-0.249589,-0.000000,0.968352),velocity=Vector3.new(-4.991782, 0.006658, -19.367037),slideActive=false,wallhopFlick=false,humanoidState=8},
    {type="keyframe",time=0.575000,cframe=CFrame.new(2501.390137,2502.499756,2482.853027,0.968352,0.000000,0.249589,-0.000000,1.000000,0.000000,-0.249589,-0.000000,0.968352),velocity=Vector3.new(-4.991782, 0.006658, -19.367037),slideActive=false,wallhopFlick=false,humanoidState=8},
    {type="keyframe",time=0.579167,cframe=CFrame.new(2501.369385,2502.499756,2482.772217,0.968352,0.000000,0.249589,-0.000000,1.000000,0.000000,-0.249589,-0.000000,0.968352),velocity=Vector3.new(-4.991782, 0.006658, -19.367037),slideActive=false,wallhopFlick=false,humanoidState=8},
    {type="keyframe",time=0.583333,cframe=CFrame.new(2501.348633,2502.499756,2482.691406,0.968352,0.000000,0.249589,-0.000000,1.000000,0.000000,-0.249589,-0.000000,0.968352),velocity=Vector3.new(-4.991782, 0.006658, -19.367037),slideActive=false,wallhopFlick=false,humanoidState=8},
    {type="keyframe",time=0.587500,cframe=CFrame.new(2501.327881,2502.499756,2482.610596,0.968352,0.000000,0.249589,-0.000000,1.000000,0.000000,-0.249589,-0.000000,0.968352),velocity=Vector3.new(-4.991782, 0.006658, -19.367037),slideActive=false,wallhopFlick=false,humanoidState=8},
    {type="keyframe",time=0.591667,cframe=CFrame.new(2501.307129,2502.499756,2482.529785,0.968352,0.000000,0.249589,-0.000000,1.000000,0.000000,-0.249589,-0.000000,0.968352),velocity=Vector3.new(-4.991782, 0.006658, -19.367037),slideActive=false,wallhopFlick=false,humanoidState=8},
    {type="keyframe",time=0.595833,cframe=CFrame.new(2501.286377,2502.499756,2482.448975,0.968352,0.000000,0.249589,-0.000000,1.000000,0.000000,-0.249589,-0.000000,0.968352),velocity=Vector3.new(-4.991782, 0.006658, -19.367037),slideActive=false,wallhopFlick=false,humanoidState=8},
    {type="keyframe",time=0.600000,cframe=CFrame.new(2501.265625,2502.499756,2482.368164,0.968352,0.000000,0.249589,-0.000000,1.000000,0.000000,-0.249589,-0.000000,0.968352),velocity=Vector3.new(-4.991782, 0.006658, -19.367037),slideActive=false,wallhopFlick=false,humanoidState=8},
    {type="keyframe",time=0.608333,cframe=CFrame.new(2501.244873,2502.499756,2482.287354,0.968352,0.000000,0.249589,-0.000000,1.000000,0.000000,-0.249589,-0.000000,0.968352),velocity=Vector3.new(-4.991782, 0.006658, -19.367037),slideActive=false,wallhopFlick=false,humanoidState=8},
    {type="keyframe",time=0.612500,cframe=CFrame.new(2501.203369,2502.499756,2482.125732,0.968352,0.000000,0.249589,-0.000000,1.000000,0.000000,-0.249589,-0.000000,0.968352),velocity=Vector3.new(-4.991782, 0.006658, -19.367037),slideActive=false,wallhopFlick=false,humanoidState=8},
    {type="keyframe",time=0.616667,cframe=CFrame.new(2501.182617,2502.499756,2482.044922,0.968352,0.000000,0.249589,-0.000000,1.000000,0.000000,-0.249589,-0.000000,0.968352),velocity=Vector3.new(-4.991782, 0.006658, -19.367037),slideActive=false,wallhopFlick=false,humanoidState=8},
    {type="keyframe",time=0.620833,cframe=CFrame.new(2501.161865,2502.499756,2481.964111,0.968352,0.000000,0.249589,-0.000000,1.000000,0.000000,-0.249589,-0.000000,0.968352),velocity=Vector3.new(-4.991782, 0.006658, -19.367037),slideActive=false,wallhopFlick=false,humanoidState=8},
    {type="keyframe",time=0.625000,cframe=CFrame.new(2501.141113,2502.499756,2481.883301,0.968352,0.000000,0.249589,-0.000000,1.000000,0.000000,-0.249589,-0.000000,0.968352),velocity=Vector3.new(-4.991782, 0.006658, -19.367037),slideActive=false,wallhopFlick=false,humanoidState=8},
    {type="keyframe",time=0.633333,cframe=CFrame.new(2501.120361,2502.499756,2481.802490,0.968352,0.000000,0.249589,-0.000000,1.000000,0.000000,-0.249589,-0.000000,0.968352),velocity=Vector3.new(-4.991782, 0.006658, -19.367037),slideActive=false,wallhopFlick=false,humanoidState=8},
    {type="keyframe",time=0.637500,cframe=CFrame.new(2501.078857,2502.499756,2481.640869,0.968352,0.000000,0.249589,-0.000000,1.000000,0.000000,-0.249589,-0.000000,0.968352),velocity=Vector3.new(-4.991782, 0.006658, -19.367037),slideActive=false,wallhopFlick=false,humanoidState=8},
