return {
    {type="keyframe",time=0.003601,cframe=CFrame.new(-14.043399,-147.000000,54.226852,0.986458,0.000000,-0.164017,0.000000,1.000000,0.000000,0.164017,0.000000,0.986458),velocity=Vector3.new(0.000000, 0.000416, 0.000000),slideActive=false,wallhopFlick=false,humanoidState=8},
    {type="keyframe",time=0.008246,cframe=CFrame.new(-14.043399,-147.000000,54.226852,0.986458,0.000000,-0.164017,0.000000,1.000000,0.000000,0.164017,0.000000,0.986458),velocity=Vector3.new(0.000000, 0.000416, 0.000000),slideActive=false,wallhopFlick=false,humanoidState=8},
    {type="keyframe",time=0.012748,cframe=CFrame.new(-14.043399,-147.000000,54.226852,0.986458,0.000000,-0.164017,0.000000,1.000000,0.000000,0.164017,0.000000,0.986458),velocity=Vector3.new(0.000000, 0.000416, 0.000000),slideActive=false,wallhopFlick=false,humanoidState=8},
    {type="input",time=0.013716,key="W",state=true},
    {type="keyframe",time=0.017308,cframe=CFrame.new(-14.043399,-147.000000,54.226852,0.986458,0.000000,-0.164017,0.000000,1.000000,0.000000,0.164017,0.000000,0.986458),velocity=Vector3.new(0.000000, 0.000416, 0.000000),slideActive=false,wallhopFlick=false,humanoidState=8},
    {type="keyframe",time=0.020970,cframe=CFrame.new(-14.041111,-147.000000,54.213093,0.986458,0.000000,-0.164017,0.000000,1.000000,0.000000,0.164017,0.000000,0.986458),velocity=Vector3.new(0.549073, 0.000416, -3.302327),slideActive=false,wallhopFlick=false,humanoidState=8},
    {type="keyframe",time=0.026093,cframe=CFrame.new(-14.036535,-147.000000,54.185574,0.986458,0.000000,-0.164017,0.000000,1.000000,0.000000,0.164017,0.000000,0.986458),velocity=Vector3.new(1.098146, 0.000416, -6.604654),slideActive=false,wallhopFlick=false,humanoidState=8},
    {type="keyframe",time=0.030175,cframe=CFrame.new(-14.029672,-147.000000,54.144295,0.986458,0.000000,-0.164017,0.000000,1.000000,0.000000,0.164017,0.000000,0.986458),velocity=Vector3.new(1.647218, 0.000416, -9.906982),slideActive=false,wallhopFlick=false,humanoidState=8},
    {type="keyframe",time=0.034606,cframe=CFrame.new(-14.020520,-147.000000,54.089256,0.986458,0.000000,-0.164017,0.000000,1.000000,0.000000,0.164017,0.000000,0.986458),velocity=Vector3.new(2.196291, 0.000416, -13.209311),slideActive=false,wallhopFlick=false,humanoidState=8},
    {type="keyframe",time=0.038287,cframe=CFrame.new(-14.009081,-147.000000,54.020458,0.986458,0.000000,-0.164017,0.000000,1.000000,0.000000,0.164017,0.000000,0.986458),velocity=Vector3.new(2.745364, 0.000416, -16.511639),slideActive=false,wallhopFlick=false,humanoidState=8},
    {type="keyframe",time=0.043285,cframe=CFrame.new(-13.996248,-147.000000,53.943279,0.986458,0.000000,-0.164017,0.000000,1.000000,0.000000,0.164017,0.000000,0.986458),velocity=Vector3.new(3.079721, 0.000416, -18.522583),slideActive=false,wallhopFlick=false,humanoidState=8},
    {type="keyframe",time=0.048493,cframe=CFrame.new(-13.982894,-147.000000,53.862961,0.986458,0.000000,-0.164017,0.000000,1.000000,0.000000,0.164017,0.000000,0.986458),velocity=Vector3.new(3.205105, 0.000416, -19.276688),slideActive=false,wallhopFlick=false,humanoidState=8},
    {type="keyframe",time=0.055651,cframe=CFrame.new(-13.955719,-147.000000,53.699524,0.986458,0.000000,-0.164017,0.000000,1.000000,0.000000,0.164017,0.000000,0.986458),velocity=Vector3.new(3.269756, 0.000416, -19.665524),slideActive=false,wallhopFlick=false,humanoidState=8},
    {type="keyframe",time=0.059898,cframe=CFrame.new(-13.942067,-147.000000,53.617420,0.986458,0.000000,-0.164017,0.000000,1.000000,0.000000,0.164017,0.000000,0.986458),velocity=Vector3.new(3.276368, 0.000416, -19.705290),slideActive=false,wallhopFlick=false,humanoidState=8},
    {type="keyframe",time=0.064833,cframe=CFrame.new(-13.928405,-147.000000,53.535252,0.986458,0.000000,-0.164017,0.000000,1.000000,0.000000,0.164017,0.000000,0.986458),velocity=Vector3.new(3.278848, 0.000416, -19.720203),slideActive=false,wallhopFlick=false,humanoidState=8},
    {type="keyframe",time=0.068799,cframe=CFrame.new(-13.914739,-147.000000,53.453060,0.986458,0.000000,-0.164017,0.000000,1.000000,0.000000,0.164017,0.000000,0.986458),velocity=Vector3.new(3.279778, 0.000416, -19.725796),slideActive=false,wallhopFlick=false,humanoidState=8},
    {type="keyframe",time=0.073654,cframe=CFrame.new(-13.901072,-147.000000,53.370861,0.986458,0.000000,-0.164017,0.000000,1.000000,0.000000,0.164017,0.000000,0.986458),velocity=Vector3.new(3.280126, 0.000416, -19.727892),slideActive=false,wallhopFlick=false,humanoidState=8},
    {type="keyframe",time=0.077393,cframe=CFrame.new(-13.873735,-147.000000,53.206455,0.986458,0.000000,-0.164017,0.000000,1.000000,0.000000,0.164017,0.000000,0.986458),velocity=Vector3.new(3.280306, 0.000416, -19.728973),slideActive=false,wallhopFlick=false,humanoidState=8},
    {type="keyframe",time=0.085720,cframe=CFrame.new(-13.860067,-147.000000,53.124252,0.986458,0.000000,-0.164017,0.000000,1.000000,0.000000,0.164017,0.000000,0.986458),velocity=Vector3.new(3.280325, 0.000416, -19.729084),slideActive=false,wallhopFlick=false,humanoidState=8},
    {type="keyframe",time=0.091676,cframe=CFrame.new(-13.832731,-147.000000,52.959846,0.986458,0.000000,-0.164017,0.000000,1.000000,0.000000,0.164017,0.000000,0.986458),velocity=Vector3.new(3.280334, 0.000416, -19.729141),slideActive=false,wallhopFlick=false,humanoidState=8},
    {type="keyframe",time=0.095143,cframe=CFrame.new(-13.819063,-147.000000,52.877644,0.986458,0.000000,-0.164017,0.000000,1.000000,0.000000,0.164017,0.000000,0.986458),velocity=Vector3.new(3.280335, 0.000416, -19.729147),slideActive=false,wallhopFlick=false,humanoidState=8},
    {type="keyframe",time=0.099049,cframe=CFrame.new(-13.805395,-147.000000,52.795441,0.986458,0.000000,-0.164017,0.000000,1.000000,0.000000,0.164017,0.000000,0.986458),velocity=Vector3.new(3.280335, 0.000416, -19.729149),slideActive=false,wallhopFlick=false,humanoidState=8},
    {type="keyframe",time=0.102827,cframe=CFrame.new(-13.791727,-147.000000,52.713238,0.986458,0.000000,-0.164017,0.000000,1.000000,0.000000,0.164017,0.000000,0.986458),velocity=Vector3.new(3.280336, 0.000416, -19.729151),slideActive=false,wallhopFlick=false,humanoidState=8},
    {type="keyframe",time=0.108222,cframe=CFrame.new(-13.778059,-147.000000,52.631035,0.986458,0.000000,-0.164017,0.000000,1.000000,0.000000,0.164017,0.000000,0.986458),velocity=Vector3.new(3.280336, 0.000416, -19.729151),slideActive=false,wallhopFlick=false,humanoidState=8},
    {type="keyframe",time=0.111652,cframe=CFrame.new(-13.764391,-147.000000,52.548832,0.986458,0.000000,-0.164017,0.000000,1.000000,0.000000,0.164017,0.000000,0.986458),velocity=Vector3.new(3.280336, 0.000416, -19.729151),slideActive=false,wallhopFlick=false,humanoidState=8},
    {type="keyframe",time=0.116719,cframe=CFrame.new(-13.750723,-147.000000,52.466629,0.986458,0.000000,-0.164017,0.000000,1.000000,0.000000,0.164017,0.000000,0.986458),velocity=Vector3.new(3.280336, 0.000416, -19.729151),slideActive=false,wallhopFlick=false,humanoidState=8},
    {type="keyframe",time=0.120720,cframe=CFrame.new(-13.737055,-147.000000,52.384426,0.986458,0.000000,-0.164017,0.000000,1.000000,0.000000,0.164017,0.000000,0.986458),velocity=Vector3.new(3.280336, 0.000416, -19.729151),slideActive=false,wallhopFlick=false,humanoidState=8},
    {type="keyframe",time=0.125260,cframe=CFrame.new(-13.723387,-147.000000,52.302223,0.986458,0.000000,-0.164017,0.000000,1.000000,0.000000,0.164017,0.000000,0.986458),velocity=Vector3.new(3.280336, 0.000416, -19.729151),slideActive=false,wallhopFlick=false,humanoidState=8},
    {type="keyframe",time=0.128984,cframe=CFrame.new(-13.709719,-147.000000,52.220020,0.986458,0.000000,-0.164017,0.000000,1.000000,0.000000,0.164017,0.000000,0.986458),velocity=Vector3.new(3.280336, 0.000416, -19.729151),slideActive=false,wallhopFlick=false,humanoidState=8},
    {type="keyframe",time=0.133421,cframe=CFrame.new(-13.696051,-147.000000,52.137817,0.986458,0.000000,-0.164017,0.000000,1.000000,0.000000,0.164017,0.000000,0.986458),velocity=Vector3.new(3.280336, 0.000416, -19.729151),slideActive=false,wallhopFlick=false,humanoidState=8},
    {type="keyframe",time=0.137822,cframe=CFrame.new(-13.682383,-147.000000,52.055614,0.986458,0.000000,-0.164017,0.000000,1.000000,0.000000,0.164017,0.000000,0.986458),velocity=Vector3.new(3.280336, 0.000416, -19.729151),slideActive=false,wallhopFlick=false,humanoidState=8},
    {type="keyframe",time=0.142946,cframe=CFrame.new(-13.668715,-147.000000,51.973412,0.986458,0.000000,-0.164017,0.000000,1.000000,0.000000,0.164017,0.000000,0.986458),velocity=Vector3.new(3.280336, 0.000416, -19.729151),slideActive=false,wallhopFlick=false,humanoidState=8},
    {type="keyframe",time=0.146903,cframe=CFrame.new(-13.655046,-147.000000,51.891209,0.986458,0.000000,-0.164017,0.000000,1.000000,0.000000,0.164017,0.000000,0.986458),velocity=Vector3.new(3.280336, 0.000416, -19.729151),slideActive=false,wallhopFlick=false,humanoidState=8},
    {type="keyframe",time=0.150642,cframe=CFrame.new(-13.641378,-147.000000,51.809006,0.986458,0.000000,-0.164017,0.000000,1.000000,0.000000,0.164017,0.000000,0.986458),velocity=Vector3.new(3.280336, 0.000416, -19.729151),slideActive=false,wallhopFlick=false,humanoidState=8},
    {type="keyframe",time=0.155122,cframe=CFrame.new(-13.627710,-147.000000,51.726803,0.986458,0.000000,-0.164017,0.000000,1.000000,0.000000,0.164017,0.000000,0.986458),velocity=Vector3.new(3.280336, 0.000416, -19.729151),slideActive=false,wallhopFlick=false,humanoidState=8},
    {type="keyframe",time=0.160364,cframe=CFrame.new(-13.614042,-147.000000,51.644600,0.986458,0.000000,-0.164017,0.000000,1.000000,0.000000,0.164017,0.000000,0.986458),velocity=Vector3.new(3.280336, 0.000416, -19.729151),slideActive=false,wallhopFlick=false,humanoidState=8},
    {type="keyframe",time=0.164598,cframe=CFrame.new(-13.600374,-147.000000,51.562397,0.986458,0.000000,-0.164017,0.000000,1.000000,0.000000,0.164017,0.000000,0.986458),velocity=Vector3.new(3.280336, 0.000416, -19.729151),slideActive=false,wallhopFlick=false,humanoidState=8},
    {type="keyframe",time=0.167899,cframe=CFrame.new(-13.586706,-147.000000,51.480194,0.986458,0.000000,-0.164017,0.000000,1.000000,0.000000,0.164017,0.000000,0.986458),velocity=Vector3.new(3.280336, 0.000416, -19.729151),slideActive=false,wallhopFlick=false,humanoidState=8},
    {type="keyframe",time=0.172539,cframe=CFrame.new(-13.573038,-147.000000,51.397991,0.986458,0.000000,-0.164017,0.000000,1.000000,0.000000,0.164017,0.000000,0.986458),velocity=Vector3.new(3.280336, 0.000416, -19.729151),slideActive=false,wallhopFlick=false,humanoidState=8},
    {type="keyframe",time=0.176769,cframe=CFrame.new(-13.559370,-147.000000,51.315788,0.986458,0.000000,-0.164017,0.000000,1.000000,0.000000,0.164017,0.000000,0.986458),velocity=Vector3.new(3.280336, 0.000416, -19.729151),slideActive=false,wallhopFlick=false,humanoidState=8},
    {type="keyframe",time=0.181210,cframe=CFrame.new(-13.545702,-147.000000,51.233585,0.986458,0.000000,-0.164017,0.000000,1.000000,0.000000,0.164017,0.000000,0.986458),velocity=Vector3.new(3.280336, 0.000416, -19.729151),slideActive=false,wallhopFlick=false,humanoidState=8},
    {type="keyframe",time=0.185519,cframe=CFrame.new(-13.532034,-147.000000,51.151382,0.986458,0.000000,-0.164017,0.000000,1.000000,0.000000,0.164017,0.000000,0.986458),velocity=Vector3.new(3.280336, 0.000416, -19.729151),slideActive=false,wallhopFlick=false,humanoidState=8},
    {type="keyframe",time=0.190366,cframe=CFrame.new(-13.518366,-147.000000,51.069180,0.986458,0.000000,-0.164017,0.000000,1.000000,0.000000,0.164017,0.000000,0.986458),velocity=Vector3.new(3.280336, 0.000416, -19.729151),slideActive=false,wallhopFlick=false,humanoidState=8},
    {type="keyframe",time=0.194233,cframe=CFrame.new(-13.504698,-147.000000,50.986977,0.986458,0.000000,-0.164017,0.000000,1.000000,0.000000,0.164017,0.000000,0.986458),velocity=Vector3.new(3.280336, 0.000416, -19.729151),slideActive=false,wallhopFlick=false,humanoidState=8},
    {type="keyframe",time=0.198498,cframe=CFrame.new(-13.491030,-147.000000,50.904774,0.986458,0.000000,-0.164017,0.000000,1.000000,0.000000,0.164017,0.000000,0.986458),velocity=Vector3.new(3.280336, 0.000416, -19.729151),slideActive=false,wallhopFlick=false,humanoidState=8},
    {type="keyframe",time=0.203701,cframe=CFrame.new(-13.477362,-147.000000,50.822571,0.986458,0.000000,-0.164017,0.000000,1.000000,0.000000,0.164017,0.000000,0.986458),velocity=Vector3.new(3.280336, 0.000416, -19.729151),slideActive=false,wallhopFlick=false,humanoidState=8},
    {type="keyframe",time=0.208760,cframe=CFrame.new(-13.450026,-147.000000,50.658165,0.986458,0.000000,-0.164017,0.000000,1.000000,0.000000,0.164017,0.000000,0.986458),velocity=Vector3.new(3.280336, 0.000416, -19.729151),slideActive=false,wallhopFlick=false,humanoidState=8},
    {type="keyframe",time=0.216197,cframe=CFrame.new(-13.436357,-147.000000,50.575962,0.986458,0.000000,-0.164017,0.000000,1.000000,0.000000,0.164017,0.000000,0.986458),velocity=Vector3.new(3.280336, 0.000416, -19.729151),slideActive=false,wallhopFlick=false,humanoidState=8},
    {type="keyframe",time=0.220538,cframe=CFrame.new(-13.422689,-147.000000,50.493759,0.986458,0.000000,-0.164017,0.000000,1.000000,0.000000,0.164017,0.000000,0.986458),velocity=Vector3.new(3.280336, 0.000416, -19.729151),slideActive=false,wallhopFlick=false,humanoidState=8},
    {type="keyframe",time=0.225990,cframe=CFrame.new(-13.409021,-147.000000,50.411556,0.986458,0.000000,-0.164017,0.000000,1.000000,0.000000,0.164017,0.000000,0.986458),velocity=Vector3.new(3.280336, 0.000416, -19.729151),slideActive=false,wallhopFlick=false,humanoidState=8},
    {type="keyframe",time=0.229321,cframe=CFrame.new(-13.381685,-147.000000,50.247150,0.986458,0.000000,-0.164017,0.000000,1.000000,0.000000,0.164017,0.000000,0.986458),velocity=Vector3.new(3.280336, 0.000416, -19.729151),slideActive=false,wallhopFlick=false,humanoidState=8},
    {type="keyframe",time=0.233614,cframe=CFrame.new(-13.368017,-147.000000,50.164948,0.986458,0.000000,-0.164017,0.000000,1.000000,0.000000,0.164017,0.000000,0.986458),velocity=Vector3.new(3.280336, 0.000416, -19.729151),slideActive=false,wallhopFlick=false,humanoidState=8},
    {type="keyframe",time=0.237616,cframe=CFrame.new(-13.354349,-147.000000,50.082745,0.986458,0.000000,-0.164017,0.000000,1.000000,0.000000,0.164017,0.000000,0.986458),velocity=Vector3.new(3.280336, 0.000416, -19.729151),slideActive=false,wallhopFlick=false,humanoidState=8},
    {type="keyframe",time=0.242804,cframe=CFrame.new(-13.340681,-147.000000,50.000542,0.986458,0.000000,-0.164017,0.000000,1.000000,0.000000,0.164017,0.000000,0.986458),velocity=Vector3.new(3.280336, 0.000416, -19.729151),slideActive=false,wallhopFlick=false,humanoidState=8},
    {type="keyframe",time=0.247212,cframe=CFrame.new(-13.327013,-147.000000,49.918339,0.986458,0.000000,-0.164017,0.000000,1.000000,0.000000,0.164017,0.000000,0.986458),velocity=Vector3.new(3.280336, 0.000416, -19.729151),slideActive=false,wallhopFlick=false,humanoidState=8},
    {type="keyframe",time=0.251469,cframe=CFrame.new(-13.313345,-147.000000,49.836136,0.986458,0.000000,-0.164017,0.000000,1.000000,0.000000,0.164017,0.000000,0.986458),velocity=Vector3.new(3.280336, 0.000416, -19.729151),slideActive=false,wallhopFlick=false,humanoidState=8},
    {type="keyframe",time=0.254975,cframe=CFrame.new(-13.299677,-147.000000,49.753933,0.986458,0.000000,-0.164017,0.000000,1.000000,0.000000,0.164017,0.000000,0.986458),velocity=Vector3.new(3.280336, 0.000416, -19.729151),slideActive=false,wallhopFlick=false,humanoidState=8},
    {type="keyframe",time=0.260279,cframe=CFrame.new(-13.286009,-147.000000,49.671730,0.986458,0.000000,-0.164017,0.000000,1.000000,0.000000,0.164017,0.000000,0.986458),velocity=Vector3.new(3.280336, 0.000416, -19.729151),slideActive=false,wallhopFlick=false,humanoidState=8},
    {type="keyframe",time=0.264807,cframe=CFrame.new(-13.272341,-147.000000,49.589527,0.986458,0.000000,-0.164017,0.000000,1.000000,0.000000,0.164017,0.000000,0.986458),velocity=Vector3.new(3.280336, 0.000416, -19.729151),slideActive=false,wallhopFlick=false,humanoidState=8},
    {type="keyframe",time=0.268545,cframe=CFrame.new(-13.258673,-147.000000,49.507324,0.986458,0.000000,-0.164017,0.000000,1.000000,0.000000,0.164017,0.000000,0.986458),velocity=Vector3.new(3.280336, 0.000416, -19.729151),slideActive=false,wallhopFlick=false,humanoidState=8},
    {type="keyframe",time=0.272738,cframe=CFrame.new(-13.245005,-147.000000,49.425121,0.986458,0.000000,-0.164017,0.000000,1.000000,0.000000,0.164017,0.000000,0.986458),velocity=Vector3.new(3.280336, 0.000416, -19.729151),slideActive=false,wallhopFlick=false,humanoidState=8},
    {type="keyframe",time=0.277383,cframe=CFrame.new(-13.231337,-147.000000,49.342918,0.986458,0.000000,-0.164017,0.000000,1.000000,0.000000,0.164017,0.000000,0.986458),velocity=Vector3.new(3.280336, 0.000416, -19.729151),slideActive=false,wallhopFlick=false,humanoidState=8},
    {type="keyframe",time=0.281780,cframe=CFrame.new(-13.217669,-147.000000,49.260715,0.986458,0.000000,-0.164017,0.000000,1.000000,0.000000,0.164017,0.000000,0.986458),velocity=Vector3.new(3.280336, 0.000416, -19.729151),slideActive=false,wallhopFlick=false,humanoidState=8},
    {type="keyframe",time=0.286258,cframe=CFrame.new(-13.190332,-147.000000,49.096310,0.986458,0.000000,-0.164017,0.000000,1.000000,0.000000,0.164017,0.000000,0.986458),velocity=Vector3.new(3.280336, 0.000416, -19.729151),slideActive=false,wallhopFlick=false,humanoidState=8},
    {type="keyframe",time=0.291399,cframe=CFrame.new(-13.176664,-147.000000,49.014107,0.986458,0.000000,-0.164017,0.000000,1.000000,0.000000,0.164017,0.000000,0.986458),velocity=Vector3.new(3.280336, 0.000416, -19.729151),slideActive=false,wallhopFlick=false,humanoidState=8},
    {type="keyframe",time=0.295577,cframe=CFrame.new(-13.162996,-147.000000,48.931904,0.986458,0.000000,-0.164017,0.000000,1.000000,0.000000,0.164017,0.000000,0.986458),velocity=Vector3.new(3.280336, 0.000416, -19.729151),slideActive=false,wallhopFlick=false,humanoidState=8},
    {type="keyframe",time=0.299917,cframe=CFrame.new(-13.149328,-147.000000,48.849701,0.986458,0.000000,-0.164017,0.000000,1.000000,0.000000,0.164017,0.000000,0.986458),velocity=Vector3.new(3.280336, 0.000416, -19.729151),slideActive=false,wallhopFlick=false,humanoidState=8},
    {type="keyframe",time=0.303890,cframe=CFrame.new(-13.135660,-147.000000,48.767498,0.986458,0.000000,-0.164017,0.000000,1.000000,0.000000,0.164017,0.000000,0.986458),velocity=Vector3.new(3.280336, 0.000416, -19.729151),slideActive=false,wallhopFlick=false,humanoidState=8},
    {type="keyframe",time=0.308620,cframe=CFrame.new(-13.121992,-147.000000,48.685295,0.986458,0.000000,-0.164017,0.000000,1.000000,0.000000,0.164017,0.000000,0.986458),velocity=Vector3.new(3.280336, 0.000416, -19.729151),slideActive=false,wallhopFlick=false,humanoidState=8},
    {type="keyframe",time=0.312491,cframe=CFrame.new(-13.108324,-147.000000,48.603092,0.986458,0.000000,-0.164017,0.000000,1.000000,0.000000,0.164017,0.000000,0.986458),velocity=Vector3.new(3.280336, 0.000416, -19.729151),slideActive=false,wallhopFlick=false,humanoidState=8},
    {type="keyframe",time=0.316603,cframe=CFrame.new(-13.094656,-147.000000,48.520889,0.986458,0.000000,-0.164017,0.000000,1.000000,0.000000,0.164017,0.000000,0.986458),velocity=Vector3.new(3.280336, 0.000416, -19.729151),slideActive=false,wallhopFlick=false,humanoidState=8},
    {type="keyframe",time=0.320677,cframe=CFrame.new(-13.080988,-147.000000,48.438686,0.986458,0.000000,-0.164017,0.000000,1.000000,0.000000,0.164017,0.000000,0.986458),velocity=Vector3.new(3.280336, 0.000416, -19.729151),slideActive=false,wallhopFlick=false,humanoidState=8},
    {type="keyframe",time=0.325926,cframe=CFrame.new(-13.067320,-147.000000,48.356483,0.986458,0.000000,-0.164017,0.000000,1.000000,0.000000,0.164017,0.000000,0.986458),velocity=Vector3.new(3.280336, 0.000416, -19.729151),slideActive=false,wallhopFlick=false,humanoidState=8},
    {type="keyframe",time=0.330089,cframe=CFrame.new(-13.053652,-147.000000,48.274281,0.986458,0.000000,-0.164017,0.000000,1.000000,0.000000,0.164017,0.000000,0.986458),velocity=Vector3.new(3.280336, 0.000416, -19.729151),slideActive=false,wallhopFlick=false,humanoidState=8},
    {type="keyframe",time=0.334764,cframe=CFrame.new(-13.039984,-147.000000,48.192078,0.986458,0.000000,-0.164017,0.000000,1.000000,0.000000,0.164017,0.000000,0.986458),velocity=Vector3.new(3.280336, 0.000416, -19.729151),slideActive=false,wallhopFlick=false,humanoidState=8},
    {type="keyframe",time=0.338671,cframe=CFrame.new(-13.026316,-147.000000,48.109875,0.986458,0.000000,-0.164017,0.000000,1.000000,0.000000,0.164017,0.000000,0.986458),velocity=Vector3.new(3.280336, 0.000416, -19.729151),slideActive=false,wallhopFlick=false,humanoidState=8},
    {type="keyframe",time=0.343510,cframe=CFrame.new(-13.012648,-147.000000,48.027672,0.986458,0.000000,-0.164017,0.000000,1.000000,0.000000,0.164017,0.000000,0.986458),velocity=Vector3.new(3.280336, 0.000416, -19.729151),slideActive=false,wallhopFlick=false,humanoidState=8},
    {type="keyframe",time=0.347980,cframe=CFrame.new(-12.998980,-147.000000,47.945469,0.986458,0.000000,-0.164017,0.000000,1.000000,0.000000,0.164017,0.000000,0.986458),velocity=Vector3.new(3.280336, 0.000416, -19.729151),slideActive=false,wallhopFlick=false,humanoidState=8},
    {type="keyframe",time=0.351884,cframe=CFrame.new(-12.985312,-147.000000,47.863266,0.986458,0.000000,-0.164017,0.000000,1.000000,0.000000,0.164017,0.000000,0.986458),velocity=Vector3.new(3.280336, 0.000416, -19.729151),slideActive=false,wallhopFlick=false,humanoidState=8},
    {type="keyframe",time=0.357094,cframe=CFrame.new(-12.971643,-147.000000,47.781063,0.986458,0.000000,-0.164017,0.000000,1.000000,0.000000,0.164017,0.000000,0.986458),velocity=Vector3.new(3.280336, 0.000416, -19.729151),slideActive=false,wallhopFlick=false,humanoidState=8},
    {type="keyframe",time=0.361021,cframe=CFrame.new(-12.957975,-147.000000,47.698860,0.986458,0.000000,-0.164017,0.000000,1.000000,0.000000,0.164017,0.000000,0.986458),velocity=Vector3.new(3.280336, 0.000416, -19.729151),slideActive=false,wallhopFlick=false,humanoidState=8},
    {type="keyframe",time=0.364993,cframe=CFrame.new(-12.944307,-147.000000,47.616657,0.986458,0.000000,-0.164017,0.000000,1.000000,0.000000,0.164017,0.000000,0.986458),velocity=Vector3.new(3.280336, 0.000416, -19.729151),slideActive=false,wallhopFlick=false,humanoidState=8},
    {type="keyframe",time=0.369540,cframe=CFrame.new(-12.930639,-147.000000,47.534454,0.986458,0.000000,-0.164017,0.000000,1.000000,0.000000,0.164017,0.000000,0.986458),velocity=Vector3.new(3.280336, 0.000416, -19.729151),slideActive=false,wallhopFlick=false,humanoidState=8},
    {type="keyframe",time=0.375227,cframe=CFrame.new(-12.916971,-147.000000,47.452251,0.986458,0.000000,-0.164017,0.000000,1.000000,0.000000,0.164017,0.000000,0.986458),velocity=Vector3.new(3.280336, 0.000416, -19.729151),slideActive=false,wallhopFlick=false,humanoidState=8},
    {type="keyframe",time=0.382523,cframe=CFrame.new(-12.889635,-147.000000,47.287846,0.986458,0.000000,-0.164017,0.000000,1.000000,0.000000,0.164017,0.000000,0.986458),velocity=Vector3.new(3.280336, 0.000416, -19.729151),slideActive=false,wallhopFlick=false,humanoidState=8},
    {type="keyframe",time=0.386851,cframe=CFrame.new(-12.875967,-147.000000,47.205643,0.986458,0.000000,-0.164017,0.000000,1.000000,0.000000,0.164017,0.000000,0.986458),velocity=Vector3.new(3.280336, 0.000416, -19.729151),slideActive=false,wallhopFlick=false,humanoidState=8},
    {type="keyframe",time=0.392881,cframe=CFrame.new(-12.848631,-147.000000,47.041237,0.986458,0.000000,-0.164017,0.000000,1.000000,0.000000,0.164017,0.000000,0.986458),velocity=Vector3.new(3.280336, 0.000416, -19.729151),slideActive=false,wallhopFlick=false,humanoidState=8},
    {type="keyframe",time=0.396080,cframe=CFrame.new(-12.834963,-147.000000,46.959034,0.986458,0.000000,-0.164017,0.000000,1.000000,0.000000,0.164017,0.000000,0.986458),velocity=Vector3.new(3.280336, 0.000416, -19.729151),slideActive=false,wallhopFlick=false,humanoidState=8},
    {type="keyframe",time=0.400955,cframe=CFrame.new(-12.821295,-147.000000,46.876831,0.986458,0.000000,-0.164017,0.000000,1.000000,0.000000,0.164017,0.000000,0.986458),velocity=Vector3.new(3.280336, 0.000416, -19.729151),slideActive=false,wallhopFlick=false,humanoidState=8},
    {type="keyframe",time=0.405318,cframe=CFrame.new(-12.807627,-147.000000,46.794628,0.986458,0.000000,-0.164017,0.000000,1.000000,0.000000,0.164017,0.000000,0.986458),velocity=Vector3.new(3.280336, 0.000416, -19.729151),slideActive=false,wallhopFlick=false,humanoidState=8},
    {type="keyframe",time=0.410197,cframe=CFrame.new(-12.793959,-147.000000,46.712425,0.986458,0.000000,-0.164017,0.000000,1.000000,0.000000,0.164017,0.000000,0.986458),velocity=Vector3.new(3.280336, 0.000416, -19.729151),slideActive=false,wallhopFlick=false,humanoidState=8},
    {type="keyframe",time=0.414965,cframe=CFrame.new(-12.780291,-147.000000,46.630222,0.986458,0.000000,-0.164017,0.000000,1.000000,0.000000,0.164017,0.000000,0.986458),velocity=Vector3.new(3.280336, 0.000416, -19.729151),slideActive=false,wallhopFlick=false,humanoidState=8},
    {type="keyframe",time=0.418118,cframe=CFrame.new(-12.766623,-147.000000,46.548019,0.986458,0.000000,-0.164017,0.000000,1.000000,0.000000,0.164017,0.000000,0.986458),velocity=Vector3.new(3.280336, 0.000416, -19.729151),slideActive=false,wallhopFlick=false,humanoidState=8},
    {type="keyframe",time=0.423227,cframe=CFrame.new(-12.752954,-147.000000,46.465816,0.986458,0.000000,-0.164017,0.000000,1.000000,0.000000,0.164017,0.000000,0.986458),velocity=Vector3.new(3.280336, 0.000416, -19.729151),slideActive=false,wallhopFlick=false,humanoidState=8},
    {type="keyframe",time=0.427047,cframe=CFrame.new(-12.739286,-147.000000,46.383614,0.986458,0.000000,-0.164017,0.000000,1.000000,0.000000,0.164017,0.000000,0.986458),velocity=Vector3.new(3.280336, 0.000416, -19.729151),slideActive=false,wallhopFlick=false,humanoidState=8},
    {type="keyframe",time=0.432207,cframe=CFrame.new(-12.725618,-147.000000,46.301411,0.986458,0.000000,-0.164017,0.000000,1.000000,0.000000,0.164017,0.000000,0.986458),velocity=Vector3.new(3.280336, 0.000416, -19.729151),slideActive=false,wallhopFlick=false,humanoidState=8},
    {type="keyframe",time=0.440926,cframe=CFrame.new(-12.698282,-147.000000,46.137005,0.986458,0.000000,-0.164017,0.000000,1.000000,0.000000,0.164017,0.000000,0.986458),velocity=Vector3.new(3.280336, 0.000416, -19.729151),slideActive=false,wallhopFlick=false,humanoidState=8},
    {type="keyframe",time=0.445186,cframe=CFrame.new(-12.670946,-147.000000,45.972599,0.986458,0.000000,-0.164017,0.000000,1.000000,0.000000,0.164017,0.000000,0.986458),velocity=Vector3.new(3.280336, 0.000416, -19.729151),slideActive=false,wallhopFlick=false,humanoidState=8},
    {type="keyframe",time=0.449548,cframe=CFrame.new(-12.657278,-147.000000,45.890396,0.986458,0.000000,-0.164017,0.000000,1.000000,0.000000,0.164017,0.000000,0.986458),velocity=Vector3.new(3.280336, 0.000416, -19.729151),slideActive=false,wallhopFlick=false,humanoidState=8},
    {type="keyframe",time=0.454862,cframe=CFrame.new(-12.643610,-147.000000,45.808193,0.986458,0.000000,-0.164017,0.000000,1.000000,0.000000,0.164017,0.000000,0.986458),velocity=Vector3.new(3.280336, 0.000416, -19.729151),slideActive=false,wallhopFlick=false,humanoidState=8},
    {type="keyframe",time=0.458808,cframe=CFrame.new(-12.629942,-147.000000,45.725990,0.986458,0.000000,-0.164017,0.000000,1.000000,0.000000,0.164017,0.000000,0.986458),velocity=Vector3.new(3.280336, 0.000416, -19.729151),slideActive=false,wallhopFlick=false,humanoidState=8},
    {type="keyframe",time=0.463267,cframe=CFrame.new(-12.616274,-147.000000,45.643787,0.986458,0.000000,-0.164017,0.000000,1.000000,0.000000,0.164017,0.000000,0.986458),velocity=Vector3.new(3.280336, 0.000416, -19.729151),slideActive=false,wallhopFlick=false,humanoidState=8},
    {type="keyframe",time=0.467098,cframe=CFrame.new(-12.602606,-147.000000,45.561584,0.986458,0.000000,-0.164017,0.000000,1.000000,0.000000,0.164017,0.000000,0.986458),velocity=Vector3.new(3.280336, 0.000416, -19.729151),slideActive=false,wallhopFlick=false,humanoidState=8},
    {type="keyframe",time=0.471412,cframe=CFrame.new(-12.588938,-147.000000,45.479382,0.986458,0.000000,-0.164017,0.000000,1.000000,0.000000,0.164017,0.000000,0.986458),velocity=Vector3.new(3.280336, 0.000416, -19.729151),slideActive=false,wallhopFlick=false,humanoidState=8},
    {type="keyframe",time=0.477451,cframe=CFrame.new(-12.575270,-147.000000,45.397179,0.986458,0.000000,-0.164017,0.000000,1.000000,0.000000,0.164017,0.000000,0.986458),velocity=Vector3.new(3.280336, 0.000416, -19.729151),slideActive=false,wallhopFlick=false,humanoidState=8},
    {type="keyframe",time=0.481289,cframe=CFrame.new(-12.561602,-147.000000,45.314976,0.986458,0.000000,-0.164017,0.000000,1.000000,0.000000,0.164017,0.000000,0.986458),velocity=Vector3.new(3.280336, 0.000416, -19.729151),slideActive=false,wallhopFlick=false,humanoidState=8},
    {type="keyframe",time=0.485467,cframe=CFrame.new(-12.547934,-147.000000,45.232773,0.986458,0.000000,-0.164017,0.000000,1.000000,0.000000,0.164017,0.000000,0.986458),velocity=Vector3.new(3.280336, 0.000416, -19.729151),slideActive=false,wallhopFlick=false,humanoidState=8},
    {type="keyframe",time=0.490337,cframe=CFrame.new(-12.520597,-147.000000,45.068367,0.986458,0.000000,-0.164017,0.000000,1.000000,0.000000,0.164017,0.000000,0.986458),velocity=Vector3.new(3.280336, 0.000416, -19.729151),slideActive=false,wallhopFlick=false,humanoidState=8},
    {type="keyframe",time=0.495003,cframe=CFrame.new(-12.506929,-147.000000,44.986164,0.986458,0.000000,-0.164017,0.000000,1.000000,0.000000,0.164017,0.000000,0.986458),velocity=Vector3.new(3.280336, 0.000416, -19.729151),slideActive=false,wallhopFlick=false,humanoidState=8},
    {type="keyframe",time=0.498764,cframe=CFrame.new(-12.493261,-147.000000,44.903961,0.986458,0.000000,-0.164017,0.000000,1.000000,0.000000,0.164017,0.000000,0.986458),velocity=Vector3.new(3.280336, 0.000416, -19.729151),slideActive=false,wallhopFlick=false,humanoidState=8},
    {type="keyframe",time=0.503233,cframe=CFrame.new(-12.479593,-147.000000,44.821758,0.986458,0.000000,-0.164017,0.000000,1.000000,0.000000,0.164017,0.000000,0.986458),velocity=Vector3.new(3.280336, 0.000416, -19.729151),slideActive=false,wallhopFlick=false,humanoidState=8},
    {type="keyframe",time=0.508421,cframe=CFrame.new(-12.465925,-147.000000,44.739555,0.986458,0.000000,-0.164017,0.000000,1.000000,0.000000,0.164017,0.000000,0.986458),velocity=Vector3.new(3.280336, 0.000416, -19.729151),slideActive=false,wallhopFlick=false,humanoidState=8},
    {type="keyframe",time=0.512523,cframe=CFrame.new(-12.452257,-147.000000,44.657352,0.986458,0.000000,-0.164017,0.000000,1.000000,0.000000,0.164017,0.000000,0.986458),velocity=Vector3.new(3.280336, 0.000416, -19.729151),slideActive=false,wallhopFlick=false,humanoidState=8},
    {type="keyframe",time=0.517473,cframe=CFrame.new(-12.438589,-147.000000,44.575150,0.986458,0.000000,-0.164017,0.000000,1.000000,0.000000,0.164017,0.000000,0.986458),velocity=Vector3.new(3.280336, 0.000416, -19.729151),slideActive=false,wallhopFlick=false,humanoidState=8},
    {type="keyframe",time=0.521082,cframe=CFrame.new(-12.424921,-147.000000,44.492947,0.986458,0.000000,-0.164017,0.000000,1.000000,0.000000,0.164017,0.000000,0.986458),velocity=Vector3.new(3.280336, 0.000416, -19.729151),slideActive=false,wallhopFlick=false,humanoidState=8},
    {type="keyframe",time=0.526803,cframe=CFrame.new(-12.411253,-147.000000,44.410744,0.986458,0.000000,-0.164017,0.000000,1.000000,0.000000,0.164017,0.000000,0.986458),velocity=Vector3.new(3.280336, 0.000416, -19.729151),slideActive=false,wallhopFlick=false,humanoidState=8},
    {type="keyframe",time=3.795923,cframe=CFrame.new(-12.413855,-147.173630,44.699799,-0.113493,-0.190957,0.975015,0.079699,0.976444,0.200514,-0.990337,0.100465,-0.095600),velocity=Vector3.new(3.280339, 55.000000, -19.729151),slideActive=false,wallhopFlick=false,humanoidState=3},
    {type="keyframe",time=3.800179,cframe=CFrame.new(-12.400187,-146.947876,44.617596,-0.113493,-0.190957,0.975015,0.079699,0.976444,0.200513,-0.990337,0.100465,-0.095600),velocity=Vector3.new(3.280339, 54.182499, -19.729151),slideActive=false,wallhopFlick=false,humanoidState=5},
    {type="keyframe",time=3.804507,cframe=CFrame.new(-12.389000,-146.725525,44.535309,-0.111243,-0.173552,0.978522,0.075533,0.980308,0.182456,-0.990919,0.094208,-0.095944),velocity=Vector3.new(2.684840, 53.364998, -19.749115),slideActive=false,wallhopFlick=false,humanoidState=5},
    {type="keyframe",time=3.808693,cframe=CFrame.new(-12.380295,-146.506577,44.452938,-0.108134,-0.147489,0.983135,0.068911,0.985443,0.155415,-0.991745,0.084555,-0.096396),velocity=Vector3.new(2.089341, 52.547497, -19.769079),slideActive=false,wallhopFlick=false,humanoidState=5},
    {type="keyframe",time=3.812561,cframe=CFrame.new(-12.374070,-146.291031,44.370483,-0.105077,-0.118651,0.987360,0.061011,0.990217,0.125487,-0.992591,0.073425,-0.096810),velocity=Vector3.new(1.493842, 51.729996, -19.789043),slideActive=false,wallhopFlick=false,humanoidState=5},
    {type="keyframe",time=3.816999,cframe=CFrame.new(-12.370327,-146.078888,44.287945,-0.102526,-0.090776,0.990580,0.052644,0.993937,0.096532,-0.993336,0.062045,-0.097126),velocity=Vector3.new(0.898343, 50.912495, -19.809008),slideActive=false,wallhopFlick=false,humanoidState=5},
    {type="keyframe",time=3.825299,cframe=CFrame.new(-12.369065,-145.870163,44.205322,-0.100617,-0.065999,0.992734,0.044364,0.996507,0.070746,-0.993936,0.051160,-0.097337),velocity=Vector3.new(0.302845, 50.094994, -19.828972),slideActive=false,wallhopFlick=false,humanoidState=5},
    {type="keyframe",time=3.829867,cframe=CFrame.new(-12.373985,-145.462921,44.039833,-0.098468,-0.029102,0.994715,0.029003,0.999064,0.032100,-0.994717,0.032011,-0.097532),velocity=Vector3.new(-0.888153, 48.459991, -19.868898),slideActive=false,wallhopFlick=false,humanoidState=5},
    {type="keyframe",time=3.837981,cframe=CFrame.new(-12.380167,-145.264404,43.956963,-0.097987,-0.016672,0.995048,0.022791,0.999560,0.018992,-0.994927,0.024539,-0.097564),velocity=Vector3.new(-1.483652, 47.642490, -19.888863),slideActive=false,wallhopFlick=false,humanoidState=5},
    {type="keyframe",time=3.842961,cframe=CFrame.new(-12.395425,-144.877609,43.791122,-0.097614,-0.001869,0.995223,0.012706,0.999914,0.003124,-0.995143,0.012951,-0.097581),velocity=Vector3.new(-1.885826, 46.007488, -19.902344),slideActive=false,wallhopFlick=false,humanoidState=5},
    {type="keyframe",time=3.846825,cframe=CFrame.new(-12.403454,-144.689316,43.708191,-0.097568,0.001927,0.995227,0.009015,0.999959,-0.001052,-0.995188,0.008869,-0.097582),velocity=Vector3.new(-1.926957, 45.189987, -19.903723),slideActive=false,wallhopFlick=false,humanoidState=5},
    {type="keyframe",time=3.850662,cframe=CFrame.new(-12.411547,-144.504425,43.625256,-0.097559,0.004032,0.995222,0.006065,0.999976,-0.003457,-0.995211,0.005699,-0.097581),velocity=Vector3.new(-1.942382, 44.372486, -19.904240),slideActive=false,wallhopFlick=false,humanoidState=5},
    {type="keyframe",time=3.855180,cframe=CFrame.new(-12.419664,-144.322952,43.542320,-0.097564,0.004942,0.995217,0.003774,0.999982,-0.004596,-0.995222,0.003307,-0.097581),velocity=Vector3.new(-1.948166, 43.554985, -19.904434),slideActive=false,wallhopFlick=false,humanoidState=5},
    {type="keyframe",time=3.859578,cframe=CFrame.new(-12.427791,-144.144882,43.459385,-0.097572,0.005056,0.995216,0.002052,0.999986,-0.004879,-0.995226,0.001566,-0.097581),velocity=Vector3.new(-1.950335, 42.737484, -19.904507),slideActive=false,wallhopFlick=false,humanoidState=5},
    {type="keyframe",time=3.864070,cframe=CFrame.new(-12.435921,-143.970215,43.376450,-0.097578,0.004682,0.995217,0.000809,0.999989,-0.004625,-0.995228,0.000354,-0.097581),velocity=Vector3.new(-1.951148, 41.919983, -19.904533),slideActive=false,wallhopFlick=false,humanoidState=5},
    {type="keyframe",time=3.867678,cframe=CFrame.new(-12.444052,-143.798950,43.293514,-0.097582,0.004047,0.995219,-0.000044,0.999992,-0.004071,-0.995227,-0.000441,-0.097581),velocity=Vector3.new(-1.951453, 41.102482, -19.904545),slideActive=false,wallhopFlick=false,humanoidState=5},
    {type="keyframe",time=3.872214,cframe=CFrame.new(-12.452184,-143.631104,43.210579,-0.097584,0.003311,0.995222,-0.000588,0.999994,-0.003385,-0.995227,-0.000916,-0.097581),velocity=Vector3.new(-1.951568, 40.284981, -19.904549),slideActive=false,wallhopFlick=false,humanoidState=5},
    {type="keyframe",time=3.876234,cframe=CFrame.new(-12.460316,-143.466660,43.127644,-0.097584,0.002578,0.995224,-0.000896,0.999996,-0.002678,-0.995227,-0.001153,-0.097581),velocity=Vector3.new(-1.951611, 39.467480, -19.904551),slideActive=false,wallhopFlick=false,humanoidState=5},
    {type="keyframe",time=3.880861,cframe=CFrame.new(-12.468448,-143.305618,43.044708,-0.097584,0.001910,0.995225,-0.001031,0.999997,-0.002020,-0.995227,-0.001224,-0.097582),velocity=Vector3.new(-1.951627, 38.649979, -19.904551),slideActive=false,wallhopFlick=false,humanoidState=5},
    {type="keyframe",time=3.884934,cframe=CFrame.new(-12.476580,-143.147980,42.961773,-0.097583,0.001339,0.995226,-0.001045,0.999998,-0.001448,-0.995227,-0.001182,-0.097582),velocity=Vector3.new(-1.951633, 37.832478, -19.904551),slideActive=false,wallhopFlick=false,humanoidState=5},
    {type="keyframe",time=3.889104,cframe=CFrame.new(-12.484712,-142.993744,42.878838,-0.097583,0.000876,0.995227,-0.000981,0.999999,-0.000977,-0.995227,-0.001071,-0.097582),velocity=Vector3.new(-1.951635, 37.014977, -19.904551),slideActive=false,wallhopFlick=false,humanoidState=5},
    {type="keyframe",time=3.893411,cframe=CFrame.new(-12.492844,-142.842926,42.795902,-0.097582,0.000519,0.995227,-0.000870,0.999999,-0.000607,-0.995227,-0.000925,-0.097582),velocity=Vector3.new(-1.951636, 36.197475, -19.904551),slideActive=false,wallhopFlick=false,humanoidState=5},
    {type="keyframe",time=3.897356,cframe=CFrame.new(-12.500976,-142.695511,42.712967,-0.097582,0.000256,0.995227,-0.000737,1.000000,-0.000330,-0.995227,-0.000766,-0.097582),velocity=Vector3.new(-1.951636, 35.379974, -19.904551),slideActive=false,wallhopFlick=false,humanoidState=5},
    {type="keyframe",time=3.901376,cframe=CFrame.new(-12.509108,-142.551498,42.630032,-0.097582,0.000073,0.995227,-0.000600,1.000000,-0.000132,-0.995227,-0.000610,-0.097582),velocity=Vector3.new(-1.951636, 34.562473, -19.904551),slideActive=false,wallhopFlick=false,humanoidState=5},
    {type="keyframe",time=3.906960,cframe=CFrame.new(-12.517240,-142.410889,42.547096,-0.097582,-0.000045,0.995228,-0.000469,1.000000,-0.000001,-0.995227,-0.000467,-0.097582),velocity=Vector3.new(-1.951636, 33.744972, -19.904551),slideActive=false,wallhopFlick=false,humanoidState=5},
    {type="keyframe",time=3.911453,cframe=CFrame.new(-12.525372,-142.273697,42.464161,-0.097582,-0.000114,0.995228,-0.000352,1.000000,0.000080,-0.995227,-0.000342,-0.097582),velocity=Vector3.new(-1.951636, 32.927471, -19.904551),slideActive=false,wallhopFlick=false,humanoidState=5},
    {type="keyframe",time=3.916040,cframe=CFrame.new(-12.533504,-142.139908,42.381226,-0.097582,-0.000147,0.995228,-0.000252,1.000000,0.000123,-0.995227,-0.000239,-0.097582),velocity=Vector3.new(-1.951636, 32.109970, -19.904551),slideActive=false,wallhopFlick=false,humanoidState=5},
    {type="keyframe",time=3.919608,cframe=CFrame.new(-12.541636,-142.009521,42.298290,-0.097582,-0.000155,0.995228,-0.000170,1.000000,0.000139,-0.995227,-0.000156,-0.097582),velocity=Vector3.new(-1.951636, 31.292471, -19.904551),slideActive=false,wallhopFlick=false,humanoidState=5},
