return {
    {type="keyframe",time=0.004167,cframe=CFrame.new(-24.872267,-147.005035,59.291847,0.999385,0.000000,0.035072,0.000000,1.000000,0.000000,-0.035072,0.000000,0.999385),velocity=Vector3.new(-0.352225, 0.001249, -10.036810),slideActive=false,wallhopFlick=false,humanoidState=8},
    {type="keyframe",time=0.008333,cframe=CFrame.new(-24.874224,-147.005035,59.236088,0.999385,0.000000,0.035072,0.000000,1.000000,0.000000,-0.035072,0.000000,0.999385),velocity=Vector3.new(-0.469633, 0.001249, -13.382414),slideActive=false,wallhopFlick=false,humanoidState=8},
    {type="keyframe",time=0.012500,cframe=CFrame.new(-24.876669,-147.005035,59.166389,0.999385,0.000000,0.035072,0.000000,1.000000,0.000000,-0.035072,0.000000,0.999385),velocity=Vector3.new(-0.587042, 0.001249, -16.728018),slideActive=false,wallhopFlick=false,humanoidState=8},
    {type="keyframe",time=0.020833,cframe=CFrame.new(-24.879414,-147.005035,59.088200,0.999385,0.000000,0.035072,0.000000,1.000000,0.000000,-0.035072,0.000000,0.999385),velocity=Vector3.new(-0.658537, 0.001249, -18.765316),slideActive=false,wallhopFlick=false,humanoidState=8},
    {type="keyframe",time=0.025000,cframe=CFrame.new(-24.885166,-147.005035,58.924263,0.999385,0.000000,0.035072,0.000000,1.000000,0.000000,-0.035072,0.000000,0.999385),velocity=Vector3.new(-0.695402, 0.001249, -19.815798),slideActive=false,wallhopFlick=false,humanoidState=8},
    {type="keyframe",time=0.029167,cframe=CFrame.new(-24.888079,-147.005035,58.841251,0.999385,0.000000,0.035072,0.000000,1.000000,0.000000,-0.035072,0.000000,0.999385),velocity=Vector3.new(-0.699172, 0.001249, -19.923233),slideActive=false,wallhopFlick=false,humanoidState=8},
    {type="keyframe",time=0.033333,cframe=CFrame.new(-24.890997,-147.005035,58.758072,0.999385,0.000000,0.035072,0.000000,1.000000,0.000000,-0.035072,0.000000,0.999385),velocity=Vector3.new(-0.700586, 0.001249, -19.963522),slideActive=false,wallhopFlick=false,humanoidState=8},
    {type="keyframe",time=0.037500,cframe=CFrame.new(-24.893919,-147.005035,58.674828,0.999385,0.000000,0.035072,0.000000,1.000000,0.000000,-0.035072,0.000000,0.999385),velocity=Vector3.new(-0.701116, 0.001249, -19.978630),slideActive=false,wallhopFlick=false,humanoidState=8},
    {type="keyframe",time=0.041667,cframe=CFrame.new(-24.896841,-147.005035,58.591560,0.999385,0.000000,0.035072,0.000000,1.000000,0.000000,-0.035072,0.000000,0.999385),velocity=Vector3.new(-0.701315, 0.001249, -19.984297),slideActive=false,wallhopFlick=false,humanoidState=8},
    {type="keyframe",time=0.050000,cframe=CFrame.new(-24.899763,-147.005035,58.508282,0.999385,0.000000,0.035072,0.000000,1.000000,0.000000,-0.035072,0.000000,0.999385),velocity=Vector3.new(-0.701390, 0.001249, -19.986422),slideActive=false,wallhopFlick=false,humanoidState=8},
    {type="keyframe",time=0.054167,cframe=CFrame.new(-24.905607,-147.005035,58.341721,0.999385,0.000000,0.035072,0.000000,1.000000,0.000000,-0.035072,0.000000,0.999385),velocity=Vector3.new(-0.701428, 0.001249, -19.987516),slideActive=false,wallhopFlick=false,humanoidState=8},
    {type="keyframe",time=0.058333,cframe=CFrame.new(-24.908529,-147.005035,58.258438,0.999385,0.000000,0.035072,0.000000,1.000000,0.000000,-0.035072,0.000000,0.999385),velocity=Vector3.new(-0.701432, 0.001249, -19.987629),slideActive=false,wallhopFlick=false,humanoidState=8},
    {type="keyframe",time=0.062500,cframe=CFrame.new(-24.911451,-147.004974,58.175156,0.999385,0.000000,0.035072,0.000000,1.000000,0.000000,-0.035072,0.000000,0.999385),velocity=Vector3.new(-0.701434, 0.013646, -19.987671),slideActive=false,wallhopFlick=false,humanoidState=8},
    {type="keyframe",time=0.070833,cframe=CFrame.new(-24.914373,-147.004898,58.091873,0.999385,0.000000,0.035072,0.000000,1.000000,0.000000,-0.035072,0.000000,0.999385),velocity=Vector3.new(-0.701434, 0.019599, -19.987686),slideActive=false,wallhopFlick=false,humanoidState=8},
    {type="keyframe",time=0.075000,cframe=CFrame.new(-24.920218,-147.004715,57.925308,0.999385,0.000000,0.035072,0.000000,1.000000,0.000000,-0.035072,0.000000,0.999385),velocity=Vector3.new(-0.701434, 0.021955, -19.987694),slideActive=false,wallhopFlick=false,humanoidState=8},
    {type="keyframe",time=0.079167,cframe=CFrame.new(-24.923140,-147.004623,57.842026,0.999385,0.000000,0.035072,0.000000,1.000000,0.000000,-0.035072,0.000000,0.999385),velocity=Vector3.new(-0.701435, 0.020857, -19.987696),slideActive=false,wallhopFlick=false,humanoidState=8},
    {type="keyframe",time=0.083333,cframe=CFrame.new(-24.926062,-147.004486,57.758743,0.999385,0.000000,0.035072,0.000000,1.000000,0.000000,-0.035072,0.000000,0.999385),velocity=Vector3.new(-0.701435, 0.031706, -19.987696),slideActive=false,wallhopFlick=false,humanoidState=8},
    {type="keyframe",time=0.087500,cframe=CFrame.new(-24.928984,-147.004333,57.675461,0.999385,0.000000,0.035072,0.000000,1.000000,0.000000,-0.035072,0.000000,0.999385),velocity=Vector3.new(-0.701435, 0.035866, -19.987696),slideActive=false,wallhopFlick=false,humanoidState=8},
    {type="keyframe",time=0.091667,cframe=CFrame.new(-24.931906,-147.004181,57.592178,0.999385,0.000000,0.035072,0.000000,1.000000,0.000000,-0.035072,0.000000,0.999385),velocity=Vector3.new(-0.701435, 0.036212, -19.987696),slideActive=false,wallhopFlick=false,humanoidState=8},
    {type="keyframe",time=0.095833,cframe=CFrame.new(-24.934828,-147.004044,57.508896,0.999385,0.000000,0.035072,0.000000,1.000000,0.000000,-0.035072,0.000000,0.999385),velocity=Vector3.new(-0.701435, 0.034492, -19.987696),slideActive=false,wallhopFlick=false,humanoidState=8},
    {type="keyframe",time=0.100000,cframe=CFrame.new(-24.937750,-147.003906,57.425613,0.999385,0.000000,0.035072,0.000000,1.000000,0.000000,-0.035072,0.000000,0.999385),velocity=Vector3.new(-0.701435, 0.031844, -19.987696),slideActive=false,wallhopFlick=false,humanoidState=8},
    {type="keyframe",time=0.104167,cframe=CFrame.new(-24.940672,-147.003738,57.342331,0.999385,0.000000,0.035072,0.000000,1.000000,0.000000,-0.035072,0.000000,0.999385),velocity=Vector3.new(-0.701435, 0.041091, -19.987696),slideActive=false,wallhopFlick=false,humanoidState=8},
    {type="keyframe",time=0.108333,cframe=CFrame.new(-24.943594,-147.003555,57.259048,0.999385,0.000000,0.035072,0.000000,1.000000,0.000000,-0.035072,0.000000,0.999385),velocity=Vector3.new(-0.701435, 0.044001, -19.987696),slideActive=false,wallhopFlick=false,humanoidState=8},
    {type="keyframe",time=0.116667,cframe=CFrame.new(-24.946516,-147.003372,57.175766,0.999385,0.000000,0.035072,0.000000,1.000000,0.000000,-0.035072,0.000000,0.999385),velocity=Vector3.new(-0.701435, 0.043289, -19.987696),slideActive=false,wallhopFlick=false,humanoidState=8},
    {type="keyframe",time=0.120833,cframe=CFrame.new(-24.952360,-147.003052,57.009201,0.999385,0.000000,0.035072,0.000000,1.000000,0.000000,-0.035072,0.000000,0.999385),velocity=Vector3.new(-0.701435, 0.037067, -19.987696),slideActive=false,wallhopFlick=false,humanoidState=8},
    {type="keyframe",time=0.125000,cframe=CFrame.new(-24.955282,-147.002853,56.925919,0.999385,0.000000,0.035072,0.000000,1.000000,0.000000,-0.035072,0.000000,0.999385),velocity=Vector3.new(-0.701435, 0.045827, -19.987696),slideActive=false,wallhopFlick=false,humanoidState=8},
    {type="keyframe",time=0.129167,cframe=CFrame.new(-24.958204,-147.002655,56.842636,0.999385,0.000000,0.035072,0.000000,1.000000,0.000000,-0.035072,0.000000,0.999385),velocity=Vector3.new(-0.701435, 0.048093, -19.987696),slideActive=false,wallhopFlick=false,humanoidState=8},
    {type="keyframe",time=0.133333,cframe=CFrame.new(-24.961126,-147.002457,56.759354,0.999385,0.000000,0.035072,0.000000,1.000000,0.000000,-0.035072,0.000000,0.999385),velocity=Vector3.new(-0.701435, 0.046840, -19.987696),slideActive=false,wallhopFlick=false,humanoidState=8},
    {type="keyframe",time=0.137500,cframe=CFrame.new(-24.964048,-147.002274,56.676071,0.999385,0.000000,0.035072,0.000000,1.000000,0.000000,-0.035072,0.000000,0.999385),velocity=Vector3.new(-0.701435, 0.043682, -19.987696),slideActive=false,wallhopFlick=false,humanoidState=8},
    {type="keyframe",time=0.141667,cframe=CFrame.new(-24.966970,-147.002060,56.592789,0.999385,0.000000,0.035072,0.000000,1.000000,0.000000,-0.035072,0.000000,0.999385),velocity=Vector3.new(-0.701435, 0.052271, -19.987696),slideActive=false,wallhopFlick=false,humanoidState=8},
    {type="keyframe",time=0.145833,cframe=CFrame.new(-24.969893,-147.001831,56.509506,0.999385,0.000000,0.035072,0.000000,1.000000,0.000000,-0.035072,0.000000,0.999385),velocity=Vector3.new(-0.701435, 0.054254, -19.987696),slideActive=false,wallhopFlick=false,humanoidState=8},
    {type="keyframe",time=0.150000,cframe=CFrame.new(-24.972815,-147.001617,56.426224,0.999385,0.000000,0.035072,0.000000,1.000000,0.000000,-0.035072,0.000000,0.999385),velocity=Vector3.new(-0.701435, 0.052466, -19.987696),slideActive=false,wallhopFlick=false,humanoidState=8},
    {type="keyframe",time=0.154167,cframe=CFrame.new(-24.975737,-147.001419,56.342941,0.999385,0.000000,0.035072,0.000000,1.000000,0.000000,-0.035072,0.000000,0.999385),velocity=Vector3.new(-0.701435, 0.048828, -19.987696),slideActive=false,wallhopFlick=false,humanoidState=8},
    {type="keyframe",time=0.158333,cframe=CFrame.new(-24.978659,-147.001236,56.259659,0.999385,0.000000,0.035072,0.000000,1.000000,0.000000,-0.035072,0.000000,0.999385),velocity=Vector3.new(-0.701435, 0.044377, -19.987696),slideActive=false,wallhopFlick=false,humanoidState=8},
    {type="keyframe",time=0.166667,cframe=CFrame.new(-24.981581,-147.001068,56.176376,0.999385,0.000000,0.035072,0.000000,1.000000,0.000000,-0.035072,0.000000,0.999385),velocity=Vector3.new(-0.701435, 0.039678, -19.987696),slideActive=false,wallhopFlick=false,humanoidState=8},
    {type="keyframe",time=0.170833,cframe=CFrame.new(-24.987425,-147.000793,56.009811,0.999385,0.000000,0.035072,0.000000,1.000000,0.000000,-0.035072,0.000000,0.999385),velocity=Vector3.new(-0.701435, 0.030612, -19.987696),slideActive=false,wallhopFlick=false,humanoidState=8},
    {type="keyframe",time=0.175000,cframe=CFrame.new(-24.990347,-147.000687,55.926529,0.999385,0.000000,0.035072,0.000000,1.000000,0.000000,-0.035072,0.000000,0.999385),velocity=Vector3.new(-0.701435, 0.026690, -19.987696),slideActive=false,wallhopFlick=false,humanoidState=8},
    {type="keyframe",time=0.179167,cframe=CFrame.new(-24.993269,-147.000595,55.843246,0.999385,0.000000,0.035072,0.000000,1.000000,0.000000,-0.035072,0.000000,0.999385),velocity=Vector3.new(-0.701435, 0.023231, -19.987696),slideActive=false,wallhopFlick=false,humanoidState=8},
    {type="keyframe",time=0.183333,cframe=CFrame.new(-24.996191,-147.000504,55.759964,0.999385,0.000000,0.035072,0.000000,1.000000,0.000000,-0.035072,0.000000,0.999385),velocity=Vector3.new(-0.701435, 0.020213, -19.987696),slideActive=false,wallhopFlick=false,humanoidState=8},
    {type="keyframe",time=0.187500,cframe=CFrame.new(-24.999113,-147.000427,55.676682,0.999385,0.000000,0.035072,0.000000,1.000000,0.000000,-0.035072,0.000000,0.999385),velocity=Vector3.new(-0.701435, 0.017434, -19.987696),slideActive=false,wallhopFlick=false,humanoidState=8},
    {type="keyframe",time=0.191667,cframe=CFrame.new(-25.002035,-147.000366,55.593399,0.999385,0.000000,0.035072,0.000000,1.000000,0.000000,-0.035072,0.000000,0.999385),velocity=Vector3.new(-0.701435, 0.014974, -19.987696),slideActive=false,wallhopFlick=false,humanoidState=8},
    {type="keyframe",time=0.195833,cframe=CFrame.new(-25.004957,-147.000305,55.510117,0.999385,0.000000,0.035072,0.000000,1.000000,0.000000,-0.035072,0.000000,0.999385),velocity=Vector3.new(-0.701435, 0.012880, -19.987696),slideActive=false,wallhopFlick=false,humanoidState=8},
    {type="keyframe",time=0.200000,cframe=CFrame.new(-25.007879,-147.000259,55.426834,0.999385,0.000000,0.035072,0.000000,1.000000,0.000000,-0.035072,0.000000,0.999385),velocity=Vector3.new(-0.701435, 0.010982, -19.987696),slideActive=false,wallhopFlick=false,humanoidState=8},
    {type="keyframe",time=0.204167,cframe=CFrame.new(-25.010801,-147.000214,55.343552,0.999385,0.000000,0.035072,0.000000,1.000000,0.000000,-0.035072,0.000000,0.999385),velocity=Vector3.new(-0.701435, 0.009382, -19.987696),slideActive=false,wallhopFlick=false,humanoidState=8},
    {type="keyframe",time=0.208333,cframe=CFrame.new(-25.013723,-147.000183,55.260269,0.999385,0.000000,0.035072,0.000000,1.000000,0.000000,-0.035072,0.000000,0.999385),velocity=Vector3.new(-0.701435, 0.007943, -19.987696),slideActive=false,wallhopFlick=false,humanoidState=8},
    {type="keyframe",time=0.212500,cframe=CFrame.new(-25.016645,-147.000153,55.176987,0.999385,0.000000,0.035072,0.000000,1.000000,0.000000,-0.035072,0.000000,0.999385),velocity=Vector3.new(-0.701435, 0.006782, -19.987696),slideActive=false,wallhopFlick=false,humanoidState=8},
    {type="keyframe",time=0.220833,cframe=CFrame.new(-25.019567,-147.000122,55.093704,0.999385,0.000000,0.035072,0.000000,1.000000,0.000000,-0.035072,0.000000,0.999385),velocity=Vector3.new(-0.701435, 0.005772, -19.987696),slideActive=false,wallhopFlick=false,humanoidState=8},
    {type="keyframe",time=0.225000,cframe=CFrame.new(-25.025412,-147.000092,54.927139,0.999385,0.000000,0.035072,0.000000,1.000000,0.000000,-0.035072,0.000000,0.999385),velocity=Vector3.new(-0.701435, 0.004149, -19.987696),slideActive=false,wallhopFlick=false,humanoidState=8},
    {type="keyframe",time=0.229167,cframe=CFrame.new(-25.028334,-147.000076,54.843857,0.999385,0.000000,0.035072,0.000000,1.000000,0.000000,-0.035072,0.000000,0.999385),velocity=Vector3.new(-0.701435, 0.003583, -19.987696),slideActive=false,wallhopFlick=false,humanoidState=8},
    {type="keyframe",time=0.233333,cframe=CFrame.new(-25.031256,-147.000061,54.760574,0.999385,0.000000,0.035072,0.000000,1.000000,0.000000,-0.035072,0.000000,0.999385),velocity=Vector3.new(-0.701435, 0.003085, -19.987696),slideActive=false,wallhopFlick=false,humanoidState=8},
    {type="keyframe",time=0.237500,cframe=CFrame.new(-25.034178,-147.000046,54.677292,0.999385,0.000000,0.035072,0.000000,1.000000,0.000000,-0.035072,0.000000,0.999385),velocity=Vector3.new(-0.701435, 0.002625, -19.987696),slideActive=false,wallhopFlick=false,humanoidState=8},
    {type="keyframe",time=0.245833,cframe=CFrame.new(-25.037100,-147.000031,54.594009,0.999385,0.000000,0.035072,0.000000,1.000000,0.000000,-0.035072,0.000000,0.999385),velocity=Vector3.new(-0.701435, 0.002185, -19.987696),slideActive=false,wallhopFlick=false,humanoidState=8},
    {type="keyframe",time=0.250000,cframe=CFrame.new(-25.042944,-147.000031,54.427444,0.999385,0.000000,0.035072,0.000000,1.000000,0.000000,-0.035072,0.000000,0.999385),velocity=Vector3.new(-0.701435, 0.001523, -19.987696),slideActive=false,wallhopFlick=false,humanoidState=8},
    {type="keyframe",time=0.254167,cframe=CFrame.new(-25.045866,-147.000031,54.344162,0.999385,0.000000,0.035072,0.000000,1.000000,0.000000,-0.035072,0.000000,0.999385),velocity=Vector3.new(-0.701435, 0.001397, -19.987696),slideActive=false,wallhopFlick=false,humanoidState=8},
    {type="keyframe",time=0.258333,cframe=CFrame.new(-25.048788,-147.000031,54.260880,0.999385,0.000000,0.035072,0.000000,1.000000,0.000000,-0.035072,0.000000,0.999385),velocity=Vector3.new(-0.701435, 0.001329, -19.987696),slideActive=false,wallhopFlick=false,humanoidState=8},
    {type="keyframe",time=0.262500,cframe=CFrame.new(-25.051710,-147.000031,54.177597,0.999385,0.000000,0.035072,0.000000,1.000000,0.000000,-0.035072,0.000000,0.999385),velocity=Vector3.new(-0.701435, 0.001292, -19.987696),slideActive=false,wallhopFlick=false,humanoidState=8},
    {type="keyframe",time=0.266667,cframe=CFrame.new(-25.054632,-147.000031,54.094315,0.999385,0.000000,0.035072,0.000000,1.000000,0.000000,-0.035072,0.000000,0.999385),velocity=Vector3.new(-0.701435, 0.001272, -19.987696),slideActive=false,wallhopFlick=false,humanoidState=8},
    {type="keyframe",time=0.270833,cframe=CFrame.new(-25.057554,-147.000031,54.011032,0.999385,0.000000,0.035072,0.000000,1.000000,0.000000,-0.035072,0.000000,0.999385),velocity=Vector3.new(-0.701435, 0.001261, -19.987696),slideActive=false,wallhopFlick=false,humanoidState=8},
    {type="keyframe",time=0.275000,cframe=CFrame.new(-25.060476,-147.000031,53.927750,0.999385,0.000000,0.035072,0.000000,1.000000,0.000000,-0.035072,0.000000,0.999385),velocity=Vector3.new(-0.701435, 0.001255, -19.987696),slideActive=false,wallhopFlick=false,humanoidState=8},
    {type="keyframe",time=0.279167,cframe=CFrame.new(-25.063398,-147.000031,53.844467,0.999385,0.000000,0.035072,0.000000,1.000000,0.000000,-0.035072,0.000000,0.999385),velocity=Vector3.new(-0.701435, 0.001252, -19.987696),slideActive=false,wallhopFlick=false,humanoidState=8},
    {type="keyframe",time=0.283333,cframe=CFrame.new(-25.066320,-147.000031,53.761185,0.999385,0.000000,0.035072,0.000000,1.000000,0.000000,-0.035072,0.000000,0.999385),velocity=Vector3.new(-0.701435, 0.001250, -19.987696),slideActive=false,wallhopFlick=false,humanoidState=8},
    {type="keyframe",time=0.291667,cframe=CFrame.new(-25.069242,-147.000031,53.677902,0.999385,0.000000,0.035072,0.000000,1.000000,0.000000,-0.035072,0.000000,0.999385),velocity=Vector3.new(-0.701435, 0.001249, -19.987696),slideActive=false,wallhopFlick=false,humanoidState=8},
    {type="keyframe",time=0.295833,cframe=CFrame.new(-25.075087,-147.000031,53.511337,0.999385,0.000000,0.035072,0.000000,1.000000,0.000000,-0.035072,0.000000,0.999385),velocity=Vector3.new(-0.701435, 0.001249, -19.987696),slideActive=false,wallhopFlick=false,humanoidState=8},
    {type="keyframe",time=0.300000,cframe=CFrame.new(-25.078009,-147.000031,53.428055,0.999385,0.000000,0.035072,0.000000,1.000000,0.000000,-0.035072,0.000000,0.999385),velocity=Vector3.new(-0.701435, 0.001249, -19.987696),slideActive=false,wallhopFlick=false,humanoidState=8},
    {type="keyframe",time=0.304167,cframe=CFrame.new(-25.080931,-147.000031,53.344772,0.999385,0.000000,0.035072,0.000000,1.000000,0.000000,-0.035072,0.000000,0.999385),velocity=Vector3.new(-0.701435, 0.001248, -19.987696),slideActive=false,wallhopFlick=false,humanoidState=8},
    {type="keyframe",time=0.308333,cframe=CFrame.new(-25.083853,-147.000031,53.261490,0.999385,0.000000,0.035072,0.000000,1.000000,0.000000,-0.035072,0.000000,0.999385),velocity=Vector3.new(-0.701435, 0.001248, -19.987696),slideActive=false,wallhopFlick=false,humanoidState=8},
    {type="keyframe",time=0.312500,cframe=CFrame.new(-25.086775,-147.000031,53.178207,0.999385,0.000000,0.035072,0.000000,1.000000,0.000000,-0.035072,0.000000,0.999385),velocity=Vector3.new(-0.701435, 0.001248, -19.987696),slideActive=false,wallhopFlick=false,humanoidState=8},
    {type="keyframe",time=0.316667,cframe=CFrame.new(-25.089697,-147.000031,53.094925,0.999385,0.000000,0.035072,0.000000,1.000000,0.000000,-0.035072,0.000000,0.999385),velocity=Vector3.new(-0.701435, 0.001248, -19.987696),slideActive=false,wallhopFlick=false,humanoidState=8},
    {type="keyframe",time=0.320833,cframe=CFrame.new(-25.092619,-147.000031,53.011642,0.999385,0.000000,0.035072,0.000000,1.000000,0.000000,-0.035072,0.000000,0.999385),velocity=Vector3.new(-0.701435, 0.001248, -19.987696),slideActive=false,wallhopFlick=false,humanoidState=8},
    {type="keyframe",time=0.325000,cframe=CFrame.new(-25.095541,-147.000031,52.928360,0.999385,0.000000,0.035072,0.000000,1.000000,0.000000,-0.035072,0.000000,0.999385),velocity=Vector3.new(-0.701435, 0.001248, -19.987696),slideActive=false,wallhopFlick=false,humanoidState=8},
    {type="keyframe",time=0.329167,cframe=CFrame.new(-25.098463,-147.000031,52.845078,0.999385,0.000000,0.035072,0.000000,1.000000,0.000000,-0.035072,0.000000,0.999385),velocity=Vector3.new(-0.701435, 0.001248, -19.987696),slideActive=false,wallhopFlick=false,humanoidState=8},
    {type="keyframe",time=0.337500,cframe=CFrame.new(-25.101385,-147.000031,52.761795,0.999385,0.000000,0.035072,0.000000,1.000000,0.000000,-0.035072,0.000000,0.999385),velocity=Vector3.new(-0.701435, 0.001248, -19.987696),slideActive=false,wallhopFlick=false,humanoidState=8},
    {type="keyframe",time=0.341667,cframe=CFrame.new(-25.107229,-147.000031,52.595230,0.999385,0.000000,0.035072,0.000000,1.000000,0.000000,-0.035072,0.000000,0.999385),velocity=Vector3.new(-0.701435, 0.001248, -19.987696),slideActive=false,wallhopFlick=false,humanoidState=8},
    {type="keyframe",time=0.345833,cframe=CFrame.new(-25.110151,-147.000031,52.511948,0.999385,0.000000,0.035072,0.000000,1.000000,0.000000,-0.035072,0.000000,0.999385),velocity=Vector3.new(-0.701435, 0.001248, -19.987696),slideActive=false,wallhopFlick=false,humanoidState=8},
    {type="keyframe",time=0.350000,cframe=CFrame.new(-25.113073,-147.000031,52.428665,0.999385,0.000000,0.035072,0.000000,1.000000,0.000000,-0.035072,0.000000,0.999385),velocity=Vector3.new(-0.701435, 0.001248, -19.987696),slideActive=false,wallhopFlick=false,humanoidState=8},
    {type="keyframe",time=0.354167,cframe=CFrame.new(-25.115995,-147.000031,52.345383,0.999385,0.000000,0.035072,0.000000,1.000000,0.000000,-0.035072,0.000000,0.999385),velocity=Vector3.new(-0.701435, 0.001248, -19.987696),slideActive=false,wallhopFlick=false,humanoidState=8},
    {type="keyframe",time=0.358333,cframe=CFrame.new(-25.118917,-147.000031,52.262100,0.999385,0.000000,0.035072,0.000000,1.000000,0.000000,-0.035072,0.000000,0.999385),velocity=Vector3.new(-0.701435, 0.001248, -19.987696),slideActive=false,wallhopFlick=false,humanoidState=8},
    {type="keyframe",time=0.362500,cframe=CFrame.new(-25.121840,-147.000031,52.178818,0.999385,0.000000,0.035072,0.000000,1.000000,0.000000,-0.035072,0.000000,0.999385),velocity=Vector3.new(-0.701435, 0.001248, -19.987696),slideActive=false,wallhopFlick=false,humanoidState=8},
    {type="keyframe",time=0.366667,cframe=CFrame.new(-25.124762,-147.000031,52.095535,0.999385,0.000000,0.035072,0.000000,1.000000,0.000000,-0.035072,0.000000,0.999385),velocity=Vector3.new(-0.701435, 0.001248, -19.987696),slideActive=false,wallhopFlick=false,humanoidState=8},
    {type="keyframe",time=0.370833,cframe=CFrame.new(-25.127684,-147.000031,52.012253,0.999385,0.000000,0.035072,0.000000,1.000000,0.000000,-0.035072,0.000000,0.999385),velocity=Vector3.new(-0.701435, 0.001248, -19.987696),slideActive=false,wallhopFlick=false,humanoidState=8},
    {type="keyframe",time=0.375000,cframe=CFrame.new(-25.130606,-147.000031,51.928970,0.999385,0.000000,0.035072,0.000000,1.000000,0.000000,-0.035072,0.000000,0.999385),velocity=Vector3.new(-0.701435, 0.001248, -19.987696),slideActive=false,wallhopFlick=false,humanoidState=8},
    {type="keyframe",time=0.383333,cframe=CFrame.new(-25.133528,-147.000031,51.845688,0.999385,0.000000,0.035072,0.000000,1.000000,0.000000,-0.035072,0.000000,0.999385),velocity=Vector3.new(-0.701435, 0.001248, -19.987696),slideActive=false,wallhopFlick=false,humanoidState=8},
    {type="keyframe",time=0.387500,cframe=CFrame.new(-25.139372,-147.000031,51.679123,0.999385,0.000000,0.035072,0.000000,1.000000,0.000000,-0.035072,0.000000,0.999385),velocity=Vector3.new(-0.701435, 0.001248, -19.987696),slideActive=false,wallhopFlick=false,humanoidState=8},
    {type="keyframe",time=0.391667,cframe=CFrame.new(-25.142294,-147.000031,51.595840,0.999385,0.000000,0.035072,0.000000,1.000000,0.000000,-0.035072,0.000000,0.999385),velocity=Vector3.new(-0.701435, 0.001248, -19.987696),slideActive=false,wallhopFlick=false,humanoidState=8},
    {type="keyframe",time=0.395833,cframe=CFrame.new(-25.145216,-147.000031,51.512558,0.999385,0.000000,0.035072,0.000000,1.000000,0.000000,-0.035072,0.000000,0.999385),velocity=Vector3.new(-0.701435, 0.001248, -19.987696),slideActive=false,wallhopFlick=false,humanoidState=8},
    {type="keyframe",time=0.400000,cframe=CFrame.new(-25.148138,-147.000031,51.429276,0.999385,0.000000,0.035072,0.000000,1.000000,0.000000,-0.035072,0.000000,0.999385),velocity=Vector3.new(-0.701435, 0.001248, -19.987696),slideActive=false,wallhopFlick=false,humanoidState=8},
    {type="keyframe",time=0.404167,cframe=CFrame.new(-25.151060,-147.000031,51.345993,0.999385,0.000000,0.035072,0.000000,1.000000,0.000000,-0.035072,0.000000,0.999385),velocity=Vector3.new(-0.701435, 0.001248, -19.987696),slideActive=false,wallhopFlick=false,humanoidState=8},
    {type="keyframe",time=0.408333,cframe=CFrame.new(-25.153982,-147.000031,51.262711,0.999385,0.000000,0.035072,0.000000,1.000000,0.000000,-0.035072,0.000000,0.999385),velocity=Vector3.new(-0.701435, 0.001248, -19.987696),slideActive=false,wallhopFlick=false,humanoidState=8},
    {type="keyframe",time=0.412500,cframe=CFrame.new(-25.156904,-147.000031,51.179428,0.999385,0.000000,0.035072,0.000000,1.000000,0.000000,-0.035072,0.000000,0.999385),velocity=Vector3.new(-0.701435, 0.001248, -19.987696),slideActive=false,wallhopFlick=false,humanoidState=8},
    {type="keyframe",time=0.416667,cframe=CFrame.new(-25.159826,-147.000031,51.096146,0.999385,0.000000,0.035072,0.000000,1.000000,0.000000,-0.035072,0.000000,0.999385),velocity=Vector3.new(-0.701435, 0.001248, -19.987696),slideActive=false,wallhopFlick=false,humanoidState=8},
    {type="keyframe",time=0.420833,cframe=CFrame.new(-25.162748,-147.000031,51.012863,0.999385,0.000000,0.035072,0.000000,1.000000,0.000000,-0.035072,0.000000,0.999385),velocity=Vector3.new(-0.701435, 0.001248, -19.987696),slideActive=false,wallhopFlick=false,humanoidState=8},
    {type="keyframe",time=0.425000,cframe=CFrame.new(-25.165670,-147.000031,50.929581,0.999385,0.000000,0.035072,0.000000,1.000000,0.000000,-0.035072,0.000000,0.999385),velocity=Vector3.new(-0.701435, 0.001248, -19.987696),slideActive=false,wallhopFlick=false,humanoidState=8},
    {type="keyframe",time=0.433333,cframe=CFrame.new(-25.168592,-147.000031,50.846298,0.999385,0.000000,0.035072,0.000000,1.000000,0.000000,-0.035072,0.000000,0.999385),velocity=Vector3.new(-0.701435, 0.001248, -19.987696),slideActive=false,wallhopFlick=false,humanoidState=8},
    {type="keyframe",time=0.437500,cframe=CFrame.new(-25.174437,-147.000031,50.679733,0.999385,0.000000,0.035072,0.000000,1.000000,0.000000,-0.035072,0.000000,0.999385),velocity=Vector3.new(-0.701435, 0.001248, -19.987696),slideActive=false,wallhopFlick=false,humanoidState=8},
    {type="keyframe",time=0.441667,cframe=CFrame.new(-25.177359,-147.000031,50.596451,0.999385,0.000000,0.035072,0.000000,1.000000,0.000000,-0.035072,0.000000,0.999385),velocity=Vector3.new(-0.701435, 0.001248, -19.987696),slideActive=false,wallhopFlick=false,humanoidState=8},
    {type="keyframe",time=0.445833,cframe=CFrame.new(-25.180281,-147.000031,50.513168,0.999385,0.000000,0.035072,0.000000,1.000000,0.000000,-0.035072,0.000000,0.999385),velocity=Vector3.new(-0.701435, 0.001248, -19.987696),slideActive=false,wallhopFlick=false,humanoidState=8},
    {type="keyframe",time=0.450000,cframe=CFrame.new(-25.183203,-147.000031,50.429886,0.999385,0.000000,0.035072,0.000000,1.000000,0.000000,-0.035072,0.000000,0.999385),velocity=Vector3.new(-0.701435, 0.001248, -19.987696),slideActive=false,wallhopFlick=false,humanoidState=8},
    {type="keyframe",time=0.454167,cframe=CFrame.new(-25.186125,-147.000031,50.346603,0.999385,0.000000,0.035072,0.000000,1.000000,0.000000,-0.035072,0.000000,0.999385),velocity=Vector3.new(-0.701435, 0.001248, -19.987696),slideActive=false,wallhopFlick=false,humanoidState=8},
    {type="keyframe",time=0.458333,cframe=CFrame.new(-25.189047,-147.000031,50.263321,0.999385,0.000000,0.035072,0.000000,1.000000,0.000000,-0.035072,0.000000,0.999385),velocity=Vector3.new(-0.701435, 0.001248, -19.987696),slideActive=false,wallhopFlick=false,humanoidState=8},
    {type="keyframe",time=0.462500,cframe=CFrame.new(-25.191969,-147.000031,50.180038,0.999385,0.000000,0.035072,0.000000,1.000000,0.000000,-0.035072,0.000000,0.999385),velocity=Vector3.new(-0.701435, 0.001248, -19.987696),slideActive=false,wallhopFlick=false,humanoidState=8},
    {type="keyframe",time=0.466667,cframe=CFrame.new(-25.194891,-147.000031,50.096756,0.999385,0.000000,0.035072,0.000000,1.000000,0.000000,-0.035072,0.000000,0.999385),velocity=Vector3.new(-0.701435, 0.001248, -19.987696),slideActive=false,wallhopFlick=false,humanoidState=8},
    {type="keyframe",time=0.475000,cframe=CFrame.new(-25.197813,-147.000031,50.013474,0.999385,0.000000,0.035072,0.000000,1.000000,0.000000,-0.035072,0.000000,0.999385),velocity=Vector3.new(-0.701435, 0.001248, -19.987696),slideActive=false,wallhopFlick=false,humanoidState=8},
    {type="keyframe",time=0.479167,cframe=CFrame.new(-25.203657,-147.000031,49.846909,0.999385,0.000000,0.035072,0.000000,1.000000,0.000000,-0.035072,0.000000,0.999385),velocity=Vector3.new(-0.701435, 0.001248, -19.987696),slideActive=false,wallhopFlick=false,humanoidState=8},
    {type="keyframe",time=0.483333,cframe=CFrame.new(-25.206579,-147.000031,49.763626,0.999385,0.000000,0.035072,0.000000,1.000000,0.000000,-0.035072,0.000000,0.999385),velocity=Vector3.new(-0.701435, 0.001248, -19.987696),slideActive=false,wallhopFlick=false,humanoidState=8},
    {type="keyframe",time=0.487500,cframe=CFrame.new(-25.209501,-147.000031,49.680344,0.999385,0.000000,0.035072,0.000000,1.000000,0.000000,-0.035072,0.000000,0.999385),velocity=Vector3.new(-0.701435, 0.001248, -19.987696),slideActive=false,wallhopFlick=false,humanoidState=8},
    {type="keyframe",time=0.491667,cframe=CFrame.new(-25.212423,-147.000031,49.597061,0.999385,0.000000,0.035072,0.000000,1.000000,0.000000,-0.035072,0.000000,0.999385),velocity=Vector3.new(-0.701435, 0.001248, -19.987696),slideActive=false,wallhopFlick=false,humanoidState=8},
    {type="keyframe",time=0.495833,cframe=CFrame.new(-25.215345,-147.000031,49.513779,0.999385,0.000000,0.035072,0.000000,1.000000,0.000000,-0.035072,0.000000,0.999385),velocity=Vector3.new(-0.701435, 0.001248, -19.987696),slideActive=false,wallhopFlick=false,humanoidState=8},
    {type="keyframe",time=0.504167,cframe=CFrame.new(-25.218267,-147.000031,49.430496,0.999385,0.000000,0.035072,0.000000,1.000000,0.000000,-0.035072,0.000000,0.999385),velocity=Vector3.new(-0.701435, 0.001248, -19.987696),slideActive=false,wallhopFlick=false,humanoidState=8},
    {type="keyframe",time=0.508333,cframe=CFrame.new(-25.224112,-147.000031,49.263931,0.999385,0.000000,0.035072,0.000000,1.000000,0.000000,-0.035072,0.000000,0.999385),velocity=Vector3.new(-0.701435, 0.001248, -19.987696),slideActive=false,wallhopFlick=false,humanoidState=8},
    {type="keyframe",time=0.512500,cframe=CFrame.new(-25.227034,-147.000031,49.180649,0.999385,0.000000,0.035072,0.000000,1.000000,0.000000,-0.035072,0.000000,0.999385),velocity=Vector3.new(-0.701435, 0.001248, -19.987696),slideActive=false,wallhopFlick=false,humanoidState=8},
    {type="keyframe",time=0.516667,cframe=CFrame.new(-25.229956,-147.000031,49.097366,0.999385,0.000000,0.035072,0.000000,1.000000,0.000000,-0.035072,0.000000,0.999385),velocity=Vector3.new(-0.701435, 0.001248, -19.987696),slideActive=false,wallhopFlick=false,humanoidState=8},
    {type="keyframe",time=0.520833,cframe=CFrame.new(-25.232878,-147.000031,49.014084,0.999385,0.000000,0.035072,0.000000,1.000000,0.000000,-0.035072,0.000000,0.999385),velocity=Vector3.new(-0.701435, 0.001248, -19.987696),slideActive=false,wallhopFlick=false,humanoidState=8},
    {type="keyframe",time=0.525000,cframe=CFrame.new(-25.235800,-147.000031,48.930801,0.999385,0.000000,0.035072,0.000000,1.000000,0.000000,-0.035072,0.000000,0.999385),velocity=Vector3.new(-0.701435, 0.001248, -19.987696),slideActive=false,wallhopFlick=false,humanoidState=8},
    {type="keyframe",time=0.529167,cframe=CFrame.new(-25.238722,-147.000031,48.847519,0.999385,0.000000,0.035072,0.000000,1.000000,0.000000,-0.035072,0.000000,0.999385),velocity=Vector3.new(-0.701435, 0.001248, -19.987696),slideActive=false,wallhopFlick=false,humanoidState=8},
    {type="keyframe",time=0.533333,cframe=CFrame.new(-25.241644,-147.000031,48.764236,0.999385,0.000000,0.035072,0.000000,1.000000,0.000000,-0.035072,0.000000,0.999385),velocity=Vector3.new(-0.701435, 0.001248, -19.987696),slideActive=false,wallhopFlick=false,humanoidState=8},
    {type="keyframe",time=0.537500,cframe=CFrame.new(-25.244566,-147.000031,48.680954,0.999385,0.000000,0.035072,0.000000,1.000000,0.000000,-0.035072,0.000000,0.999385),velocity=Vector3.new(-0.701435, 0.001248, -19.987696),slideActive=false,wallhopFlick=false,humanoidState=8},
    {type="keyframe",time=0.541667,cframe=CFrame.new(-25.247488,-147.000031,48.597672,0.999385,0.000000,0.035072,0.000000,1.000000,0.000000,-0.035072,0.000000,0.999385),velocity=Vector3.new(-0.701435, 0.001248, -19.987696),slideActive=false,wallhopFlick=false,humanoidState=8},
    {type="keyframe",time=0.545833,cframe=CFrame.new(-25.250410,-147.000031,48.514389,0.999385,0.000000,0.035072,0.000000,1.000000,0.000000,-0.035072,0.000000,0.999385),velocity=Vector3.new(-0.701435, 0.001248, -19.987696),slideActive=false,wallhopFlick=false,humanoidState=8},
    {type="keyframe",time=0.554167,cframe=CFrame.new(-25.253332,-147.000031,48.431107,0.999385,0.000000,0.035072,0.000000,1.000000,0.000000,-0.035072,0.000000,0.999385),velocity=Vector3.new(-0.701435, 0.001248, -19.987696),slideActive=false,wallhopFlick=false,humanoidState=8},
    {type="keyframe",time=0.558333,cframe=CFrame.new(-25.259176,-147.000031,48.264542,0.999385,0.000000,0.035072,0.000000,1.000000,0.000000,-0.035072,0.000000,0.999385),velocity=Vector3.new(-0.701435, 0.001248, -19.987696),slideActive=false,wallhopFlick=false,humanoidState=8},
    {type="keyframe",time=0.562500,cframe=CFrame.new(-25.262098,-147.000031,48.181259,0.999385,0.000000,0.035072,0.000000,1.000000,0.000000,-0.035072,0.000000,0.999385),velocity=Vector3.new(-0.701435, 0.001248, -19.987696),slideActive=false,wallhopFlick=false,humanoidState=8},
    {type="keyframe",time=0.566667,cframe=CFrame.new(-25.265020,-147.000031,48.097977,0.999385,0.000000,0.035072,0.000000,1.000000,0.000000,-0.035072,0.000000,0.999385),velocity=Vector3.new(-0.701436, 0.001248, -19.987696),slideActive=false,wallhopFlick=false,humanoidState=8},
    {type="keyframe",time=0.570833,cframe=CFrame.new(-25.267942,-147.000031,48.014694,0.999385,0.000000,0.035072,0.000000,1.000000,0.000000,-0.035072,0.000000,0.999385),velocity=Vector3.new(-0.701437, 0.001248, -19.987696),slideActive=false,wallhopFlick=false,humanoidState=8},
    {type="keyframe",time=0.575000,cframe=CFrame.new(-25.270864,-147.000031,47.931412,0.999385,0.000000,0.035072,0.000000,1.000000,0.000000,-0.035072,0.000000,0.999385),velocity=Vector3.new(-0.701437, 0.001248, -19.987696),slideActive=false,wallhopFlick=false,humanoidState=8},
    {type="keyframe",time=0.579167,cframe=CFrame.new(-25.273787,-147.000031,47.848129,0.999385,0.000000,0.035072,0.000000,1.000000,0.000000,-0.035072,0.000000,0.999385),velocity=Vector3.new(-0.701437, 0.001248, -19.987696),slideActive=false,wallhopFlick=false,humanoidState=8},
    {type="keyframe",time=0.583333,cframe=CFrame.new(-25.276709,-147.000031,47.764847,0.999385,0.000000,0.035072,0.000000,1.000000,0.000000,-0.035072,0.000000,0.999385),velocity=Vector3.new(-0.701437, 0.001248, -19.987696),slideActive=false,wallhopFlick=false,humanoidState=8},
    {type="keyframe",time=0.587500,cframe=CFrame.new(-25.279631,-147.000031,47.681564,0.999506,0.000000,0.031443,0.000000,1.000000,0.000000,-0.031443,0.000000,0.999506),velocity=Vector3.new(-0.701436, 0.001248, -19.987696),slideActive=false,wallhopFlick=false,humanoidState=8},
    {type="keyframe",time=0.591667,cframe=CFrame.new(-25.282553,-147.000031,47.598282,0.999506,0.000000,0.031443,0.000000,1.000000,0.000000,-0.031443,0.000000,0.999506),velocity=Vector3.new(-0.701436, 0.001248, -19.987696),slideActive=false,wallhopFlick=false,humanoidState=8},
    {type="keyframe",time=0.595833,cframe=CFrame.new(-25.285286,-147.000031,47.514992,0.999506,0.000000,0.031444,0.000000,1.000000,0.000000,-0.031444,0.000000,0.999506),velocity=Vector3.new(-0.656081, 0.001248, -19.989204),slideActive=false,wallhopFlick=false,humanoidState=8},
    {type="keyframe",time=0.600000,cframe=CFrame.new(-25.287949,-147.000031,47.431702,0.999506,0.000000,0.031444,0.000000,1.000000,0.000000,-0.031444,0.000000,0.999506),velocity=Vector3.new(-0.639073, 0.001248, -19.989771),slideActive=false,wallhopFlick=false,humanoidState=8},
    {type="keyframe",time=0.604167,cframe=CFrame.new(-25.290585,-147.000031,47.348412,0.999506,0.000000,0.031443,0.000000,1.000000,0.000000,-0.031443,0.000000,0.999506),velocity=Vector3.new(-0.632696, 0.001248, -19.989983),slideActive=false,wallhopFlick=false,humanoidState=8},
    {type="keyframe",time=0.608333,cframe=CFrame.new(-25.293211,-147.000031,47.265121,0.999506,0.000000,0.031443,0.000000,1.000000,0.000000,-0.031443,0.000000,0.999506),velocity=Vector3.new(-0.630305, 0.001248, -19.990063),slideActive=false,wallhopFlick=false,humanoidState=8},
    {type="keyframe",time=0.612500,cframe=CFrame.new(-25.295834,-147.000031,47.181828,0.999613,0.000000,0.027815,0.000000,1.000000,0.000000,-0.027815,0.000000,0.999613),velocity=Vector3.new(-0.629408, 0.001248, -19.990093),slideActive=false,wallhopFlick=false,humanoidState=8},
    {type="keyframe",time=0.616667,cframe=CFrame.new(-25.298454,-147.000031,47.098534,0.999613,0.000000,0.027815,0.000000,1.000000,0.000000,-0.027815,0.000000,0.999613),velocity=Vector3.new(-0.629072, 0.001248, -19.990105),slideActive=false,wallhopFlick=false,humanoidState=8},
    {type="keyframe",time=0.620833,cframe=CFrame.new(-25.300886,-147.000031,47.015236,0.999707,0.000000,0.024186,0.000000,1.000000,0.000000,-0.024186,0.000000,0.999707),velocity=Vector3.new(-0.583587, 0.001248, -19.991453),slideActive=false,wallhopFlick=false,humanoidState=8},
    {type="keyframe",time=0.625000,cframe=CFrame.new(-25.303247,-147.000031,46.931934,0.999707,0.000000,0.024186,0.000000,1.000000,0.000000,-0.024186,0.000000,0.999707),velocity=Vector3.new(-0.566531, 0.001248, -19.991959),slideActive=false,wallhopFlick=false,humanoidState=8},
    {type="keyframe",time=0.629167,cframe=CFrame.new(-25.305393,-147.000031,46.848629,0.999707,0.000000,0.024186,0.000000,1.000000,0.000000,-0.024186,0.000000,0.999707),velocity=Vector3.new(-0.514773, 0.001248, -19.993326),slideActive=false,wallhopFlick=false,humanoidState=8},
    {type="keyframe",time=0.633333,cframe=CFrame.new(-25.307457,-147.000031,46.765320,0.999707,0.000000,0.024186,0.000000,1.000000,0.000000,-0.024186,0.000000,0.999707),velocity=Vector3.new(-0.495364, 0.001248, -19.993839),slideActive=false,wallhopFlick=false,humanoidState=8},
    {type="keyframe",time=0.637500,cframe=CFrame.new(-25.309490,-147.000031,46.682011,0.999789,0.000000,0.020557,0.000000,1.000000,0.000000,-0.020557,0.000000,0.999789),velocity=Vector3.new(-0.488086, 0.001248, -19.994032),slideActive=false,wallhopFlick=false,humanoidState=8},
    {type="keyframe",time=0.645833,cframe=CFrame.new(-25.311512,-147.000031,46.598701,0.999789,0.000000,0.020557,0.000000,1.000000,0.000000,-0.020557,0.000000,0.999789),velocity=Vector3.new(-0.485357, 0.001248, -19.994104),slideActive=false,wallhopFlick=false,humanoidState=8},
    {type="keyframe",time=0.650000,cframe=CFrame.new(-25.315098,-147.000031,46.432076,0.999857,0.000000,0.016927,0.000000,1.000000,0.000000,-0.016927,0.000000,0.999857),velocity=Vector3.new(-0.421572, 0.001248, -19.995539),slideActive=false,wallhopFlick=false,humanoidState=8},
    {type="keyframe",time=0.654167,cframe=CFrame.new(-25.316639,-147.000031,46.348755,0.999912,0.000000,0.013297,0.000000,1.000000,0.000000,-0.013297,0.000000,0.999912),velocity=Vector3.new(-0.369679, 0.001248, -19.996536),slideActive=false,wallhopFlick=false,humanoidState=8},
    {type="keyframe",time=0.658333,cframe=CFrame.new(-25.318098,-147.000031,46.265434,0.999912,0.000000,0.013297,0.000000,1.000000,0.000000,-0.013297,0.000000,0.999912),velocity=Vector3.new(-0.350219, 0.001248, -19.996910),slideActive=false,wallhopFlick=false,humanoidState=8},
