return {
    [1] = {time=0.0042,cframe=CFrame.new(-23.5137,-147.0050,59.4217,0.9851,0.0000,0.1718,0.0000,1.0000,0.0000,-0.1718,0.0000,0.9851),velocity=Vector3.new(-0.0000, 0.0012, 0.0000),humanoidState=8,inputs={W=false,A=false,S=false,D=false,Space=false,E=false}},
    [2] = {time=0.0083,cframe=CFrame.new(-23.5137,-147.0050,59.4217,0.9851,0.0000,0.1718,0.0000,1.0000,0.0000,-0.1718,0.0000,0.9851),velocity=Vector3.new(-0.0000, 0.0012, 0.0000),humanoidState=8,inputs={W=false,A=false,S=false,D=false,Space=false,E=false}},
    [3] = {time=0.0125,cframe=CFrame.new(-23.5137,-147.0050,59.4217,0.9851,0.0000,0.1718,0.0000,1.0000,0.0000,-0.1718,0.0000,0.9851),velocity=Vector3.new(-0.0000, 0.0012, 0.0000),humanoidState=8,inputs={W=false,A=false,S=false,D=false,Space=false,E=false}},
    [4] = {time=0.0167,cframe=CFrame.new(-23.5137,-147.0050,59.4217,0.9851,0.0000,0.1718,0.0000,1.0000,0.0000,-0.1718,0.0000,0.9851),velocity=Vector3.new(-0.0000, 0.0012, 0.0000),humanoidState=8,inputs={W=true,A=false,S=false,D=false,Space=false,E=false}},
    [5] = {time=0.0208,cframe=CFrame.new(-23.5161,-147.0050,59.4080,0.9851,0.0000,0.1718,0.0000,1.0000,0.0000,-0.1718,0.0000,0.9851),velocity=Vector3.new(-0.5752, 0.0012, -3.2979),humanoidState=8,inputs={W=true,A=false,S=false,D=false,Space=false,E=false}},
    [6] = {time=0.0250,cframe=CFrame.new(-23.5209,-147.0050,59.3805,0.9851,0.0000,0.1718,0.0000,1.0000,0.0000,-0.1718,0.0000,0.9851),velocity=Vector3.new(-1.1504, 0.0012, -6.5957),humanoidState=8,inputs={W=true,A=false,S=false,D=false,Space=false,E=false}},
    [7] = {time=0.0292,cframe=CFrame.new(-23.5281,-147.0050,59.3393,0.9851,0.0000,0.1718,0.0000,1.0000,0.0000,-0.1718,0.0000,0.9851),velocity=Vector3.new(-1.7257, 0.0012, -9.8936),humanoidState=8,inputs={W=true,A=false,S=false,D=false,Space=false,E=false}},
    [8] = {time=0.0333,cframe=CFrame.new(-23.5377,-147.0050,59.2843,0.9851,0.0000,0.1718,0.0000,1.0000,0.0000,-0.1718,0.0000,0.9851),velocity=Vector3.new(-2.3009, 0.0012, -13.1915),humanoidState=8,inputs={W=true,A=false,S=false,D=false,Space=false,E=false}},
    [9] = {time=0.0375,cframe=CFrame.new(-23.5496,-147.0050,59.2156,0.9851,0.0000,0.1718,0.0000,1.0000,0.0000,-0.1718,0.0000,0.9851),velocity=Vector3.new(-2.8761, 0.0012, -16.4894),humanoidState=8,inputs={W=true,A=false,S=false,D=false,Space=false,E=false}},
    [10] = {time=0.0417,cframe=CFrame.new(-23.5631,-147.0050,59.1385,0.9851,0.0000,0.1718,0.0000,1.0000,0.0000,-0.1718,0.0000,0.9851),velocity=Vector3.new(-3.2264, 0.0012, -18.4976),humanoidState=8,inputs={W=true,A=false,S=false,D=false,Space=false,E=false}},
    [11] = {time=0.0458,cframe=CFrame.new(-23.5771,-147.0050,59.0583,0.9851,0.0000,0.1718,0.0000,1.0000,0.0000,-0.1718,0.0000,0.9851),velocity=Vector3.new(-3.3577, 0.0012, -19.2507),humanoidState=8,inputs={W=true,A=false,S=false,D=false,Space=false,E=false}},
    [12] = {time=0.0500,cframe=CFrame.new(-23.5913,-147.0050,58.9769,0.9851,0.0000,0.1718,0.0000,1.0000,0.0000,-0.1718,0.0000,0.9851),velocity=Vector3.new(-3.4070, 0.0012, -19.5331),humanoidState=8,inputs={W=true,A=false,S=false,D=false,Space=false,E=false}},
    [13] = {time=0.0542,cframe=CFrame.new(-23.6055,-147.0050,58.8951,0.9851,0.0000,0.1718,0.0000,1.0000,0.0000,-0.1718,0.0000,0.9851),velocity=Vector3.new(-3.4255, 0.0012, -19.6390),humanoidState=8,inputs={W=true,A=false,S=false,D=false,Space=false,E=false}},
    [14] = {time=0.0583,cframe=CFrame.new(-23.6198,-147.0050,58.8131,0.9851,0.0000,0.1718,0.0000,1.0000,0.0000,-0.1718,0.0000,0.9851),velocity=Vector3.new(-3.4324, 0.0012, -19.6787),humanoidState=8,inputs={W=true,A=false,S=false,D=false,Space=false,E=false}},
    [15] = {time=0.0625,cframe=CFrame.new(-23.6342,-147.0050,58.7310,0.9851,0.0000,0.1718,0.0000,1.0000,0.0000,-0.1718,0.0000,0.9851),velocity=Vector3.new(-3.4350, 0.0012, -19.6936),humanoidState=8,inputs={W=true,A=false,S=false,D=false,Space=false,E=false}},
    [16] = {time=0.0667,cframe=CFrame.new(-23.6485,-147.0050,58.6490,0.9851,0.0000,0.1718,0.0000,1.0000,0.0000,-0.1718,0.0000,0.9851),velocity=Vector3.new(-3.4360, 0.0012, -19.6992),humanoidState=8,inputs={W=true,A=false,S=false,D=false,Space=false,E=false}},
    [17] = {time=0.0708,cframe=CFrame.new(-23.6628,-147.0050,58.5669,0.9851,0.0000,0.1718,0.0000,1.0000,0.0000,-0.1718,0.0000,0.9851),velocity=Vector3.new(-3.4363, 0.0012, -19.7013),humanoidState=8,inputs={W=true,A=false,S=false,D=false,Space=false,E=false}},
    [18] = {time=0.0750,cframe=CFrame.new(-23.6771,-147.0050,58.4848,0.9851,0.0000,0.1718,0.0000,1.0000,0.0000,-0.1718,0.0000,0.9851),velocity=Vector3.new(-3.4365, 0.0012, -19.7021),humanoidState=8,inputs={W=true,A=false,S=false,D=false,Space=false,E=false}},
    [19] = {time=0.0792,cframe=CFrame.new(-23.6914,-147.0050,58.4027,0.9851,0.0000,0.1718,0.0000,1.0000,0.0000,-0.1718,0.0000,0.9851),velocity=Vector3.new(-3.4365, 0.0012, -19.7024),humanoidState=8,inputs={W=true,A=false,S=false,D=false,Space=false,E=false}},
    [20] = {time=0.0833,cframe=CFrame.new(-23.7057,-147.0050,58.3206,0.9851,0.0000,0.1718,0.0000,1.0000,0.0000,-0.1718,0.0000,0.9851),velocity=Vector3.new(-3.4365, 0.0012, -19.7025),humanoidState=8,inputs={W=true,A=false,S=false,D=false,Space=false,E=false}},
    [21] = {time=0.0875,cframe=CFrame.new(-23.7201,-147.0050,58.2385,0.9851,0.0000,0.1718,0.0000,1.0000,0.0000,-0.1718,0.0000,0.9851),velocity=Vector3.new(-3.4365, 0.0012, -19.7025),humanoidState=8,inputs={W=true,A=false,S=false,D=false,Space=false,E=false}},
    [22] = {time=0.0917,cframe=CFrame.new(-23.7344,-147.0050,58.1564,0.9851,0.0000,0.1718,0.0000,1.0000,0.0000,-0.1718,0.0000,0.9851),velocity=Vector3.new(-3.4365, 0.0136, -19.7025),humanoidState=8,inputs={W=true,A=false,S=false,D=false,Space=false,E=false}},
    [23] = {time=0.0958,cframe=CFrame.new(-23.7487,-147.0049,58.0743,0.9851,0.0000,0.1718,0.0000,1.0000,0.0000,-0.1718,0.0000,0.9851),velocity=Vector3.new(-3.4365, 0.0196, -19.7025),humanoidState=8,inputs={W=true,A=false,S=false,D=false,Space=false,E=false}},
    [24] = {time=0.1000,cframe=CFrame.new(-23.7630,-147.0048,57.9922,0.9851,0.0000,0.1718,0.0000,1.0000,0.0000,-0.1718,0.0000,0.9851),velocity=Vector3.new(-3.4365, 0.0219, -19.7025),humanoidState=8,inputs={W=true,A=false,S=false,D=false,Space=false,E=false}},
    [25] = {time=0.1042,cframe=CFrame.new(-23.7773,-147.0047,57.9101,0.9851,0.0000,0.1718,0.0000,1.0000,0.0000,-0.1718,0.0000,0.9851),velocity=Vector3.new(-3.4365, 0.0220, -19.7025),humanoidState=8,inputs={W=true,A=false,S=false,D=false,Space=false,E=false}},
    [26] = {time=0.1083,cframe=CFrame.new(-23.7917,-147.0046,57.8280,0.9851,0.0000,0.1718,0.0000,1.0000,0.0000,-0.1718,0.0000,0.9851),velocity=Vector3.new(-3.4365, 0.0209, -19.7025),humanoidState=8,inputs={W=true,A=false,S=false,D=false,Space=false,E=false}},
    [27] = {time=0.1125,cframe=CFrame.new(-23.8060,-147.0045,57.7459,0.9851,0.0000,0.1718,0.0000,1.0000,0.0000,-0.1718,0.0000,0.9851),velocity=Vector3.new(-3.4365, 0.0317, -19.7025),humanoidState=8,inputs={W=true,A=false,S=false,D=false,Space=false,E=false}},
    [28] = {time=0.1167,cframe=CFrame.new(-23.8203,-147.0043,57.6639,0.9851,0.0000,0.1718,0.0000,1.0000,0.0000,-0.1718,0.0000,0.9851),velocity=Vector3.new(-3.4365, 0.0359, -19.7025),humanoidState=8,inputs={W=true,A=false,S=false,D=false,Space=false,E=false}},
    [29] = {time=0.1208,cframe=CFrame.new(-23.8346,-147.0042,57.5818,0.9851,0.0000,0.1718,0.0000,1.0000,0.0000,-0.1718,0.0000,0.9851),velocity=Vector3.new(-3.4365, 0.0362, -19.7025),humanoidState=8,inputs={W=true,A=false,S=false,D=false,Space=false,E=false}},
    [30] = {time=0.1250,cframe=CFrame.new(-23.8489,-147.0040,57.4997,0.9851,0.0000,0.1718,0.0000,1.0000,0.0000,-0.1718,0.0000,0.9851),velocity=Vector3.new(-3.4365, 0.0345, -19.7025),humanoidState=8,inputs={W=true,A=false,S=false,D=false,Space=false,E=false}},
    [31] = {time=0.1292,cframe=CFrame.new(-23.8633,-147.0039,57.4176,0.9851,0.0000,0.1718,0.0000,1.0000,0.0000,-0.1718,0.0000,0.9851),velocity=Vector3.new(-3.4365, 0.0442, -19.7025),humanoidState=8,inputs={W=true,A=false,S=false,D=false,Space=false,E=false}},
    [32] = {time=0.1333,cframe=CFrame.new(-23.8776,-147.0037,57.3355,0.9851,0.0000,0.1718,0.0000,1.0000,0.0000,-0.1718,0.0000,0.9851),velocity=Vector3.new(-3.4365, 0.0472, -19.7025),humanoidState=8,inputs={W=true,A=false,S=false,D=false,Space=false,E=false}},
    [33] = {time=0.1375,cframe=CFrame.new(-23.8919,-147.0035,57.2534,0.9857,0.0000,0.1682,0.0000,1.0000,0.0000,-0.1682,0.0000,0.9857),velocity=Vector3.new(-3.4365, 0.0464, -19.7025),humanoidState=8,inputs={W=true,A=false,S=false,D=false,Space=false,E=false}},
    [34] = {time=0.1417,cframe=CFrame.new(-23.9062,-147.0033,57.1713,0.9863,0.0000,0.1647,0.0000,1.0000,0.0000,-0.1647,0.0000,0.9863),velocity=Vector3.new(-3.4365, 0.0434, -19.7025),humanoidState=8,inputs={W=true,A=false,S=false,D=false,Space=false,E=false}},
    [35] = {time=0.1458,cframe=CFrame.new(-23.9203,-147.0031,57.0892,0.9863,0.0000,0.1647,0.0000,1.0000,0.0000,-0.1647,0.0000,0.9863),velocity=Vector3.new(-3.3918, 0.0395, -19.7103),humanoidState=8,inputs={W=true,A=false,S=false,D=false,Space=false,E=false}},
    [36] = {time=0.1500,cframe=CFrame.new(-23.9342,-147.0029,57.0070,0.9869,0.0000,0.1611,0.0000,1.0000,0.0000,-0.1611,0.0000,0.9869),velocity=Vector3.new(-3.3303, 0.0479, -19.7207),humanoidState=8,inputs={W=true,A=false,S=false,D=false,Space=false,E=false}},
    [37] = {time=0.1542,cframe=CFrame.new(-23.9480,-147.0027,56.9248,0.9869,0.0000,0.1611,0.0000,1.0000,0.0000,-0.1611,0.0000,0.9869),velocity=Vector3.new(-3.3072, 0.0500, -19.7246),humanoidState=8,inputs={W=true,A=false,S=false,D=false,Space=false,E=false}},
    [38] = {time=0.1583,cframe=CFrame.new(-23.9616,-147.0025,56.8426,0.9869,0.0000,0.1611,0.0000,1.0000,0.0000,-0.1611,0.0000,0.9869),velocity=Vector3.new(-3.2538, 0.0484, -19.7335),humanoidState=8,inputs={W=true,A=false,S=false,D=false,Space=false,E=false}},
    [39] = {time=0.1625,cframe=CFrame.new(-23.9750,-147.0023,56.7604,0.9875,0.0000,0.1575,0.0000,1.0000,0.0000,-0.1575,0.0000,0.9875),velocity=Vector3.new(-3.2338, 0.0451, -19.7368),humanoidState=8,inputs={W=true,A=false,S=false,D=false,Space=false,E=false}},
    [40] = {time=0.1667,cframe=CFrame.new(-23.9885,-147.0022,56.6781,0.9881,0.0000,0.1539,0.0000,1.0000,0.0000,-0.1539,0.0000,0.9881),velocity=Vector3.new(-3.2263, 0.0410, -19.7381),humanoidState=8,inputs={W=true,A=false,S=false,D=false,Space=false,E=false}},
    [41] = {time=0.1708,cframe=CFrame.new(-24.0017,-147.0020,56.5958,0.9881,0.0000,0.1539,0.0000,1.0000,0.0000,-0.1539,0.0000,0.9881),velocity=Vector3.new(-3.1787, 0.0493, -19.7457),humanoidState=8,inputs={W=true,A=false,S=false,D=false,Space=false,E=false}},
    [42] = {time=0.1750,cframe=CFrame.new(-24.0147,-147.0017,56.5135,0.9886,0.0000,0.1503,0.0000,1.0000,0.0000,-0.1503,0.0000,0.9886),velocity=Vector3.new(-3.1160, 0.0513, -19.7557),humanoidState=8,inputs={W=true,A=false,S=false,D=false,Space=false,E=false}},
    [43] = {time=0.1792,cframe=CFrame.new(-24.0276,-147.0015,56.4312,0.9886,0.0000,0.1503,0.0000,1.0000,0.0000,-0.1503,0.0000,0.9886),velocity=Vector3.new(-3.0925, 0.0497, -19.7594),humanoidState=8,inputs={W=true,A=false,S=false,D=false,Space=false,E=false}},
    [44] = {time=0.1833,cframe=CFrame.new(-24.0402,-147.0013,56.3488,0.9892,0.0000,0.1467,0.0000,1.0000,0.0000,-0.1467,0.0000,0.9892),velocity=Vector3.new(-3.0388, 0.0462, -19.7677),humanoidState=8,inputs={W=true,A=false,S=false,D=false,Space=false,E=false}},
    [45] = {time=0.1875,cframe=CFrame.new(-24.0528,-147.0012,56.2665,0.9892,0.0000,0.1467,0.0000,1.0000,0.0000,-0.1467,0.0000,0.9892),velocity=Vector3.new(-3.0187, 0.0418, -19.7708),humanoidState=8,inputs={W=true,A=false,S=false,D=false,Space=false,E=false}},
    [46] = {time=0.1917,cframe=CFrame.new(-24.0652,-147.0010,56.1840,0.9897,0.0000,0.1431,0.0000,1.0000,0.0000,-0.1431,0.0000,0.9897),velocity=Vector3.new(-2.9663, 0.0373, -19.7788),humanoidState=8,inputs={W=true,A=false,S=false,D=false,Space=false,E=false}},
    [47] = {time=0.1958,cframe=CFrame.new(-24.0775,-147.0009,56.1016,0.9897,0.0000,0.1431,0.0000,1.0000,0.0000,-0.1431,0.0000,0.9897),velocity=Vector3.new(-2.9466, 0.0330, -19.7817),humanoidState=8,inputs={W=true,A=false,S=false,D=false,Space=false,E=false}},
    [48] = {time=0.2000,cframe=CFrame.new(-24.0895,-147.0007,56.0192,0.9907,0.0000,0.1360,0.0000,1.0000,0.0000,-0.1360,0.0000,0.9907),velocity=Vector3.new(-2.8943, 0.0289, -19.7894),humanoidState=8,inputs={W=true,A=false,S=false,D=false,Space=false,E=false}},
    [49] = {time=0.2042,cframe=CFrame.new(-24.1015,-147.0006,55.9367,0.9912,0.0000,0.1324,0.0000,1.0000,0.0000,-0.1324,0.0000,0.9912),velocity=Vector3.new(-2.8747, 0.0252, -19.7923),humanoidState=8,inputs={W=true,A=false,S=false,D=false,Space=false,E=false}},
    [50] = {time=0.2083,cframe=CFrame.new(-24.1131,-147.0005,55.8542,0.9912,0.0000,0.1324,0.0000,1.0000,0.0000,-0.1324,0.0000,0.9912),velocity=Vector3.new(-2.7775, 0.0219, -19.8060),humanoidState=8,inputs={W=true,A=false,S=false,D=false,Space=false,E=false}},
    [51] = {time=0.2125,cframe=CFrame.new(-24.1243,-147.0005,55.7716,0.9912,0.0000,0.1324,0.0000,1.0000,0.0000,-0.1324,0.0000,0.9912),velocity=Vector3.new(-2.6961, 0.0189, -19.8173),humanoidState=8,inputs={W=true,A=false,S=false,D=false,Space=false,E=false}},
    [52] = {time=0.2167,cframe=CFrame.new(-24.1354,-147.0004,55.6890,0.9921,0.0000,0.1252,0.0000,1.0000,0.0000,-0.1252,0.0000,0.9921),velocity=Vector3.new(-2.6655, 0.0163, -19.8215),humanoidState=8,inputs={W=true,A=false,S=false,D=false,Space=false,E=false}},
    [53] = {time=0.2208,cframe=CFrame.new(-24.1465,-147.0004,55.6064,0.9921,0.0000,0.1252,0.0000,1.0000,0.0000,-0.1252,0.0000,0.9921),velocity=Vector3.new(-2.6541, 0.0142, -19.8231),humanoidState=8,inputs={W=true,A=false,S=false,D=false,Space=false,E=false}},
    [54] = {time=0.2250,cframe=CFrame.new(-24.1571,-147.0003,55.5238,0.9926,0.0000,0.1216,0.0000,1.0000,0.0000,-0.1216,0.0000,0.9926),velocity=Vector3.new(-2.5598, 0.0123, -19.8354),humanoidState=8,inputs={W=true,A=false,S=false,D=false,Space=false,E=false}},
    [55] = {time=0.2292,cframe=CFrame.new(-24.1677,-147.0003,55.4411,0.9926,0.0000,0.1216,0.0000,1.0000,0.0000,-0.1216,0.0000,0.9926),velocity=Vector3.new(-2.5244, 0.0106, -19.8400),humanoidState=8,inputs={W=true,A=false,S=false,D=false,Space=false,E=false}},
    [56] = {time=0.2333,cframe=CFrame.new(-24.1779,-147.0002,55.3584,0.9930,0.0000,0.1180,0.0000,1.0000,0.0000,-0.1180,0.0000,0.9930),velocity=Vector3.new(-2.4661, 0.0092, -19.8473),humanoidState=8,inputs={W=true,A=false,S=false,D=false,Space=false,E=false}},
    [57] = {time=0.2375,cframe=CFrame.new(-24.1881,-147.0002,55.2757,0.9934,0.0000,0.1143,0.0000,1.0000,0.0000,-0.1143,0.0000,0.9934),velocity=Vector3.new(-2.4443, 0.0078, -19.8500),humanoidState=8,inputs={W=true,A=false,S=false,D=false,Space=false,E=false}},
    [58] = {time=0.2417,cframe=CFrame.new(-24.1981,-147.0002,55.1930,0.9934,0.0000,0.1143,0.0000,1.0000,0.0000,-0.1143,0.0000,0.9934),velocity=Vector3.new(-2.3910, 0.0067, -19.8565),humanoidState=8,inputs={W=true,A=false,S=false,D=false,Space=false,E=false}},
    [59] = {time=0.2458,cframe=CFrame.new(-24.2078,-147.0001,55.1102,0.9934,0.0000,0.1143,0.0000,1.0000,0.0000,-0.1143,0.0000,0.9934),velocity=Vector3.new(-2.3260, 0.0057, -19.8642),humanoidState=8,inputs={W=true,A=false,S=false,D=false,Space=false,E=false}},
    [60] = {time=0.2500,cframe=CFrame.new(-24.2174,-147.0001,55.0274,0.9934,0.0000,0.1143,0.0000,1.0000,0.0000,-0.1143,0.0000,0.9934),velocity=Vector3.new(-2.3016, 0.0048, -19.8671),humanoidState=8,inputs={W=true,A=false,S=false,D=false,Space=false,E=false}},
    [61] = {time=0.2542,cframe=CFrame.new(-24.2269,-147.0001,54.9446,0.9938,0.0000,0.1107,0.0000,1.0000,0.0000,-0.1107,0.0000,0.9938),velocity=Vector3.new(-2.2925, 0.0041, -19.8682),humanoidState=8,inputs={W=true,A=false,S=false,D=false,Space=false,E=false}},
    [62] = {time=0.2583,cframe=CFrame.new(-24.2365,-147.0001,54.8618,0.9938,0.0000,0.1107,0.0000,1.0000,0.0000,-0.1107,0.0000,0.9938),velocity=Vector3.new(-2.2890, 0.0036, -19.8686),humanoidState=8,inputs={W=true,A=false,S=false,D=false,Space=false,E=false}},
    [63] = {time=0.2625,cframe=CFrame.new(-24.2458,-147.0001,54.7790,0.9938,0.0000,0.1107,0.0000,1.0000,0.0000,-0.1107,0.0000,0.9938),velocity=Vector3.new(-2.2427, 0.0031, -19.8738),humanoidState=8,inputs={W=true,A=false,S=false,D=false,Space=false,E=false}},
    [64] = {time=0.2667,cframe=CFrame.new(-24.2551,-147.0000,54.6962,0.9938,0.0000,0.1107,0.0000,1.0000,0.0000,-0.1107,0.0000,0.9938),velocity=Vector3.new(-2.2253, 0.0026, -19.8758),humanoidState=8,inputs={W=true,A=false,S=false,D=false,Space=false,E=false}},
    [65] = {time=0.2708,cframe=CFrame.new(-24.2643,-147.0000,54.6134,0.9938,0.0000,0.1107,0.0000,1.0000,0.0000,-0.1107,0.0000,0.9938),velocity=Vector3.new(-2.2187, 0.0022, -19.8765),humanoidState=8,inputs={W=true,A=false,S=false,D=false,Space=false,E=false}},
    [66] = {time=0.2750,cframe=CFrame.new(-24.2735,-147.0000,54.5306,0.9938,0.0000,0.1107,0.0000,1.0000,0.0000,-0.1107,0.0000,0.9938),velocity=Vector3.new(-2.2163, 0.0018, -19.8768),humanoidState=8,inputs={W=true,A=false,S=false,D=false,Space=false,E=false}},
    [67] = {time=0.2792,cframe=CFrame.new(-24.2828,-147.0000,54.4478,0.9938,0.0000,0.1107,0.0000,1.0000,0.0000,-0.1107,0.0000,0.9938),velocity=Vector3.new(-2.2154, 0.0015, -19.8769),humanoidState=8,inputs={W=true,A=false,S=false,D=false,Space=false,E=false}},
    [68] = {time=0.2833,cframe=CFrame.new(-24.2920,-147.0000,54.3649,0.9938,0.0000,0.1107,0.0000,1.0000,0.0000,-0.1107,0.0000,0.9938),velocity=Vector3.new(-2.2150, 0.0014, -19.8770),humanoidState=8,inputs={W=true,A=false,S=false,D=false,Space=false,E=false}},
    [69] = {time=0.2875,cframe=CFrame.new(-24.3012,-147.0000,54.2821,0.9938,0.0000,0.1107,0.0000,1.0000,0.0000,-0.1107,0.0000,0.9938),velocity=Vector3.new(-2.2149, 0.0013, -19.8770),humanoidState=8,inputs={W=true,A=false,S=false,D=false,Space=false,E=false}},
    [70] = {time=0.2917,cframe=CFrame.new(-24.3105,-147.0000,54.1993,0.9942,0.0000,0.1071,0.0000,1.0000,0.0000,-0.1071,0.0000,0.9942),velocity=Vector3.new(-2.2149, 0.0013, -19.8770),humanoidState=8,inputs={W=true,A=false,S=false,D=false,Space=false,E=false}},
    [71] = {time=0.2958,cframe=CFrame.new(-24.3197,-147.0000,54.1165,0.9942,0.0000,0.1071,0.0000,1.0000,0.0000,-0.1071,0.0000,0.9942),velocity=Vector3.new(-2.2148, 0.0013, -19.8770),humanoidState=8,inputs={W=true,A=false,S=false,D=false,Space=false,E=false}},
    [72] = {time=0.3000,cframe=CFrame.new(-24.3287,-147.0000,54.0336,0.9942,0.0000,0.1071,0.0000,1.0000,0.0000,-0.1071,0.0000,0.9942),velocity=Vector3.new(-2.1697, 0.0013, -19.8819),humanoidState=8,inputs={W=true,A=false,S=false,D=false,Space=false,E=false}},
    [73] = {time=0.3042,cframe=CFrame.new(-24.3377,-147.0000,53.9508,0.9946,0.0000,0.1035,0.0000,1.0000,0.0000,-0.1035,0.0000,0.9946),velocity=Vector3.new(-2.1528, 0.0013, -19.8838),humanoidState=8,inputs={W=true,A=false,S=false,D=false,Space=false,E=false}},
    [74] = {time=0.3083,cframe=CFrame.new(-24.3466,-147.0000,53.8679,0.9946,0.0000,0.1035,0.0000,1.0000,0.0000,-0.1035,0.0000,0.9946),velocity=Vector3.new(-2.1465, 0.0013, -19.8845),humanoidState=8,inputs={W=true,A=false,S=false,D=false,Space=false,E=false}},
    [75] = {time=0.3125,cframe=CFrame.new(-24.3554,-147.0000,53.7851,0.9946,0.0000,0.1035,0.0000,1.0000,0.0000,-0.1035,0.0000,0.9946),velocity=Vector3.new(-2.0990, 0.0013, -19.8895),humanoidState=8,inputs={W=true,A=false,S=false,D=false,Space=false,E=false}},
    [76] = {time=0.3167,cframe=CFrame.new(-24.3641,-147.0000,53.7022,0.9946,0.0000,0.1035,0.0000,1.0000,0.0000,-0.1035,0.0000,0.9946),velocity=Vector3.new(-2.0811, 0.0012, -19.8914),humanoidState=8,inputs={W=true,A=false,S=false,D=false,Space=false,E=false}},
    [77] = {time=0.3208,cframe=CFrame.new(-24.3727,-147.0000,53.6193,0.9950,0.0000,0.0999,0.0000,1.0000,0.0000,-0.0999,0.0000,0.9950),velocity=Vector3.new(-2.0745, 0.0012, -19.8921),humanoidState=8,inputs={W=true,A=false,S=false,D=false,Space=false,E=false}},
    [78] = {time=0.3250,cframe=CFrame.new(-24.3813,-147.0000,53.5364,0.9950,0.0000,0.0999,0.0000,1.0000,0.0000,-0.0999,0.0000,0.9950),velocity=Vector3.new(-2.0720, 0.0012, -19.8924),humanoidState=8,inputs={W=true,A=false,S=false,D=false,Space=false,E=false}},
    [79] = {time=0.3292,cframe=CFrame.new(-24.3898,-147.0000,53.4535,0.9954,0.0000,0.0963,0.0000,1.0000,0.0000,-0.0963,0.0000,0.9954),velocity=Vector3.new(-2.0259, 0.0012, -19.8971),humanoidState=8,inputs={W=true,A=false,S=false,D=false,Space=false,E=false}},
    [80] = {time=0.3333,cframe=CFrame.new(-24.3982,-147.0000,53.3706,0.9957,0.0000,0.0927,0.0000,1.0000,0.0000,-0.0927,0.0000,0.9957),velocity=Vector3.new(-2.0086, 0.0012, -19.8989),humanoidState=8,inputs={W=true,A=false,S=false,D=false,Space=false,E=false}},
    [81] = {time=0.3375,cframe=CFrame.new(-24.4063,-147.0000,53.2877,0.9957,0.0000,0.0927,0.0000,1.0000,0.0000,-0.0927,0.0000,0.9957),velocity=Vector3.new(-1.9570, 0.0012, -19.9040),humanoidState=8,inputs={W=true,A=false,S=false,D=false,Space=false,E=false}},
    [82] = {time=0.3417,cframe=CFrame.new(-24.4142,-147.0000,53.2047,0.9957,0.0000,0.0927,0.0000,1.0000,0.0000,-0.0927,0.0000,0.9957),velocity=Vector3.new(-1.8924, 0.0012, -19.9102),humanoidState=8,inputs={W=true,A=false,S=false,D=false,Space=false,E=false}},
    [83] = {time=0.3458,cframe=CFrame.new(-24.4220,-147.0000,53.1217,0.9960,0.0000,0.0891,0.0000,1.0000,0.0000,-0.0891,0.0000,0.9960),velocity=Vector3.new(-1.8682, 0.0012, -19.9125),humanoidState=8,inputs={W=true,A=false,S=false,D=false,Space=false,E=false}},
    [84] = {time=0.3500,cframe=CFrame.new(-24.4297,-147.0000,53.0388,0.9960,0.0000,0.0891,0.0000,1.0000,0.0000,-0.0891,0.0000,0.9960),velocity=Vector3.new(-1.8591, 0.0012, -19.9134),humanoidState=8,inputs={W=true,A=false,S=false,D=false,Space=false,E=false}},
    [85] = {time=0.3542,cframe=CFrame.new(-24.4373,-147.0000,52.9558,0.9969,0.0000,0.0782,0.0000,1.0000,0.0000,-0.0782,0.0000,0.9969),velocity=Vector3.new(-1.8105, 0.0012, -19.9178),humanoidState=8,inputs={W=true,A=false,S=false,D=false,Space=false,E=false}},
    [86] = {time=0.3583,cframe=CFrame.new(-24.4447,-147.0000,52.8728,0.9969,0.0000,0.0782,0.0000,1.0000,0.0000,-0.0782,0.0000,0.9969),velocity=Vector3.new(-1.7923, 0.0012, -19.9195),humanoidState=8,inputs={W=true,A=false,S=false,D=false,Space=false,E=false}},
    [87] = {time=0.3625,cframe=CFrame.new(-24.4516,-147.0000,52.7897,0.9969,0.0000,0.0782,0.0000,1.0000,0.0000,-0.0782,0.0000,0.9969),velocity=Vector3.new(-1.6498, 0.0012, -19.9315),humanoidState=8,inputs={W=true,A=false,S=false,D=false,Space=false,E=false}},
    [88] = {time=0.3667,cframe=CFrame.new(-24.4583,-147.0000,52.7066,0.9975,0.0000,0.0710,0.0000,1.0000,0.0000,-0.0710,0.0000,0.9975),velocity=Vector3.new(-1.5964, 0.0012, -19.9360),humanoidState=8,inputs={W=true,A=false,S=false,D=false,Space=false,E=false}},
    [89] = {time=0.3708,cframe=CFrame.new(-24.4648,-147.0000,52.6236,0.9975,0.0000,0.0710,0.0000,1.0000,0.0000,-0.0710,0.0000,0.9975),velocity=Vector3.new(-1.5764, 0.0012, -19.9377),humanoidState=8,inputs={W=true,A=false,S=false,D=false,Space=false,E=false}},
    [90] = {time=0.3750,cframe=CFrame.new(-24.4710,-147.0000,52.5405,0.9977,0.0000,0.0674,0.0000,1.0000,0.0000,-0.0674,0.0000,0.9977),velocity=Vector3.new(-1.4783, 0.0012, -19.9451),humanoidState=8,inputs={W=true,A=false,S=false,D=false,Space=false,E=false}},
    [91] = {time=0.3792,cframe=CFrame.new(-24.4770,-147.0000,52.4574,0.9977,0.0000,0.0674,0.0000,1.0000,0.0000,-0.0674,0.0000,0.9977),velocity=Vector3.new(-1.4416, 0.0012, -19.9479),humanoidState=8,inputs={W=true,A=false,S=false,D=false,Space=false,E=false}},
    [92] = {time=0.3833,cframe=CFrame.new(-24.4827,-147.0000,52.3742,0.9982,0.0000,0.0601,0.0000,1.0000,0.0000,-0.0601,0.0000,0.9982),velocity=Vector3.new(-1.3825, 0.0012, -19.9521),humanoidState=8,inputs={W=true,A=false,S=false,D=false,Space=false,E=false}},
    [93] = {time=0.3917,cframe=CFrame.new(-24.4884,-147.0000,52.2911,0.9986,0.0000,0.0529,0.0000,1.0000,0.0000,-0.0529,0.0000,0.9986),velocity=Vector3.new(-1.3604, 0.0012, -19.9536),humanoidState=8,inputs={W=true,A=false,S=false,D=false,Space=false,E=false}},
    [94] = {time=0.3958,cframe=CFrame.new(-24.4979,-147.0000,52.1247,0.9986,0.0000,0.0529,0.0000,1.0000,0.0000,-0.0529,0.0000,0.9986),velocity=Vector3.new(-1.0998, 0.0012, -19.9695),humanoidState=8,inputs={W=true,A=false,S=false,D=false,Space=false,E=false}},
    [95] = {time=0.4000,cframe=CFrame.new(-24.5024,-147.0000,52.0415,0.9988,0.0000,0.0492,0.0000,1.0000,0.0000,-0.0492,0.0000,0.9988),velocity=Vector3.new(-1.0732, 0.0012, -19.9711),humanoidState=8,inputs={W=true,A=false,S=false,D=false,Space=false,E=false}},
    [96] = {time=0.4042,cframe=CFrame.new(-24.5068,-147.0000,51.9583,0.9991,0.0000,0.0420,0.0000,1.0000,0.0000,-0.0420,0.0000,0.9991),velocity=Vector3.new(-1.0632, 0.0012, -19.9717),humanoidState=8,inputs={W=true,A=false,S=false,D=false,Space=false,E=false}},
    [97] = {time=0.4125,cframe=CFrame.new(-24.5110,-147.0000,51.8750,0.9991,0.0000,0.0420,0.0000,1.0000,0.0000,-0.0420,0.0000,0.9991),velocity=Vector3.new(-1.0141, 0.0012, -19.9742),humanoidState=8,inputs={W=true,A=false,S=false,D=false,Space=false,E=false}},
    [98] = {time=0.4167,cframe=CFrame.new(-24.5184,-147.0000,51.7085,0.9993,0.0000,0.0384,0.0000,1.0000,0.0000,-0.0384,0.0000,0.9993),velocity=Vector3.new(-0.8642, 0.0012, -19.9812),humanoidState=8,inputs={W=true,A=false,S=false,D=false,Space=false,E=false}},
    [99] = {time=0.4208,cframe=CFrame.new(-24.5219,-147.0000,51.6253,0.9993,0.0000,0.0384,0.0000,1.0000,0.0000,-0.0384,0.0000,0.9993),velocity=Vector3.new(-0.8488, 0.0012, -19.9819),humanoidState=8,inputs={W=true,A=false,S=false,D=false,Space=false,E=false}},
    [100] = {time=0.4250,cframe=CFrame.new(-24.5252,-147.0000,51.5420,0.9995,0.0000,0.0311,0.0000,1.0000,0.0000,-0.0311,0.0000,0.9995),velocity=Vector3.new(-0.7977, 0.0012, -19.9840),humanoidState=8,inputs={W=true,A=false,S=false,D=false,Space=false,E=false}},
    [101] = {time=0.4333,cframe=CFrame.new(-24.5285,-147.0000,51.4587,0.9996,0.0000,0.0275,0.0000,1.0000,0.0000,-0.0275,0.0000,0.9996),velocity=Vector3.new(-0.7786, 0.0012, -19.9848),humanoidState=8,inputs={W=true,A=false,S=false,D=false,Space=false,E=false}},
    [102] = {time=0.4375,cframe=CFrame.new(-24.5336,-147.0000,51.2921,0.9996,0.0000,0.0275,0.0000,1.0000,0.0000,-0.0275,0.0000,0.9996),velocity=Vector3.new(-0.5816, 0.0012, -19.9914),humanoidState=8,inputs={W=true,A=false,S=false,D=false,Space=false,E=false}},
    [103] = {time=0.4417,cframe=CFrame.new(-24.5359,-147.0000,51.2088,0.9997,0.0000,0.0238,0.0000,1.0000,0.0000,-0.0238,0.0000,0.9997),velocity=Vector3.new(-0.5615, 0.0012, -19.9921),humanoidState=8,inputs={W=true,A=false,S=false,D=false,Space=false,E=false}},
    [104] = {time=0.4458,cframe=CFrame.new(-24.5382,-147.0000,51.1255,0.9998,0.0000,0.0202,0.0000,1.0000,0.0000,-0.0202,0.0000,0.9998),velocity=Vector3.new(-0.5539, 0.0012, -19.9923),humanoidState=8,inputs={W=true,A=false,S=false,D=false,Space=false,E=false}},
    [105] = {time=0.4542,cframe=CFrame.new(-24.5403,-147.0000,51.0422,0.9999,0.0000,0.0166,0.0000,1.0000,0.0000,-0.0166,0.0000,0.9999),velocity=Vector3.new(-0.5057, 0.0012, -19.9936),humanoidState=8,inputs={W=true,A=false,S=false,D=false,Space=false,E=false}},
    [106] = {time=0.4583,cframe=CFrame.new(-24.5439,-147.0000,50.8756,0.9999,0.0000,0.0166,0.0000,1.0000,0.0000,-0.0166,0.0000,0.9999),velocity=Vector3.new(-0.4185, 0.0012, -19.9956),humanoidState=8,inputs={W=true,A=false,S=false,D=false,Space=false,E=false}},
    [107] = {time=0.4625,cframe=CFrame.new(-24.5454,-147.0000,50.7923,0.9999,0.0000,0.0130,0.0000,1.0000,0.0000,-0.0130,0.0000,0.9999),velocity=Vector3.new(-0.3642, 0.0012, -19.9966),humanoidState=8,inputs={W=true,A=false,S=false,D=false,Space=false,E=false}},
    [108] = {time=0.4667,cframe=CFrame.new(-24.5468,-147.0000,50.7090,0.9999,0.0000,0.0130,0.0000,1.0000,0.0000,-0.0130,0.0000,0.9999),velocity=Vector3.new(-0.3438, 0.0012, -19.9970),humanoidState=8,inputs={W=true,A=false,S=false,D=false,Space=false,E=false}},
    [109] = {time=0.4708,cframe=CFrame.new(-24.5481,-147.0000,50.6256,1.0000,0.0000,0.0093,0.0000,1.0000,0.0000,-0.0093,0.0000,1.0000),velocity=Vector3.new(-0.2908, 0.0012, -19.9978),humanoidState=8,inputs={W=true,A=false,S=false,D=false,Space=false,E=false}},
    [110] = {time=0.4750,cframe=CFrame.new(-24.5492,-147.0000,50.5423,1.0000,0.0000,0.0093,0.0000,1.0000,0.0000,-0.0093,0.0000,1.0000),velocity=Vector3.new(-0.2709, 0.0012, -19.9981),humanoidState=8,inputs={W=true,A=false,S=false,D=false,Space=false,E=false}},
    [111] = {time=0.4792,cframe=CFrame.new(-24.5501,-147.0000,50.4590,1.0000,0.0000,0.0021,0.0000,1.0000,0.0000,-0.0021,0.0000,1.0000),velocity=Vector3.new(-0.2181, 0.0012, -19.9988),humanoidState=8,inputs={W=true,A=false,S=false,D=false,Space=false,E=false}},
    [112] = {time=0.4833,cframe=CFrame.new(-24.5509,-147.0000,50.3757,1.0000,0.0000,0.0021,0.0000,1.0000,0.0000,-0.0021,0.0000,1.0000),velocity=Vector3.new(-0.1983, 0.0012, -19.9990),humanoidState=8,inputs={W=true,A=false,S=false,D=false,Space=false,E=false}},
    [113] = {time=0.4875,cframe=CFrame.new(-24.5513,-147.0000,50.2923,1.0000,0.0000,-0.0052,0.0000,1.0000,0.0000,0.0052,0.0000,1.0000),velocity=Vector3.new(-0.1001, 0.0012, -19.9996),humanoidState=8,inputs={W=true,A=false,S=false,D=false,Space=false,E=false}},
    [114] = {time=0.4917,cframe=CFrame.new(-24.5516,-147.0000,50.2090,1.0000,0.0000,-0.0052,0.0000,1.0000,0.0000,0.0052,0.0000,1.0000),velocity=Vector3.new(-0.0633, 0.0012, -19.9998),humanoidState=8,inputs={W=true,A=false,S=false,D=false,Space=false,E=false}},
    [115] = {time=0.4958,cframe=CFrame.new(-24.5514,-147.0000,50.1257,1.0000,0.0000,-0.0088,0.0000,1.0000,0.0000,0.0088,0.0000,1.0000),velocity=Vector3.new(0.0413, 0.0012, -19.9998),humanoidState=8,inputs={W=true,A=false,S=false,D=false,Space=false,E=false}},
    [116] = {time=0.5000,cframe=CFrame.new(-24.5511,-147.0000,50.0423,1.0000,0.0000,-0.0088,0.0000,1.0000,0.0000,0.0088,0.0000,1.0000),velocity=Vector3.new(0.0805, 0.0012, -19.9997),humanoidState=8,inputs={W=true,A=false,S=false,D=false,Space=false,E=false}},
    [117] = {time=0.5042,cframe=CFrame.new(-24.5505,-147.0000,49.9590,0.9999,0.0000,-0.0161,0.0000,1.0000,0.0000,0.0161,0.0000,0.9999),velocity=Vector3.new(0.1406, 0.0012, -19.9994),humanoidState=8,inputs={W=true,A=false,S=false,D=false,Space=false,E=false}},
    [118] = {time=0.5083,cframe=CFrame.new(-24.5498,-147.0000,49.8757,0.9999,0.0000,-0.0161,0.0000,1.0000,0.0000,0.0161,0.0000,0.9999),velocity=Vector3.new(0.1631, 0.0012, -19.9993),humanoidState=8,inputs={W=true,A=false,S=false,D=false,Space=false,E=false}},
    [119] = {time=0.5125,cframe=CFrame.new(-24.5487,-147.0000,49.7923,0.9998,0.0000,-0.0197,0.0000,1.0000,0.0000,0.0197,0.0000,0.9998),velocity=Vector3.new(0.2623, 0.0012, -19.9981),humanoidState=8,inputs={W=true,A=false,S=false,D=false,Space=false,E=false}},
    [120] = {time=0.5167,cframe=CFrame.new(-24.5475,-147.0000,49.7090,0.9998,0.0000,-0.0197,0.0000,1.0000,0.0000,0.0197,0.0000,0.9998),velocity=Vector3.new(0.2995, 0.0012, -19.9977),humanoidState=8,inputs={W=true,A=false,S=false,D=false,Space=false,E=false}},
    [121] = {time=0.5208,cframe=CFrame.new(-24.5460,-147.0000,49.6257,0.9996,0.0000,-0.0270,0.0000,1.0000,0.0000,0.0270,0.0000,0.9996),velocity=Vector3.new(0.3588, 0.0012, -19.9967),humanoidState=8,inputs={W=true,A=false,S=false,D=false,Space=false,E=false}},
    [122] = {time=0.5250,cframe=CFrame.new(-24.5444,-147.0000,49.5424,0.9996,0.0000,-0.0270,0.0000,1.0000,0.0000,0.0270,0.0000,0.9996),velocity=Vector3.new(0.3811, 0.0012, -19.9963),humanoidState=8,inputs={W=true,A=false,S=false,D=false,Space=false,E=false}},
    [123] = {time=0.5292,cframe=CFrame.new(-24.5424,-147.0000,49.4591,0.9995,0.0000,-0.0306,0.0000,1.0000,0.0000,0.0306,0.0000,0.9995),velocity=Vector3.new(0.4801, 0.0012, -19.9941),humanoidState=8,inputs={W=true,A=false,S=false,D=false,Space=false,E=false}},
    [124] = {time=0.5333,cframe=CFrame.new(-24.5403,-147.0000,49.3758,0.9995,0.0000,-0.0306,0.0000,1.0000,0.0000,0.0306,0.0000,0.9995),velocity=Vector3.new(0.5173, 0.0012, -19.9932),humanoidState=8,inputs={W=true,A=false,S=false,D=false,Space=false,E=false}},
    [125] = {time=0.5375,cframe=CFrame.new(-24.5378,-147.0000,49.2925,0.9994,0.0000,-0.0342,0.0000,1.0000,0.0000,0.0342,0.0000,0.9994),velocity=Vector3.new(0.5766, 0.0012, -19.9916),humanoidState=8,inputs={W=true,A=false,S=false,D=false,Space=false,E=false}},
    [126] = {time=0.5417,cframe=CFrame.new(-24.5354,-147.0000,49.2092,0.9994,0.0000,-0.0342,0.0000,1.0000,0.0000,0.0342,0.0000,0.9994),velocity=Vector3.new(0.5988, 0.0012, -19.9910),humanoidState=8,inputs={W=true,A=false,S=false,D=false,Space=false,E=false}},
    [127] = {time=0.5458,cframe=CFrame.new(-24.5326,-147.0000,49.1259,0.9994,0.0000,-0.0342,0.0000,1.0000,0.0000,0.0342,0.0000,0.9994),velocity=Vector3.new(0.6525, 0.0012, -19.9893),humanoidState=8,inputs={W=true,A=false,S=false,D=false,Space=false,E=false}},
    [128] = {time=0.5500,cframe=CFrame.new(-24.5298,-147.0000,49.0426,0.9993,0.0000,-0.0379,0.0000,1.0000,0.0000,0.0379,0.0000,0.9993),velocity=Vector3.new(0.6726, 0.0012, -19.9887),humanoidState=8,inputs={W=true,A=false,S=false,D=false,Space=false,E=false}},
    [129] = {time=0.5542,cframe=CFrame.new(-24.5270,-147.0000,48.9593,0.9993,0.0000,-0.0379,0.0000,1.0000,0.0000,0.0379,0.0000,0.9993),velocity=Vector3.new(0.6802, 0.0012, -19.9884),humanoidState=8,inputs={W=true,A=false,S=false,D=false,Space=false,E=false}},
    [130] = {time=0.5583,cframe=CFrame.new(-24.5240,-147.0000,48.8760,0.9993,0.0000,-0.0379,0.0000,1.0000,0.0000,0.0379,0.0000,0.9993),velocity=Vector3.new(0.7284, 0.0012, -19.9867),humanoidState=8,inputs={W=true,A=false,S=false,D=false,Space=false,E=false}},
    [131] = {time=0.5625,cframe=CFrame.new(-24.5209,-147.0000,48.7928,0.9993,0.0000,-0.0379,0.0000,1.0000,0.0000,0.0379,0.0000,0.9993),velocity=Vector3.new(0.7464, 0.0012, -19.9860),humanoidState=8,inputs={W=true,A=false,S=false,D=false,Space=false,E=false}},
    [132] = {time=0.5667,cframe=CFrame.new(-24.5177,-147.0000,48.7095,0.9993,0.0000,-0.0379,0.0000,1.0000,0.0000,0.0379,0.0000,0.9993),velocity=Vector3.new(0.7532, 0.0012, -19.9858),humanoidState=8,inputs={W=true,A=false,S=false,D=false,Space=false,E=false}},
    [133] = {time=0.5708,cframe=CFrame.new(-24.5146,-147.0000,48.6262,0.9993,0.0000,-0.0379,0.0000,1.0000,0.0000,0.0379,0.0000,0.9993),velocity=Vector3.new(0.7558, 0.0012, -19.9857),humanoidState=8,inputs={W=true,A=false,S=false,D=false,Space=false,E=false}},
    [134] = {time=0.5750,cframe=CFrame.new(-24.5114,-147.0000,48.5429,0.9993,0.0000,-0.0379,0.0000,1.0000,0.0000,0.0379,0.0000,0.9993),velocity=Vector3.new(0.7567, 0.0012, -19.9857),humanoidState=8,inputs={W=true,A=false,S=false,D=false,Space=false,E=false}},
    [135] = {time=0.5792,cframe=CFrame.new(-24.5083,-147.0000,48.4597,0.9993,0.0000,-0.0379,0.0000,1.0000,0.0000,0.0379,0.0000,0.9993),velocity=Vector3.new(0.7571, 0.0012, -19.9857),humanoidState=8,inputs={W=true,A=false,S=false,D=false,Space=false,E=false}},
    [136] = {time=0.5833,cframe=CFrame.new(-24.5051,-147.0000,48.3764,0.9993,0.0000,-0.0379,0.0000,1.0000,0.0000,0.0379,0.0000,0.9993),velocity=Vector3.new(0.7572, 0.0012, -19.9857),humanoidState=8,inputs={W=true,A=false,S=false,D=false,Space=false,E=false}},
    [137] = {time=0.5875,cframe=CFrame.new(-24.5020,-147.0000,48.2931,0.9993,0.0000,-0.0379,0.0000,1.0000,0.0000,0.0379,0.0000,0.9993),velocity=Vector3.new(0.7572, 0.0012, -19.9857),humanoidState=8,inputs={W=true,A=false,S=false,D=false,Space=false,E=false}},
    [138] = {time=0.5917,cframe=CFrame.new(-24.4988,-147.0000,48.2098,0.9993,0.0000,-0.0379,0.0000,1.0000,0.0000,0.0379,0.0000,0.9993),velocity=Vector3.new(0.7573, 0.0012, -19.9857),humanoidState=8,inputs={W=true,A=false,S=false,D=false,Space=false,E=false}},
    [139] = {time=0.5958,cframe=CFrame.new(-24.4956,-147.0000,48.1266,0.9993,0.0000,-0.0379,0.0000,1.0000,0.0000,0.0379,0.0000,0.9993),velocity=Vector3.new(0.7573, 0.0012, -19.9857),humanoidState=8,inputs={W=true,A=false,S=false,D=false,Space=false,E=false}},
    [140] = {time=0.6000,cframe=CFrame.new(-24.4925,-147.0000,48.0433,0.9993,0.0000,-0.0379,0.0000,1.0000,0.0000,0.0379,0.0000,0.9993),velocity=Vector3.new(0.7573, 0.0012, -19.9857),humanoidState=8,inputs={W=true,A=false,S=false,D=false,Space=false,E=false}},
    [141] = {time=0.6042,cframe=CFrame.new(-24.4893,-147.0000,47.9600,0.9993,0.0000,-0.0379,0.0000,1.0000,0.0000,0.0379,0.0000,0.9993),velocity=Vector3.new(0.7573, 0.0012, -19.9857),humanoidState=8,inputs={W=true,A=false,S=false,D=false,Space=false,E=false}},
    [142] = {time=0.6083,cframe=CFrame.new(-24.4862,-147.0000,47.8767,0.9991,0.0000,-0.0415,0.0000,1.0000,0.0000,0.0415,0.0000,0.9991),velocity=Vector3.new(0.7573, 0.0012, -19.9857),humanoidState=8,inputs={W=true,A=false,S=false,D=false,Space=false,E=false}},
    [143] = {time=0.6125,cframe=CFrame.new(-24.4830,-147.0000,47.7935,0.9991,0.0000,-0.0415,0.0000,1.0000,0.0000,0.0415,0.0000,0.9991),velocity=Vector3.new(0.7573, 0.0012, -19.9857),humanoidState=8,inputs={W=true,A=false,S=false,D=false,Space=false,E=false}},
    [144] = {time=0.6167,cframe=CFrame.new(-24.4797,-147.0000,47.7102,0.9991,0.0000,-0.0415,0.0000,1.0000,0.0000,0.0415,0.0000,0.9991),velocity=Vector3.new(0.8026, 0.0012, -19.9839),humanoidState=8,inputs={W=true,A=false,S=false,D=false,Space=false,E=false}},
    [145] = {time=0.6208,cframe=CFrame.new(-24.4763,-147.0000,47.6269,0.9991,0.0000,-0.0415,0.0000,1.0000,0.0000,0.0415,0.0000,0.9991),velocity=Vector3.new(0.8196, 0.0012, -19.9832),humanoidState=8,inputs={W=true,A=false,S=false,D=false,Space=false,E=false}},
    [146] = {time=0.6250,cframe=CFrame.new(-24.4728,-147.0000,47.5437,0.9991,0.0000,-0.0415,0.0000,1.0000,0.0000,0.0415,0.0000,0.9991),velocity=Vector3.new(0.8260, 0.0012, -19.9829),humanoidState=8,inputs={W=true,A=false,S=false,D=false,Space=false,E=false}},
    [147] = {time=0.6292,cframe=CFrame.new(-24.4694,-147.0000,47.4604,0.9991,0.0000,-0.0415,0.0000,1.0000,0.0000,0.0415,0.0000,0.9991),velocity=Vector3.new(0.8284, 0.0012, -19.9828),humanoidState=8,inputs={W=true,A=false,S=false,D=false,Space=false,E=false}},
    [148] = {time=0.6333,cframe=CFrame.new(-24.4659,-147.0000,47.3771,0.9991,0.0000,-0.0415,0.0000,1.0000,0.0000,0.0415,0.0000,0.9991),velocity=Vector3.new(0.8293, 0.0012, -19.9828),humanoidState=8,inputs={W=true,A=false,S=false,D=false,Space=false,E=false}},
    [149] = {time=0.6375,cframe=CFrame.new(-24.4625,-147.0000,47.2939,0.9991,0.0000,-0.0415,0.0000,1.0000,0.0000,0.0415,0.0000,0.9991),velocity=Vector3.new(0.8296, 0.0012, -19.9828),humanoidState=8,inputs={W=true,A=false,S=false,D=false,Space=false,E=false}},
    [150] = {time=0.6417,cframe=CFrame.new(-24.4590,-147.0000,47.2106,0.9991,0.0000,-0.0415,0.0000,1.0000,0.0000,0.0415,0.0000,0.9991),velocity=Vector3.new(0.8298, 0.0012, -19.9828),humanoidState=8,inputs={W=true,A=false,S=false,D=false,Space=false,E=false}},
    [151] = {time=0.6458,cframe=CFrame.new(-24.4555,-147.0000,47.1273,0.9991,0.0000,-0.0415,0.0000,1.0000,0.0000,0.0415,0.0000,0.9991),velocity=Vector3.new(0.8298, 0.0012, -19.9828),humanoidState=8,inputs={W=true,A=false,S=false,D=false,Space=false,E=false}},
    [152] = {time=0.6500,cframe=CFrame.new(-24.4521,-147.0000,47.0441,0.9991,0.0000,-0.0415,0.0000,1.0000,0.0000,0.0415,0.0000,0.9991),velocity=Vector3.new(0.8298, 0.0012, -19.9828),humanoidState=8,inputs={W=true,A=false,S=false,D=false,Space=false,E=false}},
    [153] = {time=0.6542,cframe=CFrame.new(-24.4486,-147.0000,46.9608,0.9991,0.0000,-0.0415,0.0000,1.0000,0.0000,0.0415,0.0000,0.9991),velocity=Vector3.new(0.8298, 0.0012, -19.9828),humanoidState=8,inputs={W=true,A=false,S=false,D=false,Space=false,E=false}},
