return {
    [1] = {time=0.0042,cframe=CFrame.new(-26.0612,-147.0050,59.9187,0.9994,0.0000,-0.0358,0.0000,1.0000,0.0000,0.0358,0.0000,0.9994),velocity=Vector3.new(-0.0000, 0.0012, 0.0000),humanoidState=8,inputs={W=false,A=false,S=false,D=false,Space=false,E=false}},
    [2] = {time=0.0083,cframe=CFrame.new(-26.0612,-147.0050,59.9187,0.9994,0.0000,-0.0358,0.0000,1.0000,0.0000,0.0358,0.0000,0.9994),velocity=Vector3.new(-0.0000, 0.0012, 0.0000),humanoidState=8,inputs={W=false,A=false,S=false,D=false,Space=false,E=false}},
    [3] = {time=0.0125,cframe=CFrame.new(-26.0612,-147.0050,59.9187,0.9994,0.0000,-0.0358,0.0000,1.0000,0.0000,0.0358,0.0000,0.9994),velocity=Vector3.new(-0.0000, 0.0012, 0.0000),humanoidState=8,inputs={W=false,A=false,S=false,D=false,Space=false,E=false}},
    [4] = {time=0.0167,cframe=CFrame.new(-26.0612,-147.0050,59.9187,0.9994,0.0000,-0.0358,0.0000,1.0000,0.0000,0.0358,0.0000,0.9994),velocity=Vector3.new(-0.0000, 0.0012, 0.0000),humanoidState=8,inputs={W=false,A=false,S=false,D=false,Space=false,E=false}},
    [5] = {time=0.0208,cframe=CFrame.new(-26.0612,-147.0050,59.9187,0.9994,0.0000,-0.0358,0.0000,1.0000,0.0000,0.0358,0.0000,0.9994),velocity=Vector3.new(-0.0000, 0.0012, 0.0000),humanoidState=8,inputs={W=false,A=false,S=false,D=false,Space=false,E=false}},
    [6] = {time=0.0250,cframe=CFrame.new(-26.0612,-147.0050,59.9187,0.9995,0.0000,-0.0321,0.0000,1.0000,0.0000,0.0321,0.0000,0.9995),velocity=Vector3.new(-0.0000, 0.0012, 0.0000),humanoidState=8,inputs={W=false,A=false,S=false,D=false,Space=false,E=false}},
    [7] = {time=0.0292,cframe=CFrame.new(-26.0612,-147.0050,59.9187,0.9995,0.0000,-0.0321,0.0000,1.0000,0.0000,0.0321,0.0000,0.9995),velocity=Vector3.new(-0.0000, 0.0012, 0.0000),humanoidState=8,inputs={W=false,A=false,S=false,D=false,Space=false,E=false}},
    [8] = {time=0.0333,cframe=CFrame.new(-26.0612,-147.0050,59.9187,0.9995,0.0000,-0.0321,0.0000,1.0000,0.0000,0.0321,0.0000,0.9995),velocity=Vector3.new(-0.0000, 0.0012, 0.0000),humanoidState=8,inputs={W=false,A=false,S=false,D=false,Space=false,E=false}},
    [9] = {time=0.0375,cframe=CFrame.new(-26.0612,-147.0050,59.9187,0.9995,0.0000,-0.0321,0.0000,1.0000,0.0000,0.0321,0.0000,0.9995),velocity=Vector3.new(-0.0000, 0.0012, 0.0000),humanoidState=8,inputs={W=false,A=false,S=false,D=false,Space=false,E=false}},
    [10] = {time=0.0417,cframe=CFrame.new(-26.0612,-147.0050,59.9187,0.9995,0.0000,-0.0321,0.0000,1.0000,0.0000,0.0321,0.0000,0.9995),velocity=Vector3.new(-0.0000, 0.0012, 0.0000),humanoidState=8,inputs={W=false,A=false,S=false,D=false,Space=false,E=false}},
    [11] = {time=0.0458,cframe=CFrame.new(-26.0612,-147.0050,59.9187,0.9995,0.0000,-0.0321,0.0000,1.0000,0.0000,0.0321,0.0000,0.9995),velocity=Vector3.new(-0.0000, 0.0012, 0.0000),humanoidState=8,inputs={W=false,A=false,S=false,D=false,Space=false,E=false}},
    [12] = {time=0.0500,cframe=CFrame.new(-26.0612,-147.0050,59.9187,0.9995,0.0000,-0.0321,0.0000,1.0000,0.0000,0.0321,0.0000,0.9995),velocity=Vector3.new(-0.0000, 0.0012, 0.0000),humanoidState=8,inputs={W=false,A=false,S=false,D=false,Space=false,E=false}},
    [13] = {time=0.0542,cframe=CFrame.new(-26.0612,-147.0050,59.9187,0.9995,0.0000,-0.0321,0.0000,1.0000,0.0000,0.0321,0.0000,0.9995),velocity=Vector3.new(-0.0000, 0.0012, 0.0000),humanoidState=8,inputs={W=false,A=false,S=false,D=false,Space=false,E=false}},
    [14] = {time=0.0583,cframe=CFrame.new(-26.0612,-147.0050,59.9187,0.9995,0.0000,-0.0321,0.0000,1.0000,0.0000,0.0321,0.0000,0.9995),velocity=Vector3.new(-0.0000, 0.0012, 0.0000),humanoidState=8,inputs={W=false,A=false,S=false,D=false,Space=false,E=false}},
    [15] = {time=0.0625,cframe=CFrame.new(-26.0612,-147.0050,59.9187,0.9995,0.0000,-0.0321,0.0000,1.0000,0.0000,0.0321,0.0000,0.9995),velocity=Vector3.new(-0.0000, 0.0012, 0.0000),humanoidState=8,inputs={W=false,A=false,S=false,D=false,Space=false,E=false}},
    [16] = {time=0.0667,cframe=CFrame.new(-26.0612,-147.0050,59.9187,0.9995,0.0000,-0.0321,0.0000,1.0000,0.0000,0.0321,0.0000,0.9995),velocity=Vector3.new(-0.0000, 0.0012, 0.0000),humanoidState=8,inputs={W=false,A=false,S=false,D=false,Space=false,E=false}},
    [17] = {time=0.0708,cframe=CFrame.new(-26.0612,-147.0050,59.9187,0.9995,0.0000,-0.0321,0.0000,1.0000,0.0000,0.0321,0.0000,0.9995),velocity=Vector3.new(-0.0000, 0.0012, 0.0000),humanoidState=8,inputs={W=false,A=false,S=false,D=false,Space=false,E=false}},
    [18] = {time=0.0750,cframe=CFrame.new(-26.0612,-147.0050,59.9187,0.9995,0.0000,-0.0321,0.0000,1.0000,0.0000,0.0321,0.0000,0.9995),velocity=Vector3.new(-0.0000, 0.0012, 0.0000),humanoidState=8,inputs={W=false,A=false,S=false,D=false,Space=false,E=false}},
    [19] = {time=0.0792,cframe=CFrame.new(-26.0612,-147.0050,59.9187,0.9995,0.0000,-0.0321,0.0000,1.0000,0.0000,0.0321,0.0000,0.9995),velocity=Vector3.new(-0.0000, 0.0012, 0.0000),humanoidState=8,inputs={W=false,A=false,S=false,D=false,Space=false,E=false}},
    [20] = {time=0.0833,cframe=CFrame.new(-26.0612,-147.0050,59.9187,0.9995,0.0000,-0.0321,0.0000,1.0000,0.0000,0.0321,0.0000,0.9995),velocity=Vector3.new(-0.0000, 0.0012, 0.0000),humanoidState=8,inputs={W=false,A=false,S=false,D=false,Space=false,E=false}},
    [21] = {time=0.0875,cframe=CFrame.new(-26.0612,-147.0050,59.9187,0.9995,0.0000,-0.0321,0.0000,1.0000,0.0000,0.0321,0.0000,0.9995),velocity=Vector3.new(-0.0000, 0.0012, 0.0000),humanoidState=8,inputs={W=false,A=false,S=false,D=false,Space=false,E=false}},
    [22] = {time=0.0917,cframe=CFrame.new(-26.0612,-147.0050,59.9187,0.9995,0.0000,-0.0321,0.0000,1.0000,0.0000,0.0321,0.0000,0.9995),velocity=Vector3.new(-0.0000, 0.0012, 0.0000),humanoidState=8,inputs={W=false,A=false,S=false,D=false,Space=false,E=false}},
    [23] = {time=0.1000,cframe=CFrame.new(-26.0612,-147.0050,59.9187,0.9995,0.0000,-0.0321,0.0000,1.0000,0.0000,0.0321,0.0000,0.9995),velocity=Vector3.new(-0.0000, 0.0012, 0.0000),humanoidState=8,inputs={W=false,A=false,S=false,D=false,Space=false,E=false}},
    [24] = {time=0.1042,cframe=CFrame.new(-26.0612,-147.0050,59.9187,0.9995,0.0000,-0.0321,0.0000,1.0000,0.0000,0.0321,0.0000,0.9995),velocity=Vector3.new(-0.0000, 0.0012, 0.0000),humanoidState=8,inputs={W=true,A=false,S=false,D=false,Space=false,E=false}},
    [25] = {time=0.1125,cframe=CFrame.new(-26.0607,-147.0050,59.9047,0.9995,0.0000,-0.0321,0.0000,1.0000,0.0000,0.0321,0.0000,0.9995),velocity=Vector3.new(0.1076, 0.0012, -3.3459),humanoidState=8,inputs={W=true,A=false,S=false,D=false,Space=false,E=false}},
    [26] = {time=0.1208,cframe=CFrame.new(-26.0585,-147.0050,59.8350,0.9996,0.0000,-0.0285,0.0000,1.0000,0.0000,0.0285,0.0000,0.9996),velocity=Vector3.new(0.3228, 0.0012, -10.0378),humanoidState=8,inputs={W=true,A=false,S=false,D=false,Space=false,E=false}},
    [27] = {time=0.1250,cframe=CFrame.new(-26.0544,-147.0050,59.7096,0.9996,0.0000,-0.0285,0.0000,1.0000,0.0000,0.0285,0.0000,0.9996),velocity=Vector3.new(0.5381, 0.0012, -16.7297),humanoidState=8,inputs={W=true,A=false,S=false,D=false,Space=false,E=false}},
    [28] = {time=0.1292,cframe=CFrame.new(-26.0521,-147.0050,59.6314,0.9996,0.0000,-0.0285,0.0000,1.0000,0.0000,0.0285,0.0000,0.9996),velocity=Vector3.new(0.5582, 0.0012, -18.7685),humanoidState=8,inputs={W=true,A=false,S=false,D=false,Space=false,E=false}},
    [29] = {time=0.1333,cframe=CFrame.new(-26.0498,-147.0050,59.5500,0.9996,0.0000,-0.0285,0.0000,1.0000,0.0000,0.0285,0.0000,0.9996),velocity=Vector3.new(0.5658, 0.0012, -19.5331),humanoidState=8,inputs={W=true,A=false,S=false,D=false,Space=false,E=false}},
    [30] = {time=0.1417,cframe=CFrame.new(-26.0474,-147.0050,59.4674,0.9996,0.0000,-0.0285,0.0000,1.0000,0.0000,0.0285,0.0000,0.9996),velocity=Vector3.new(0.5686, 0.0012, -19.8198),humanoidState=8,inputs={W=true,A=false,S=false,D=false,Space=false,E=false}},
    [31] = {time=0.1458,cframe=CFrame.new(-26.0426,-147.0050,59.3012,0.9996,0.0000,-0.0285,0.0000,1.0000,0.0000,0.0285,0.0000,0.9996),velocity=Vector3.new(0.5701, 0.0012, -19.9677),humanoidState=8,inputs={W=true,A=false,S=false,D=false,Space=false,E=false}},
    [32] = {time=0.1500,cframe=CFrame.new(-26.0403,-147.0050,59.2179,0.9996,0.0000,-0.0285,0.0000,1.0000,0.0000,0.0285,0.0000,0.9996),velocity=Vector3.new(0.5702, 0.0012, -19.9828),humanoidState=8,inputs={W=true,A=false,S=false,D=false,Space=false,E=false}},
    [33] = {time=0.1583,cframe=CFrame.new(-26.0379,-147.0050,59.1346,0.9996,0.0000,-0.0285,0.0000,1.0000,0.0000,0.0285,0.0000,0.9996),velocity=Vector3.new(0.5703, 0.0012, -19.9885),humanoidState=8,inputs={W=true,A=false,S=false,D=false,Space=false,E=false}},
    [34] = {time=0.1625,cframe=CFrame.new(-26.0331,-147.0050,58.9680,0.9996,0.0000,-0.0285,0.0000,1.0000,0.0000,0.0285,0.0000,0.9996),velocity=Vector3.new(0.5703, 0.0012, -19.9914),humanoidState=8,inputs={W=true,A=false,S=false,D=false,Space=false,E=false}},
    [35] = {time=0.1667,cframe=CFrame.new(-26.0308,-147.0050,58.8847,0.9996,0.0000,-0.0285,0.0000,1.0000,0.0000,0.0285,0.0000,0.9996),velocity=Vector3.new(0.5703, 0.0012, -19.9917),humanoidState=8,inputs={W=true,A=false,S=false,D=false,Space=false,E=false}},
    [36] = {time=0.1708,cframe=CFrame.new(-26.0284,-147.0050,58.8014,0.9996,0.0000,-0.0285,0.0000,1.0000,0.0000,0.0285,0.0000,0.9996),velocity=Vector3.new(0.5703, 0.0012, -19.9918),humanoidState=8,inputs={W=true,A=false,S=false,D=false,Space=false,E=false}},
    [37] = {time=0.1792,cframe=CFrame.new(-26.0260,-147.0050,58.7181,0.9996,0.0000,-0.0285,0.0000,1.0000,0.0000,0.0285,0.0000,0.9996),velocity=Vector3.new(0.5703, 0.0012, -19.9918),humanoidState=8,inputs={W=true,A=false,S=false,D=false,Space=false,E=false}},
    [38] = {time=0.1833,cframe=CFrame.new(-26.0213,-147.0050,58.5515,0.9996,0.0000,-0.0285,0.0000,1.0000,0.0000,0.0285,0.0000,0.9996),velocity=Vector3.new(0.5703, 0.0012, -19.9919),humanoidState=8,inputs={W=true,A=false,S=false,D=false,Space=false,E=false}},
    [39] = {time=0.1875,cframe=CFrame.new(-26.0189,-147.0050,58.4682,0.9996,0.0000,-0.0285,0.0000,1.0000,0.0000,0.0285,0.0000,0.9996),velocity=Vector3.new(0.5703, 0.0012, -19.9919),humanoidState=8,inputs={W=true,A=false,S=false,D=false,Space=false,E=false}},
    [40] = {time=0.1917,cframe=CFrame.new(-26.0165,-147.0050,58.3849,0.9996,0.0000,-0.0285,0.0000,1.0000,0.0000,0.0285,0.0000,0.9996),velocity=Vector3.new(0.5703, 0.0012, -19.9919),humanoidState=8,inputs={W=true,A=false,S=false,D=false,Space=false,E=false}},
    [41] = {time=0.1958,cframe=CFrame.new(-26.0141,-147.0050,58.3016,0.9996,0.0000,-0.0285,0.0000,1.0000,0.0000,0.0285,0.0000,0.9996),velocity=Vector3.new(0.5703, 0.0012, -19.9919),humanoidState=8,inputs={W=true,A=false,S=false,D=false,Space=false,E=false}},
    [42] = {time=0.2000,cframe=CFrame.new(-26.0118,-147.0050,58.2183,0.9996,0.0000,-0.0285,0.0000,1.0000,0.0000,0.0285,0.0000,0.9996),velocity=Vector3.new(0.5703, 0.0012, -19.9919),humanoidState=8,inputs={W=true,A=false,S=false,D=false,Space=false,E=false}},
    [43] = {time=0.2042,cframe=CFrame.new(-26.0094,-147.0050,58.1350,0.9996,0.0000,-0.0285,0.0000,1.0000,0.0000,0.0285,0.0000,0.9996),velocity=Vector3.new(0.5703, 0.0136, -19.9919),humanoidState=8,inputs={W=true,A=false,S=false,D=false,Space=false,E=false}},
    [44] = {time=0.2083,cframe=CFrame.new(-26.0070,-147.0049,58.0517,0.9996,0.0000,-0.0285,0.0000,1.0000,0.0000,0.0285,0.0000,0.9996),velocity=Vector3.new(0.5703, 0.0196, -19.9919),humanoidState=8,inputs={W=true,A=false,S=false,D=false,Space=false,E=false}},
    [45] = {time=0.2125,cframe=CFrame.new(-26.0046,-147.0048,57.9684,0.9996,0.0000,-0.0285,0.0000,1.0000,0.0000,0.0285,0.0000,0.9996),velocity=Vector3.new(0.5703, 0.0219, -19.9919),humanoidState=8,inputs={W=true,A=false,S=false,D=false,Space=false,E=false}},
    [46] = {time=0.2167,cframe=CFrame.new(-26.0022,-147.0047,57.8851,0.9996,0.0000,-0.0285,0.0000,1.0000,0.0000,0.0285,0.0000,0.9996),velocity=Vector3.new(0.5703, 0.0220, -19.9919),humanoidState=8,inputs={W=true,A=false,S=false,D=false,Space=false,E=false}},
    [47] = {time=0.2208,cframe=CFrame.new(-25.9999,-147.0046,57.8018,0.9996,0.0000,-0.0285,0.0000,1.0000,0.0000,0.0285,0.0000,0.9996),velocity=Vector3.new(0.5703, 0.0334, -19.9919),humanoidState=8,inputs={W=true,A=false,S=false,D=false,Space=false,E=false}},
    [48] = {time=0.2250,cframe=CFrame.new(-25.9975,-147.0044,57.7185,0.9996,0.0000,-0.0285,0.0000,1.0000,0.0000,0.0285,0.0000,0.9996),velocity=Vector3.new(0.5703, 0.0380, -19.9919),humanoidState=8,inputs={W=true,A=false,S=false,D=false,Space=false,E=false}},
    [49] = {time=0.2292,cframe=CFrame.new(-25.9951,-147.0043,57.6352,0.9996,0.0000,-0.0285,0.0000,1.0000,0.0000,0.0285,0.0000,0.9996),velocity=Vector3.new(0.5703, 0.0385, -19.9919),humanoidState=8,inputs={W=true,A=false,S=false,D=false,Space=false,E=false}},
    [50] = {time=0.2333,cframe=CFrame.new(-25.9927,-147.0041,57.5519,0.9996,0.0000,-0.0285,0.0000,1.0000,0.0000,0.0285,0.0000,0.9996),velocity=Vector3.new(0.5703, 0.0367, -19.9919),humanoidState=8,inputs={W=true,A=false,S=false,D=false,Space=false,E=false}},
    [51] = {time=0.2375,cframe=CFrame.new(-25.9904,-147.0040,57.4687,0.9996,0.0000,-0.0285,0.0000,1.0000,0.0000,0.0285,0.0000,0.9996),velocity=Vector3.new(0.5703, 0.0338, -19.9919),humanoidState=8,inputs={W=true,A=false,S=false,D=false,Space=false,E=false}},
    [52] = {time=0.2417,cframe=CFrame.new(-25.9880,-147.0038,57.3854,0.9996,0.0000,-0.0285,0.0000,1.0000,0.0000,0.0285,0.0000,0.9996),velocity=Vector3.new(0.5703, 0.0429, -19.9919),humanoidState=8,inputs={W=true,A=false,S=false,D=false,Space=false,E=false}},
    [53] = {time=0.2458,cframe=CFrame.new(-25.9856,-147.0036,57.3021,0.9996,0.0000,-0.0285,0.0000,1.0000,0.0000,0.0285,0.0000,0.9996),velocity=Vector3.new(0.5703, 0.0456, -19.9919),humanoidState=8,inputs={W=true,A=false,S=false,D=false,Space=false,E=false}},
    [54] = {time=0.2500,cframe=CFrame.new(-25.9832,-147.0034,57.2188,0.9996,0.0000,-0.0285,0.0000,1.0000,0.0000,0.0285,0.0000,0.9996),velocity=Vector3.new(0.5703, 0.0447, -19.9919),humanoidState=8,inputs={W=true,A=false,S=false,D=false,Space=false,E=false}},
    [55] = {time=0.2542,cframe=CFrame.new(-25.9809,-147.0033,57.1355,0.9996,0.0000,-0.0285,0.0000,1.0000,0.0000,0.0285,0.0000,0.9996),velocity=Vector3.new(0.5703, 0.0420, -19.9919),humanoidState=8,inputs={W=true,A=false,S=false,D=false,Space=false,E=false}},
    [56] = {time=0.2583,cframe=CFrame.new(-25.9785,-147.0031,57.0522,0.9996,0.0000,-0.0285,0.0000,1.0000,0.0000,0.0285,0.0000,0.9996),velocity=Vector3.new(0.5703, 0.0384, -19.9919),humanoidState=8,inputs={W=true,A=false,S=false,D=false,Space=false,E=false}},
    [57] = {time=0.2625,cframe=CFrame.new(-25.9761,-147.0029,56.9689,0.9996,0.0000,-0.0285,0.0000,1.0000,0.0000,0.0285,0.0000,0.9996),velocity=Vector3.new(0.5703, 0.0471, -19.9919),humanoidState=8,inputs={W=true,A=false,S=false,D=false,Space=false,E=false}},
    [58] = {time=0.2667,cframe=CFrame.new(-25.9737,-147.0027,56.8856,0.9996,0.0000,-0.0285,0.0000,1.0000,0.0000,0.0285,0.0000,0.9996),velocity=Vector3.new(0.5703, 0.0494, -19.9919),humanoidState=8,inputs={W=true,A=false,S=false,D=false,Space=false,E=false}},
    [59] = {time=0.2708,cframe=CFrame.new(-25.9714,-147.0025,56.8023,0.9996,0.0000,-0.0285,0.0000,1.0000,0.0000,0.0285,0.0000,0.9996),velocity=Vector3.new(0.5703, 0.0481, -19.9919),humanoidState=8,inputs={W=true,A=false,S=false,D=false,Space=false,E=false}},
    [60] = {time=0.2750,cframe=CFrame.new(-25.9690,-147.0023,56.7190,0.9996,0.0000,-0.0285,0.0000,1.0000,0.0000,0.0285,0.0000,0.9996),velocity=Vector3.new(0.5703, 0.0449, -19.9919),humanoidState=8,inputs={W=true,A=false,S=false,D=false,Space=false,E=false}},
    [61] = {time=0.2792,cframe=CFrame.new(-25.9666,-147.0022,56.6357,0.9996,0.0000,-0.0285,0.0000,1.0000,0.0000,0.0285,0.0000,0.9996),velocity=Vector3.new(0.5703, 0.0409, -19.9919),humanoidState=8,inputs={W=true,A=false,S=false,D=false,Space=false,E=false}},
    [62] = {time=0.2833,cframe=CFrame.new(-25.9642,-147.0020,56.5524,0.9996,0.0000,-0.0285,0.0000,1.0000,0.0000,0.0285,0.0000,0.9996),velocity=Vector3.new(0.5703, 0.0493, -19.9919),humanoidState=8,inputs={W=true,A=false,S=false,D=false,Space=false,E=false}},
    [63] = {time=0.2875,cframe=CFrame.new(-25.9618,-147.0017,56.4691,0.9996,0.0000,-0.0285,0.0000,1.0000,0.0000,0.0285,0.0000,0.9996),velocity=Vector3.new(0.5703, 0.0513, -19.9919),humanoidState=8,inputs={W=true,A=false,S=false,D=false,Space=false,E=false}},
    [64] = {time=0.2917,cframe=CFrame.new(-25.9595,-147.0015,56.3858,0.9996,0.0000,-0.0285,0.0000,1.0000,0.0000,0.0285,0.0000,0.9996),velocity=Vector3.new(0.5703, 0.0497, -19.9919),humanoidState=8,inputs={W=true,A=false,S=false,D=false,Space=false,E=false}},
    [65] = {time=0.2958,cframe=CFrame.new(-25.9571,-147.0013,56.3025,0.9996,0.0000,-0.0285,0.0000,1.0000,0.0000,0.0285,0.0000,0.9996),velocity=Vector3.new(0.5703, 0.0462, -19.9919),humanoidState=8,inputs={W=true,A=false,S=false,D=false,Space=false,E=false}},
    [66] = {time=0.3000,cframe=CFrame.new(-25.9547,-147.0012,56.2192,0.9996,0.0000,-0.0285,0.0000,1.0000,0.0000,0.0285,0.0000,0.9996),velocity=Vector3.new(0.5703, 0.0418, -19.9919),humanoidState=8,inputs={W=true,A=false,S=false,D=false,Space=false,E=false}},
    [67] = {time=0.3042,cframe=CFrame.new(-25.9523,-147.0010,56.1359,0.9996,0.0000,-0.0285,0.0000,1.0000,0.0000,0.0285,0.0000,0.9996),velocity=Vector3.new(0.5703, 0.0373, -19.9919),humanoidState=8,inputs={W=true,A=false,S=false,D=false,Space=false,E=false}},
    [68] = {time=0.3083,cframe=CFrame.new(-25.9500,-147.0009,56.0526,0.9996,0.0000,-0.0285,0.0000,1.0000,0.0000,0.0285,0.0000,0.9996),velocity=Vector3.new(0.5703, 0.0330, -19.9919),humanoidState=8,inputs={W=true,A=false,S=false,D=false,Space=false,E=false}},
    [69] = {time=0.3167,cframe=CFrame.new(-25.9476,-147.0007,55.9693,0.9996,0.0000,-0.0285,0.0000,1.0000,0.0000,0.0285,0.0000,0.9996),velocity=Vector3.new(0.5703, 0.0289, -19.9919),humanoidState=8,inputs={W=true,A=false,S=false,D=false,Space=false,E=false}},
    [70] = {time=0.3208,cframe=CFrame.new(-25.9428,-147.0005,55.8027,0.9996,0.0000,-0.0285,0.0000,1.0000,0.0000,0.0285,0.0000,0.9996),velocity=Vector3.new(0.5703, 0.0219, -19.9919),humanoidState=8,inputs={W=true,A=false,S=false,D=false,Space=false,E=false}},
    [71] = {time=0.3250,cframe=CFrame.new(-25.9405,-147.0005,55.7194,0.9996,0.0000,-0.0285,0.0000,1.0000,0.0000,0.0285,0.0000,0.9996),velocity=Vector3.new(0.5703, 0.0189, -19.9919),humanoidState=8,inputs={W=true,A=false,S=false,D=false,Space=false,E=false}},
    [72] = {time=0.3292,cframe=CFrame.new(-25.9381,-147.0004,55.6361,0.9996,0.0000,-0.0285,0.0000,1.0000,0.0000,0.0285,0.0000,0.9996),velocity=Vector3.new(0.5703, 0.0163, -19.9919),humanoidState=8,inputs={W=true,A=false,S=false,D=false,Space=false,E=false}},
    [73] = {time=0.3333,cframe=CFrame.new(-25.9357,-147.0004,55.5528,0.9996,0.0000,-0.0285,0.0000,1.0000,0.0000,0.0285,0.0000,0.9996),velocity=Vector3.new(0.5703, 0.0142, -19.9919),humanoidState=8,inputs={W=true,A=false,S=false,D=false,Space=false,E=false}},
    [74] = {time=0.3375,cframe=CFrame.new(-25.9333,-147.0003,55.4695,0.9996,0.0000,-0.0285,0.0000,1.0000,0.0000,0.0285,0.0000,0.9996),velocity=Vector3.new(0.5703, 0.0123, -19.9919),humanoidState=8,inputs={W=true,A=false,S=false,D=false,Space=false,E=false}},
    [75] = {time=0.3458,cframe=CFrame.new(-25.9310,-147.0003,55.3862,0.9996,0.0000,-0.0285,0.0000,1.0000,0.0000,0.0285,0.0000,0.9996),velocity=Vector3.new(0.5703, 0.0106, -19.9919),humanoidState=8,inputs={W=true,A=false,S=false,D=false,Space=false,E=false}},
    [76] = {time=0.3500,cframe=CFrame.new(-25.9262,-147.0002,55.2196,0.9996,0.0000,-0.0285,0.0000,1.0000,0.0000,0.0285,0.0000,0.9996),velocity=Vector3.new(0.5703, 0.0078, -19.9919),humanoidState=8,inputs={W=true,A=false,S=false,D=false,Space=false,E=false}},
    [77] = {time=0.3542,cframe=CFrame.new(-25.9238,-147.0002,55.1363,0.9996,0.0000,-0.0285,0.0000,1.0000,0.0000,0.0285,0.0000,0.9996),velocity=Vector3.new(0.5703, 0.0067, -19.9919),humanoidState=8,inputs={W=true,A=false,S=false,D=false,Space=false,E=false}},
    [78] = {time=0.3583,cframe=CFrame.new(-25.9214,-147.0001,55.0530,0.9996,0.0000,-0.0285,0.0000,1.0000,0.0000,0.0285,0.0000,0.9996),velocity=Vector3.new(0.5703, 0.0057, -19.9919),humanoidState=8,inputs={W=true,A=false,S=false,D=false,Space=false,E=false}},
    [79] = {time=0.3625,cframe=CFrame.new(-25.9191,-147.0001,54.9697,0.9996,0.0000,-0.0285,0.0000,1.0000,0.0000,0.0285,0.0000,0.9996),velocity=Vector3.new(0.5703, 0.0048, -19.9919),humanoidState=8,inputs={W=true,A=false,S=false,D=false,Space=false,E=false}},
    [80] = {time=0.3708,cframe=CFrame.new(-25.9167,-147.0001,54.8864,0.9996,0.0000,-0.0285,0.0000,1.0000,0.0000,0.0285,0.0000,0.9996),velocity=Vector3.new(0.5703, 0.0041, -19.9919),humanoidState=8,inputs={W=true,A=false,S=false,D=false,Space=false,E=false}},
    [81] = {time=0.3750,cframe=CFrame.new(-25.9119,-147.0001,54.7198,0.9996,0.0000,-0.0285,0.0000,1.0000,0.0000,0.0285,0.0000,0.9996),velocity=Vector3.new(0.5703, 0.0031, -19.9919),humanoidState=8,inputs={W=true,A=false,S=false,D=false,Space=false,E=false}},
    [82] = {time=0.3792,cframe=CFrame.new(-25.9096,-147.0000,54.6365,0.9996,0.0000,-0.0285,0.0000,1.0000,0.0000,0.0285,0.0000,0.9996),velocity=Vector3.new(0.5703, 0.0026, -19.9919),humanoidState=8,inputs={W=true,A=false,S=false,D=false,Space=false,E=false}},
    [83] = {time=0.3833,cframe=CFrame.new(-25.9072,-147.0000,54.5532,0.9996,0.0000,-0.0285,0.0000,1.0000,0.0000,0.0285,0.0000,0.9996),velocity=Vector3.new(0.5703, 0.0022, -19.9919),humanoidState=8,inputs={W=true,A=false,S=false,D=false,Space=false,E=false}},
    [84] = {time=0.3875,cframe=CFrame.new(-25.9048,-147.0000,54.4699,0.9996,0.0000,-0.0285,0.0000,1.0000,0.0000,0.0285,0.0000,0.9996),velocity=Vector3.new(0.5703, 0.0018, -19.9919),humanoidState=8,inputs={W=true,A=false,S=false,D=false,Space=false,E=false}},
    [85] = {time=0.3917,cframe=CFrame.new(-25.9024,-147.0000,54.3866,0.9996,0.0000,-0.0285,0.0000,1.0000,0.0000,0.0285,0.0000,0.9996),velocity=Vector3.new(0.5703, 0.0015, -19.9919),humanoidState=8,inputs={W=true,A=false,S=false,D=false,Space=false,E=false}},
    [86] = {time=0.3958,cframe=CFrame.new(-25.9001,-147.0000,54.3033,0.9997,0.0000,-0.0249,0.0000,1.0000,0.0000,0.0249,0.0000,0.9997),velocity=Vector3.new(0.5703, 0.0014, -19.9919),humanoidState=8,inputs={W=true,A=false,S=false,D=false,Space=false,E=false}},
    [87] = {time=0.4000,cframe=CFrame.new(-25.8977,-147.0000,54.2200,0.9997,0.0000,-0.0249,0.0000,1.0000,0.0000,0.0249,0.0000,0.9997),velocity=Vector3.new(0.5703, 0.0013, -19.9919),humanoidState=8,inputs={W=true,A=false,S=false,D=false,Space=false,E=false}},
    [88] = {time=0.4083,cframe=CFrame.new(-25.8955,-147.0000,54.1367,0.9998,0.0000,-0.0213,0.0000,1.0000,0.0000,0.0213,0.0000,0.9998),velocity=Vector3.new(0.5250, 0.0013, -19.9931),humanoidState=8,inputs={W=true,A=false,S=false,D=false,Space=false,E=false}},
    [89] = {time=0.4125,cframe=CFrame.new(-25.8913,-147.0000,53.9701,0.9998,0.0000,-0.0176,0.0000,1.0000,0.0000,0.0176,0.0000,0.9998),velocity=Vector3.new(0.5016, 0.0013, -19.9937),humanoidState=8,inputs={W=true,A=false,S=false,D=false,Space=false,E=false}},
    [90] = {time=0.4167,cframe=CFrame.new(-25.8896,-147.0000,53.8868,0.9998,0.0000,-0.0176,0.0000,1.0000,0.0000,0.0176,0.0000,0.9998),velocity=Vector3.new(0.4084, 0.0013, -19.9957),humanoidState=8,inputs={W=true,A=false,S=false,D=false,Space=false,E=false}},
    [91] = {time=0.4208,cframe=CFrame.new(-25.8880,-147.0000,53.8035,0.9999,0.0000,-0.0140,0.0000,1.0000,0.0000,0.0140,0.0000,0.9999),velocity=Vector3.new(0.3735, 0.0013, -19.9964),humanoidState=8,inputs={W=true,A=false,S=false,D=false,Space=false,E=false}},
    [92] = {time=0.4250,cframe=CFrame.new(-25.8865,-147.0000,53.7202,1.0000,0.0000,-0.0067,0.0000,1.0000,0.0000,0.0067,0.0000,1.0000),velocity=Vector3.new(0.3604, 0.0013, -19.9967),humanoidState=8,inputs={W=true,A=false,S=false,D=false,Space=false,E=false}},
    [93] = {time=0.4292,cframe=CFrame.new(-25.8852,-147.0000,53.6368,1.0000,0.0000,-0.0067,0.0000,1.0000,0.0000,0.0067,0.0000,1.0000),velocity=Vector3.new(0.3101, 0.0012, -19.9975),humanoidState=8,inputs={W=true,A=false,S=false,D=false,Space=false,E=false}},
    [94] = {time=0.4333,cframe=CFrame.new(-25.8844,-147.0000,53.5535,1.0000,0.0000,-0.0031,0.0000,1.0000,0.0000,0.0031,0.0000,1.0000),velocity=Vector3.new(0.2005, 0.0012, -19.9988),humanoidState=8,inputs={W=true,A=false,S=false,D=false,Space=false,E=false}},
    [95] = {time=0.4375,cframe=CFrame.new(-25.8837,-147.0000,53.4702,1.0000,0.0000,-0.0031,0.0000,1.0000,0.0000,0.0031,0.0000,1.0000),velocity=Vector3.new(0.1594, 0.0012, -19.9993),humanoidState=8,inputs={W=true,A=false,S=false,D=false,Space=false,E=false}},
    [96] = {time=0.4417,cframe=CFrame.new(-25.8833,-147.0000,53.3869,1.0000,0.0000,0.0042,0.0000,1.0000,0.0000,-0.0042,0.0000,1.0000),velocity=Vector3.new(0.0986, 0.0012, -19.9997),humanoidState=8,inputs={W=true,A=false,S=false,D=false,Space=false,E=false}},
    [97] = {time=0.4458,cframe=CFrame.new(-25.8830,-147.0000,53.3035,1.0000,0.0000,0.0042,0.0000,1.0000,0.0000,-0.0042,0.0000,1.0000),velocity=Vector3.new(0.0758, 0.0012, -19.9998),humanoidState=8,inputs={W=true,A=false,S=false,D=false,Space=false,E=false}},
    [98] = {time=0.4500,cframe=CFrame.new(-25.8831,-147.0000,53.2202,1.0000,0.0000,0.0078,0.0000,1.0000,0.0000,-0.0078,0.0000,1.0000),velocity=Vector3.new(-0.0235, 0.0012, -19.9998),humanoidState=8,inputs={W=true,A=false,S=false,D=false,Space=false,E=false}},
    [99] = {time=0.4542,cframe=CFrame.new(-25.8834,-147.0000,53.1369,1.0000,0.0000,0.0078,0.0000,1.0000,0.0000,-0.0078,0.0000,1.0000),velocity=Vector3.new(-0.0607, 0.0012, -19.9998),humanoidState=8,inputs={W=true,A=false,S=false,D=false,Space=false,E=false}},
    [100] = {time=0.4583,cframe=CFrame.new(-25.8839,-147.0000,53.0535,0.9999,0.0000,0.0114,0.0000,1.0000,0.0000,-0.0114,0.0000,0.9999),velocity=Vector3.new(-0.1201, 0.0012, -19.9996),humanoidState=8,inputs={W=true,A=false,S=false,D=false,Space=false,E=false}},
    [101] = {time=0.4625,cframe=CFrame.new(-25.8844,-147.0000,52.9702,0.9999,0.0000,0.0114,0.0000,1.0000,0.0000,-0.0114,0.0000,0.9999),velocity=Vector3.new(-0.1423, 0.0012, -19.9995),humanoidState=8,inputs={W=true,A=false,S=false,D=false,Space=false,E=false}},
    [102] = {time=0.4667,cframe=CFrame.new(-25.8853,-147.0000,52.8869,0.9998,0.0000,0.0187,0.0000,1.0000,0.0000,-0.0187,0.0000,0.9998),velocity=Vector3.new(-0.1960, 0.0012, -19.9990),humanoidState=8,inputs={W=true,A=false,S=false,D=false,Space=false,E=false}},
    [103] = {time=0.4708,cframe=CFrame.new(-25.8862,-147.0000,52.8035,0.9998,0.0000,0.0187,0.0000,1.0000,0.0000,-0.0187,0.0000,0.9998),velocity=Vector3.new(-0.2162, 0.0012, -19.9988),humanoidState=8,inputs={W=true,A=false,S=false,D=false,Space=false,E=false}},
    [104] = {time=0.4750,cframe=CFrame.new(-25.8875,-147.0000,52.7202,0.9998,0.0000,0.0223,0.0000,1.0000,0.0000,-0.0223,0.0000,0.9998),velocity=Vector3.new(-0.3145, 0.0012, -19.9974),humanoidState=8,inputs={W=true,A=false,S=false,D=false,Space=false,E=false}},
    [105] = {time=0.4792,cframe=CFrame.new(-25.8889,-147.0000,52.6369,0.9998,0.0000,0.0223,0.0000,1.0000,0.0000,-0.0223,0.0000,0.9998),velocity=Vector3.new(-0.3513, 0.0012, -19.9968),humanoidState=8,inputs={W=true,A=false,S=false,D=false,Space=false,E=false}},
    [106] = {time=0.4833,cframe=CFrame.new(-25.8907,-147.0000,52.5536,0.9996,0.0000,0.0296,0.0000,1.0000,0.0000,-0.0296,0.0000,0.9996),velocity=Vector3.new(-0.4105, 0.0012, -19.9957),humanoidState=8,inputs={W=true,A=false,S=false,D=false,Space=false,E=false}},
    [107] = {time=0.4875,cframe=CFrame.new(-25.8925,-147.0000,52.4703,0.9996,0.0000,0.0296,0.0000,1.0000,0.0000,-0.0296,0.0000,0.9996),velocity=Vector3.new(-0.4327, 0.0012, -19.9953),humanoidState=8,inputs={W=true,A=false,S=false,D=false,Space=false,E=false}},
    [108] = {time=0.4917,cframe=CFrame.new(-25.8947,-147.0000,52.3870,0.9994,0.0000,0.0332,0.0000,1.0000,0.0000,-0.0332,0.0000,0.9994),velocity=Vector3.new(-0.5318, 0.0012, -19.9928),humanoidState=8,inputs={W=true,A=false,S=false,D=false,Space=false,E=false}},
    [109] = {time=0.4958,cframe=CFrame.new(-25.8970,-147.0000,52.3037,0.9994,0.0000,0.0332,0.0000,1.0000,0.0000,-0.0332,0.0000,0.9994),velocity=Vector3.new(-0.5689, 0.0012, -19.9918),humanoidState=8,inputs={W=true,A=false,S=false,D=false,Space=false,E=false}},
    [110] = {time=0.5042,cframe=CFrame.new(-25.8997,-147.0000,52.2204,0.9993,0.0000,0.0368,0.0000,1.0000,0.0000,-0.0368,0.0000,0.9993),velocity=Vector3.new(-0.6282, 0.0012, -19.9900),humanoidState=8,inputs={W=true,A=false,S=false,D=false,Space=false,E=false}},
    [111] = {time=0.5083,cframe=CFrame.new(-25.9051,-147.0000,52.0538,0.9990,0.0000,0.0441,0.0000,1.0000,0.0000,-0.0441,0.0000,0.9990),velocity=Vector3.new(-0.6588, 0.0012, -19.9891),humanoidState=8,inputs={W=true,A=false,S=false,D=false,Space=false,E=false}},
    [112] = {time=0.5125,cframe=CFrame.new(-25.9084,-147.0000,51.9705,0.9985,0.0000,0.0549,0.0000,1.0000,0.0000,-0.0549,0.0000,0.9985),velocity=Vector3.new(-0.7979, 0.0012, -19.9838),humanoidState=8,inputs={W=true,A=false,S=false,D=false,Space=false,E=false}},
    [113] = {time=0.5208,cframe=CFrame.new(-25.9120,-147.0000,51.8873,0.9985,0.0000,0.0549,0.0000,1.0000,0.0000,-0.0549,0.0000,0.9985),velocity=Vector3.new(-0.8501, 0.0012, -19.9818),humanoidState=8,inputs={W=true,A=false,S=false,D=false,Space=false,E=false}},
    [114] = {time=0.5250,cframe=CFrame.new(-25.9206,-147.0000,51.7208,0.9981,0.0000,0.0622,0.0000,1.0000,0.0000,-0.0622,0.0000,0.9981),velocity=Vector3.new(-1.0640, 0.0012, -19.9715),humanoidState=8,inputs={W=true,A=false,S=false,D=false,Space=false,E=false}},
    [115] = {time=0.5292,cframe=CFrame.new(-25.9255,-147.0000,51.6376,0.9976,0.0000,0.0694,0.0000,1.0000,0.0000,-0.0694,0.0000,0.9976),velocity=Vector3.new(-1.1765, 0.0012, -19.9651),humanoidState=8,inputs={W=true,A=false,S=false,D=false,Space=false,E=false}},
    [116] = {time=0.5333,cframe=CFrame.new(-25.9306,-147.0000,51.5545,0.9976,0.0000,0.0694,0.0000,1.0000,0.0000,-0.0694,0.0000,0.9976),velocity=Vector3.new(-1.2186, 0.0012, -19.9627),humanoidState=8,inputs={W=true,A=false,S=false,D=false,Space=false,E=false}},
    [117] = {time=0.5375,cframe=CFrame.new(-25.9361,-147.0000,51.4713,0.9973,0.0000,0.0731,0.0000,1.0000,0.0000,-0.0731,0.0000,0.9973),velocity=Vector3.new(-1.3250, 0.0012, -19.9558),humanoidState=8,inputs={W=true,A=false,S=false,D=false,Space=false,E=false}},
    [118] = {time=0.5417,cframe=CFrame.new(-25.9418,-147.0000,51.3882,0.9973,0.0000,0.0731,0.0000,1.0000,0.0000,-0.0731,0.0000,0.9973),velocity=Vector3.new(-1.3649, 0.0012, -19.9533),humanoidState=8,inputs={W=true,A=false,S=false,D=false,Space=false,E=false}},
    [119] = {time=0.5458,cframe=CFrame.new(-25.9477,-147.0000,51.3051,0.9973,0.0000,0.0731,0.0000,1.0000,0.0000,-0.0731,0.0000,0.9973),velocity=Vector3.new(-1.4251, 0.0012, -19.9491),humanoidState=8,inputs={W=true,A=false,S=false,D=false,Space=false,E=false}},
    [120] = {time=0.5500,cframe=CFrame.new(-25.9538,-147.0000,51.2219,0.9973,0.0000,0.0731,0.0000,1.0000,0.0000,-0.0731,0.0000,0.9973),velocity=Vector3.new(-1.4477, 0.0012, -19.9475),humanoidState=8,inputs={W=true,A=false,S=false,D=false,Space=false,E=false}},
    [121] = {time=0.5542,cframe=CFrame.new(-25.9598,-147.0000,51.1388,0.9971,0.0000,0.0767,0.0000,1.0000,0.0000,-0.0767,0.0000,0.9971),velocity=Vector3.new(-1.4562, 0.0012, -19.9469),humanoidState=8,inputs={W=true,A=false,S=false,D=false,Space=false,E=false}},
    [122] = {time=0.5583,cframe=CFrame.new(-25.9659,-147.0000,51.0557,0.9971,0.0000,0.0767,0.0000,1.0000,0.0000,-0.0767,0.0000,0.9971),velocity=Vector3.new(-1.4594, 0.0012, -19.9467),humanoidState=8,inputs={W=true,A=false,S=false,D=false,Space=false,E=false}},
    [123] = {time=0.5625,cframe=CFrame.new(-25.9722,-147.0000,50.9726,0.9971,0.0000,0.0767,0.0000,1.0000,0.0000,-0.0767,0.0000,0.9971),velocity=Vector3.new(-1.5058, 0.0012, -19.9432),humanoidState=8,inputs={W=true,A=false,S=false,D=false,Space=false,E=false}},
    [124] = {time=0.5667,cframe=CFrame.new(-25.9785,-147.0000,50.8895,0.9971,0.0000,0.0767,0.0000,1.0000,0.0000,-0.0767,0.0000,0.9971),velocity=Vector3.new(-1.5232, 0.0012, -19.9419),humanoidState=8,inputs={W=true,A=false,S=false,D=false,Space=false,E=false}},
    [125] = {time=0.5750,cframe=CFrame.new(-25.9849,-147.0000,50.8064,0.9968,0.0000,0.0803,0.0000,1.0000,0.0000,-0.0803,0.0000,0.9968),velocity=Vector3.new(-1.5298, 0.0012, -19.9414),humanoidState=8,inputs={W=true,A=false,S=false,D=false,Space=false,E=false}},
    [126] = {time=0.5792,cframe=CFrame.new(-25.9977,-147.0000,50.6403,0.9965,0.0000,0.0839,0.0000,1.0000,0.0000,-0.0839,0.0000,0.9965),velocity=Vector3.new(-1.5331, 0.0012, -19.9412),humanoidState=8,inputs={W=true,A=false,S=false,D=false,Space=false,E=false}},
    [127] = {time=0.5833,cframe=CFrame.new(-26.0043,-147.0000,50.5572,0.9965,0.0000,0.0839,0.0000,1.0000,0.0000,-0.0839,0.0000,0.9965),velocity=Vector3.new(-1.5787, 0.0012, -19.9376),humanoidState=8,inputs={W=true,A=false,S=false,D=false,Space=false,E=false}},
    [128] = {time=0.5875,cframe=CFrame.new(-26.0111,-147.0000,50.4741,0.9962,0.0000,0.0875,0.0000,1.0000,0.0000,-0.0875,0.0000,0.9962),velocity=Vector3.new(-1.6410, 0.0012, -19.9325),humanoidState=8,inputs={W=true,A=false,S=false,D=false,Space=false,E=false}},
    [129] = {time=0.5917,cframe=CFrame.new(-26.0180,-147.0000,50.3911,0.9962,0.0000,0.0875,0.0000,1.0000,0.0000,-0.0875,0.0000,0.9962),velocity=Vector3.new(-1.6644, 0.0012, -19.9306),humanoidState=8,inputs={W=true,A=false,S=false,D=false,Space=false,E=false}},
    [130] = {time=0.5958,cframe=CFrame.new(-26.0252,-147.0000,50.3081,0.9958,0.0000,0.0912,0.0000,1.0000,0.0000,-0.0912,0.0000,0.9958),velocity=Vector3.new(-1.7184, 0.0012, -19.9260),humanoidState=8,inputs={W=true,A=false,S=false,D=false,Space=false,E=false}},
    [131] = {time=0.6000,cframe=CFrame.new(-26.0324,-147.0000,50.2251,0.9958,0.0000,0.0912,0.0000,1.0000,0.0000,-0.0912,0.0000,0.9958),velocity=Vector3.new(-1.7386, 0.0012, -19.9243),humanoidState=8,inputs={W=true,A=false,S=false,D=false,Space=false,E=false}},
    [132] = {time=0.6042,cframe=CFrame.new(-26.0399,-147.0000,50.1421,0.9955,0.0000,0.0948,0.0000,1.0000,0.0000,-0.0948,0.0000,0.9955),velocity=Vector3.new(-1.7914, 0.0012, -19.9196),humanoidState=8,inputs={W=true,A=false,S=false,D=false,Space=false,E=false}},
    [133] = {time=0.6083,cframe=CFrame.new(-26.0474,-147.0000,50.0591,0.9955,0.0000,0.0948,0.0000,1.0000,0.0000,-0.0948,0.0000,0.9955),velocity=Vector3.new(-1.8112, 0.0012, -19.9178),humanoidState=8,inputs={W=true,A=false,S=false,D=false,Space=false,E=false}},
    [134] = {time=0.6125,cframe=CFrame.new(-26.0552,-147.0000,49.9761,0.9948,0.0000,0.1020,0.0000,1.0000,0.0000,-0.1020,0.0000,0.9948),velocity=Vector3.new(-1.8638, 0.0012, -19.9129),humanoidState=8,inputs={W=true,A=false,S=false,D=false,Space=false,E=false}},
    [135] = {time=0.6167,cframe=CFrame.new(-26.0631,-147.0000,49.8931,0.9940,0.0000,0.1092,0.0000,1.0000,0.0000,-0.1092,0.0000,0.9940),velocity=Vector3.new(-1.8835, 0.0012, -19.9111),humanoidState=8,inputs={W=true,A=false,S=false,D=false,Space=false,E=false}},
    [136] = {time=0.6208,cframe=CFrame.new(-26.0713,-147.0000,49.8102,0.9940,0.0000,0.1092,0.0000,1.0000,0.0000,-0.1092,0.0000,0.9940),velocity=Vector3.new(-1.9812, 0.0012, -19.9015),humanoidState=8,inputs={W=true,A=false,S=false,D=false,Space=false,E=false}},
    [137] = {time=0.6250,cframe=CFrame.new(-26.0801,-147.0000,49.7273,0.9928,0.0000,0.1200,0.0000,1.0000,0.0000,-0.1200,0.0000,0.9928),velocity=Vector3.new(-2.1081, 0.0012, -19.8883),humanoidState=8,inputs={W=true,A=false,S=false,D=false,Space=false,E=false}},
    [138] = {time=0.6292,cframe=CFrame.new(-26.0891,-147.0000,49.6445,0.9928,0.0000,0.1200,0.0000,1.0000,0.0000,-0.1200,0.0000,0.9928),velocity=Vector3.new(-2.1557, 0.0012, -19.8833),humanoidState=8,inputs={W=true,A=false,S=false,D=false,Space=false,E=false}},
    [139] = {time=0.6333,cframe=CFrame.new(-26.0987,-147.0000,49.5617,0.9914,0.0000,0.1308,0.0000,1.0000,0.0000,-0.1308,0.0000,0.9914),velocity=Vector3.new(-2.3088, 0.0012, -19.8659),humanoidState=8,inputs={W=true,A=false,S=false,D=false,Space=false,E=false}},
    [140] = {time=0.6375,cframe=CFrame.new(-26.1086,-147.0000,49.4790,0.9914,0.0000,0.1308,0.0000,1.0000,0.0000,-0.1308,0.0000,0.9914),velocity=Vector3.new(-2.3662, 0.0012, -19.8593),humanoidState=8,inputs={W=true,A=false,S=false,D=false,Space=false,E=false}},
    [141] = {time=0.6417,cframe=CFrame.new(-26.1191,-147.0000,49.3963,0.9904,0.0000,0.1380,0.0000,1.0000,0.0000,-0.1380,0.0000,0.9904),velocity=Vector3.new(-2.5228, 0.0012, -19.8398),humanoidState=8,inputs={W=true,A=false,S=false,D=false,Space=false,E=false}},
    [142] = {time=0.6458,cframe=CFrame.new(-26.1298,-147.0000,49.3137,0.9904,0.0000,0.1380,0.0000,1.0000,0.0000,-0.1380,0.0000,0.9904),velocity=Vector3.new(-2.5815, 0.0012, -19.8325),humanoidState=8,inputs={W=true,A=false,S=false,D=false,Space=false,E=false}},
    [143] = {time=0.6500,cframe=CFrame.new(-26.1410,-147.0000,49.2311,0.9889,0.0000,0.1488,0.0000,1.0000,0.0000,-0.1488,0.0000,0.9889),velocity=Vector3.new(-2.6935, 0.0012, -19.8175),humanoidState=8,inputs={W=true,A=false,S=false,D=false,Space=false,E=false}},
    [144] = {time=0.6583,cframe=CFrame.new(-26.1524,-147.0000,49.1486,0.9889,0.0000,0.1488,0.0000,1.0000,0.0000,-0.1488,0.0000,0.9889),velocity=Vector3.new(-2.7354, 0.0012, -19.8119),humanoidState=8,inputs={W=true,A=false,S=false,D=false,Space=false,E=false}},
    [145] = {time=0.6625,cframe=CFrame.new(-26.1767,-147.0000,48.9837,0.9872,0.0000,0.1596,0.0000,1.0000,0.0000,-0.1596,0.0000,0.9872),velocity=Vector3.new(-2.9423, 0.0012, -19.7822),humanoidState=8,inputs={W=true,A=false,S=false,D=false,Space=false,E=false}},
    [146] = {time=0.6667,cframe=CFrame.new(-26.1896,-147.0000,48.9013,0.9854,0.0000,0.1703,0.0000,1.0000,0.0000,-0.1703,0.0000,0.9854),velocity=Vector3.new(-3.0980, 0.0012, -19.7582),humanoidState=8,inputs={W=true,A=false,S=false,D=false,Space=false,E=false}},
    [147] = {time=0.6750,cframe=CFrame.new(-26.2028,-147.0000,48.8191,0.9854,0.0000,0.1703,0.0000,1.0000,0.0000,-0.1703,0.0000,0.9854),velocity=Vector3.new(-3.1564, 0.0012, -19.7491),humanoidState=8,inputs={W=true,A=false,S=false,D=false,Space=false,E=false}},
    [148] = {time=0.6792,cframe=CFrame.new(-26.2306,-147.0000,48.6547,0.9835,0.0000,0.1810,0.0000,1.0000,0.0000,-0.1810,0.0000,0.9835),velocity=Vector3.new(-3.3711, 0.0012, -19.7136),humanoidState=8,inputs={W=true,A=false,S=false,D=false,Space=false,E=false}},
    [149] = {time=0.6875,cframe=CFrame.new(-26.2453,-147.0000,48.5727,0.9807,0.0000,0.1953,0.0000,1.0000,0.0000,-0.1953,0.0000,0.9807),velocity=Vector3.new(-3.5271, 0.0012, -19.6861),humanoidState=8,inputs={W=true,A=false,S=false,D=false,Space=false,E=false}},
    [150] = {time=0.6917,cframe=CFrame.new(-26.2753,-147.0000,48.4088,0.9778,0.0000,0.2095,0.0000,1.0000,0.0000,-0.2095,0.0000,0.9778),velocity=Vector3.new(-3.6075, 0.0012, -19.6719),humanoidState=8,inputs={W=true,A=false,S=false,D=false,Space=false,E=false}},
    [151] = {time=0.6958,cframe=CFrame.new(-26.2911,-147.0000,48.3270,0.9778,0.0000,0.2095,0.0000,1.0000,0.0000,-0.2095,0.0000,0.9778),velocity=Vector3.new(-3.7940, 0.0012, -19.6363),humanoidState=8,inputs={W=true,A=false,S=false,D=false,Space=false,E=false}},
    [152] = {time=0.7000,cframe=CFrame.new(-26.3080,-147.0000,48.2453,0.9738,0.0000,0.2272,0.0000,1.0000,0.0000,-0.2272,0.0000,0.9738),velocity=Vector3.new(-4.0417, 0.0012, -19.5862),humanoidState=8,inputs={W=true,A=false,S=false,D=false,Space=false,E=false}},
    [153] = {time=0.7042,cframe=CFrame.new(-26.3252,-147.0000,48.1638,0.9738,0.0000,0.2272,0.0000,1.0000,0.0000,-0.2272,0.0000,0.9738),velocity=Vector3.new(-4.1346, 0.0012, -19.5674),humanoidState=8,inputs={W=true,A=false,S=false,D=false,Space=false,E=false}},
    [154] = {time=0.7125,cframe=CFrame.new(-26.3435,-147.0000,48.0825,0.9696,0.0000,0.2449,0.0000,1.0000,0.0000,-0.2449,0.0000,0.9696),velocity=Vector3.new(-4.3908, 0.0012, -19.5108),humanoidState=8,inputs={W=true,A=false,S=false,D=true,Space=false,E=false}},
